~o
<STREAMINFO> 1 13
<VECSIZE> 13<NULLD><MFCC_0><DIAGC>
~h "rx"
<BEGINHMM>
<NUMSTATES> 12
<STATE> 2
<MEAN> 13
 1.933466e+00 -2.002366e-01 1.279164e+00 1.917593e+00 -5.032280e+00 -5.750657e+00 -1.713608e+01 -9.424252e+00 -3.240214e+00 -7.990405e-01 -5.144822e+00 -3.616084e+00 6.500648e+01
<VARIANCE> 13
 1.678422e+01 3.261583e+01 3.271640e+01 4.580686e+01 5.197104e+01 7.020016e+01 7.823368e+01 6.727509e+01 5.473659e+01 3.854841e+01 3.779721e+01 3.272236e+01 3.945201e+01
<GCONST> 7.273031e+01
<STATE> 3
<MEAN> 13
 -6.274855e-01 -6.429973e+00 9.325159e+00 -1.134461e+00 -1.565233e+01 -6.149735e+00 -1.888806e+01 1.622412e+00 -3.562821e+00 -5.230537e+00 8.232774e-01 -2.556436e+00 7.400749e+01
<VARIANCE> 13
 9.919219e+00 4.459349e+01 4.187436e+01 4.460105e+01 2.599175e+01 3.892271e+01 5.950640e+01 4.449492e+01 4.979491e+01 4.147203e+01 3.973455e+01 3.823109e+01 1.122470e+01
<GCONST> 6.969463e+01
<STATE> 4
<MEAN> 13
 -7.254291e+00 -7.971904e-01 1.431849e+01 -8.647916e+00 -1.635836e+01 -6.997580e+00 -1.477238e+01 -4.112539e+00 -1.274211e+01 -1.504384e+00 -2.789256e+00 -2.373295e+00 7.202828e+01
<VARIANCE> 13
 1.146567e+01 5.400155e+01 6.469902e+01 8.609809e+01 5.613650e+01 4.528130e+01 4.101616e+01 6.802670e+01 4.377457e+01 4.191349e+01 9.384912e+01 4.303056e+01 3.593773e+01
<GCONST> 7.412060e+01
<STATE> 5
<MEAN> 13
 -1.714588e+01 1.241512e+01 1.023464e+01 5.236398e-02 -1.870082e+00 -5.394434e+00 -2.021034e+00 -4.196718e+00 -3.496850e+00 -1.567933e+00 -8.696209e-01 9.413382e-01 6.929222e+01
<VARIANCE> 13
 2.990136e+01 1.408084e+01 2.481818e+01 1.946076e+01 3.445412e+01 4.335492e+01 3.389762e+01 3.574796e+01 2.575822e+01 2.898842e+01 2.264081e+01 2.166986e+01 1.247010e+01
<GCONST> 6.585864e+01
<STATE> 6
<MEAN> 13
 -2.777628e+01 7.729147e+00 5.387031e-01 -7.045974e+00 -4.355555e+00 -6.643061e+00 -2.939459e+00 -3.892477e+00 -2.690187e+00 5.733984e-02 -9.879825e-01 1.951343e-01 6.823203e+01
<VARIANCE> 13
 1.014413e+01 2.255493e+01 2.978058e+01 2.804354e+01 2.239881e+01 4.425870e+01 3.481665e+01 2.716901e+01 2.574843e+01 2.625009e+01 2.183494e+01 1.810964e+01 1.744042e+01
<GCONST> 6.515889e+01
<STATE> 7
<MEAN> 13
 -1.375800e+01 9.659882e+00 1.076642e+01 -2.711945e+00 -6.276223e+00 -4.800558e+00 -4.713904e+00 -7.121027e+00 -5.355392e+00 -2.739585e+00 -1.826245e+00 -1.335228e+00 6.762213e+01
<VARIANCE> 13
 3.094585e+01 1.985512e+01 2.382398e+01 1.573263e+01 3.514936e+01 4.102977e+01 2.669877e+01 3.069691e+01 2.632524e+01 2.533629e+01 2.304244e+01 2.054732e+01 1.934868e+01
<GCONST> 6.584768e+01
<STATE> 8
<MEAN> 13
 -5.499202e+00 3.305089e+00 1.591305e+01 -9.193096e+00 -1.493154e+01 5.039258e-01 -1.041306e+01 -5.560970e+00 -1.027751e+01 -4.288163e-02 2.588634e+00 -5.344449e+00 7.209913e+01
<VARIANCE> 13
 1.145320e+01 2.067336e+01 2.109294e+01 3.790600e+01 4.085695e+01 5.752881e+01 3.912677e+01 4.778756e+01 3.888944e+01 5.076624e+01 3.340517e+01 3.421918e+01 1.150283e+01
<GCONST> 6.841154e+01
<STATE> 9
<MEAN> 13
 -3.625576e+00 2.925904e+00 4.144579e+00 -1.241766e+01 -1.167624e+01 -6.560966e+00 -1.593979e+01 -1.082863e+01 -1.020633e+01 -5.166448e+00 -8.987596e+00 -4.254320e+00 6.500415e+01
<VARIANCE> 13
 1.633379e+01 2.828233e+01 4.059757e+01 1.000167e+02 3.662074e+01 7.696056e+01 7.481926e+01 6.731796e+01 4.235822e+01 7.129606e+01 6.563452e+01 5.708566e+01 4.694192e+01
<GCONST> 7.489590e+01
<STATE> 10
<MEAN> 13
 9.396298e-01 3.756825e+00 7.078411e+00 2.152657e+00 -7.344099e+00 -3.345035e+00 -6.012354e+00 -6.701415e+00 -7.467192e+00 2.315902e-01 -2.569883e+00 -6.011442e+00 6.627709e+01
<VARIANCE> 13
 8.013512e+00 2.282884e+01 2.891116e+01 3.587815e+01 3.466255e+01 3.632641e+01 4.188094e+01 4.674105e+01 5.340533e+01 4.841500e+01 4.490875e+01 3.647225e+01 2.255640e+01
<GCONST> 6.913850e+01
<STATE> 11
<MEAN> 13
 -5.181598e+00 1.388408e+00 3.627141e+00 -1.338483e+00 -2.816496e+00 -8.403193e-01 -4.745349e+00 -3.108134e+00 -2.641722e+00 -1.540833e+00 -3.402751e+00 -3.125025e+00 5.771799e+01
<VARIANCE> 13
 1.711294e+01 2.393941e+01 4.048868e+01 3.358428e+01 3.499872e+01 3.508192e+01 4.203533e+01 3.478637e+01 3.361348e+01 2.596297e+01 2.050047e+01 2.136676e+01 3.102628e+01
<GCONST> 6.781229e+01
<TRANSP> 12
 0.000000e+00 1.000000e+00 0.000000e+00 0.000000e+00 0.000000e+00 0.000000e+00 0.000000e+00 0.000000e+00 0.000000e+00 0.000000e+00 0.000000e+00 0.000000e+00
 0.000000e+00 7.919589e-01 2.080411e-01 0.000000e+00 0.000000e+00 0.000000e+00 0.000000e+00 0.000000e+00 0.000000e+00 0.000000e+00 0.000000e+00 0.000000e+00
 0.000000e+00 0.000000e+00 8.187488e-01 1.812511e-01 0.000000e+00 0.000000e+00 0.000000e+00 0.000000e+00 0.000000e+00 0.000000e+00 0.000000e+00 0.000000e+00
 0.000000e+00 0.000000e+00 0.000000e+00 8.148214e-01 1.851786e-01 0.000000e+00 0.000000e+00 0.000000e+00 0.000000e+00 0.000000e+00 0.000000e+00 0.000000e+00
 0.000000e+00 0.000000e+00 0.000000e+00 0.000000e+00 7.042002e-01 2.957998e-01 0.000000e+00 0.000000e+00 0.000000e+00 0.000000e+00 0.000000e+00 0.000000e+00
 0.000000e+00 0.000000e+00 0.000000e+00 0.000000e+00 0.000000e+00 8.635298e-01 1.364702e-01 0.000000e+00 0.000000e+00 0.000000e+00 0.000000e+00 0.000000e+00
 0.000000e+00 0.000000e+00 0.000000e+00 0.000000e+00 0.000000e+00 0.000000e+00 4.808167e-01 5.191833e-01 0.000000e+00 0.000000e+00 0.000000e+00 0.000000e+00
 0.000000e+00 0.000000e+00 0.000000e+00 0.000000e+00 0.000000e+00 0.000000e+00 0.000000e+00 8.203623e-01 1.796376e-01 0.000000e+00 0.000000e+00 0.000000e+00
 0.000000e+00 0.000000e+00 0.000000e+00 0.000000e+00 0.000000e+00 0.000000e+00 0.000000e+00 0.000000e+00 7.185524e-01 2.814476e-01 0.000000e+00 0.000000e+00
 0.000000e+00 0.000000e+00 0.000000e+00 0.000000e+00 0.000000e+00 0.000000e+00 0.000000e+00 0.000000e+00 0.000000e+00 8.226169e-01 1.773831e-01 0.000000e+00
 0.000000e+00 0.000000e+00 0.000000e+00 0.000000e+00 0.000000e+00 0.000000e+00 0.000000e+00 0.000000e+00 0.000000e+00 0.000000e+00 8.084424e-01 1.915576e-01
 0.000000e+00 0.000000e+00 0.000000e+00 0.000000e+00 0.000000e+00 0.000000e+00 0.000000e+00 0.000000e+00 0.000000e+00 0.000000e+00 0.000000e+00 0.000000e+00
<ENDHMM>
