~o
<STREAMINFO> 1 13
<VECSIZE> 13<NULLD><MFCC_0><DIAGC>
~h "sil"
<BEGINHMM>
<NUMSTATES> 12
<STATE> 2
<MEAN> 13
 -7.597713e+00 -2.326259e+00 -4.153131e+00 -3.171994e+00 1.353892e+00 -8.119522e-01 -1.363324e+00 -4.831593e-01 -9.489530e-01 1.999152e+00 -2.437139e+00 -4.798247e+00 5.804927e+01
<VARIANCE> 13
 3.227247e+01 1.951828e+01 1.662173e+01 2.343583e+01 3.811814e+01 3.053111e+01 2.984115e+01 2.826137e+01 2.755604e+01 2.903265e+01 2.090090e+01 2.684914e+01 2.187889e+01
<GCONST> 6.619996e+01
<STATE> 3
<MEAN> 13
 -7.105953e+00 -4.133228e+00 -6.330620e+00 -6.524983e+00 -3.643818e+00 -1.612827e+00 -3.502067e+00 -2.428760e+00 -5.664670e-01 -2.972475e-01 -2.083055e+00 -2.877626e+00 5.443633e+01
<VARIANCE> 13
 7.987390e+00 1.016723e+01 2.067200e+01 2.132295e+01 2.089703e+01 2.349479e+01 2.004167e+01 2.311678e+01 2.468060e+01 2.394625e+01 2.061278e+01 2.151754e+01 1.232594e+01
<GCONST> 6.170107e+01
<STATE> 4
<MEAN> 13
 -8.848497e+00 -3.006464e+00 -2.616580e+00 -1.897002e+00 -9.432305e-01 -1.621116e+00 -2.256356e+00 -1.205554e+00 -1.048568e+00 -1.492972e+00 -2.240011e+00 -7.940790e-01 5.257801e+01
<VARIANCE> 13
 5.250033e+00 7.843976e+00 9.378073e+00 1.133259e+01 1.671878e+01 2.085346e+01 1.817485e+01 1.871799e+01 1.685678e+01 1.624652e+01 1.673834e+01 1.487761e+01 8.818259e+00
<GCONST> 5.726704e+01
<STATE> 5
<MEAN> 13
 -1.228460e+01 -7.208056e+00 -3.722200e+00 -2.285694e+00 1.071642e-01 -3.184892e+00 -2.285556e+00 -2.560556e-01 -1.920782e+00 -2.148150e+00 -7.446927e-01 6.217160e-02 5.887305e+01
<VARIANCE> 13
 1.454401e+01 2.102606e+01 1.963342e+01 1.723692e+01 4.051946e+01 4.270951e+01 3.257310e+01 3.510180e+01 3.200440e+01 2.665634e+01 2.784809e+01 2.250451e+01 2.502021e+01
<GCONST> 6.634664e+01
<STATE> 6
<MEAN> 13
 -8.416628e+00 -3.203282e+00 -3.641423e+00 -5.069160e+00 -3.184259e+00 -2.430134e+00 -4.479244e+00 -2.713649e+00 -1.847366e+00 -1.770872e+00 -2.773533e+00 -1.002705e+00 5.414797e+01
<VARIANCE> 13
 4.161976e+00 7.350337e+00 8.277907e+00 1.186589e+01 1.388533e+01 1.647968e+01 1.664643e+01 1.949172e+01 2.052427e+01 1.943019e+01 1.719433e+01 1.574743e+01 4.311684e+00
<GCONST> 5.616656e+01
<STATE> 7
<MEAN> 13
 -1.216667e+01 -2.502476e+00 -3.939028e+00 -5.020682e+00 -2.749929e+00 -2.815447e+00 -4.859687e+00 -2.234451e+00 -2.347436e+00 -2.224479e+00 -2.074758e+00 -1.890382e+00 5.551348e+01
<VARIANCE> 13
 1.103700e+01 8.491415e+00 9.667747e+00 1.516286e+01 1.280834e+01 1.958619e+01 1.722535e+01 2.540372e+01 1.942325e+01 2.181809e+01 1.926466e+01 1.520577e+01 1.010175e+01
<GCONST> 5.906842e+01
<STATE> 8
<MEAN> 13
 -7.308786e+00 -2.307559e+00 -1.849623e+00 -5.919851e+00 -5.543657e+00 -2.495841e+00 -5.557321e+00 -3.372837e+00 -1.136469e+00 -2.213341e+00 -1.608049e+00 -2.155223e+00 5.767527e+01
<VARIANCE> 13
 1.568414e+01 2.604592e+01 5.597986e+01 5.261687e+01 2.721517e+01 2.967135e+01 2.828949e+01 4.101094e+01 2.638235e+01 3.152978e+01 3.870533e+01 2.370719e+01 3.098992e+01
<GCONST> 6.862228e+01
<STATE> 9
<MEAN> 13
 -1.057253e+01 -1.747021e+00 -3.785358e+00 -1.654336e+00 -5.624235e-01 1.861406e-01 -2.335656e+00 -4.055125e-01 -1.291574e+00 -1.363807e+00 -1.624774e+00 2.560070e-01 4.579668e+01
<VARIANCE> 13
 1.142464e+01 9.452802e+00 1.668529e+01 1.869504e+01 1.798793e+01 2.073527e+01 1.802352e+01 2.474937e+01 2.136026e+01 1.832910e+01 1.851154e+01 1.609109e+01 5.331386e+01
<GCONST> 6.198217e+01
<STATE> 10
<MEAN> 13
 -8.521008e+00 -2.758324e+00 -3.117018e+00 -3.428985e+00 -3.091158e+00 -1.470839e+00 -3.009664e+00 -1.455564e+00 -8.779233e-01 -1.040639e+00 -1.553493e+00 -5.512736e-01 4.984042e+01
<VARIANCE> 13
 7.267083e+00 4.960702e+00 7.578288e+00 1.066362e+01 1.229249e+01 1.520844e+01 1.589691e+01 1.771843e+01 1.689341e+01 1.718172e+01 1.739535e+01 1.574958e+01 6.961521e+00
<GCONST> 5.596518e+01
<STATE> 11
<MEAN> 13
 -9.223769e+00 -1.968602e+00 -2.649071e+00 -2.621758e+00 -6.848286e-01 -1.466704e+00 -3.570884e+00 -2.640518e+00 -2.635556e+00 -2.003853e+00 -1.586772e+00 -5.859747e-01 5.523211e+01
<VARIANCE> 13
 1.740253e+01 3.239302e+01 3.169323e+01 2.300396e+01 3.817625e+01 3.406678e+01 3.131356e+01 2.904514e+01 2.773546e+01 2.783369e+01 3.018371e+01 2.530902e+01 3.030165e+01
<GCONST> 6.750079e+01
<TRANSP> 12
 0.000000e+00 1.000000e+00 0.000000e+00 0.000000e+00 0.000000e+00 0.000000e+00 0.000000e+00 0.000000e+00 0.000000e+00 0.000000e+00 0.000000e+00 0.000000e+00
 0.000000e+00 7.148901e-01 2.851100e-01 0.000000e+00 0.000000e+00 0.000000e+00 0.000000e+00 0.000000e+00 0.000000e+00 0.000000e+00 0.000000e+00 0.000000e+00
 0.000000e+00 0.000000e+00 7.600912e-01 2.399087e-01 0.000000e+00 0.000000e+00 0.000000e+00 0.000000e+00 0.000000e+00 0.000000e+00 0.000000e+00 0.000000e+00
 0.000000e+00 0.000000e+00 0.000000e+00 8.316743e-01 1.683257e-01 0.000000e+00 0.000000e+00 0.000000e+00 0.000000e+00 0.000000e+00 0.000000e+00 0.000000e+00
 0.000000e+00 0.000000e+00 0.000000e+00 0.000000e+00 8.055727e-01 1.944272e-01 0.000000e+00 0.000000e+00 0.000000e+00 0.000000e+00 0.000000e+00 0.000000e+00
 0.000000e+00 0.000000e+00 0.000000e+00 0.000000e+00 0.000000e+00 8.595427e-01 1.404573e-01 0.000000e+00 0.000000e+00 0.000000e+00 0.000000e+00 0.000000e+00
 0.000000e+00 0.000000e+00 0.000000e+00 0.000000e+00 0.000000e+00 0.000000e+00 7.546474e-01 2.453526e-01 0.000000e+00 0.000000e+00 0.000000e+00 0.000000e+00
 0.000000e+00 0.000000e+00 0.000000e+00 0.000000e+00 0.000000e+00 0.000000e+00 0.000000e+00 6.675366e-01 3.324634e-01 0.000000e+00 0.000000e+00 0.000000e+00
 0.000000e+00 0.000000e+00 0.000000e+00 0.000000e+00 0.000000e+00 0.000000e+00 0.000000e+00 0.000000e+00 6.946741e-01 3.053259e-01 0.000000e+00 0.000000e+00
 0.000000e+00 0.000000e+00 0.000000e+00 0.000000e+00 0.000000e+00 0.000000e+00 0.000000e+00 0.000000e+00 0.000000e+00 8.687366e-01 1.312634e-01 0.000000e+00
 0.000000e+00 0.000000e+00 0.000000e+00 0.000000e+00 0.000000e+00 0.000000e+00 0.000000e+00 0.000000e+00 0.000000e+00 0.000000e+00 5.728198e-01 4.271802e-01
 0.000000e+00 0.000000e+00 0.000000e+00 0.000000e+00 0.000000e+00 0.000000e+00 0.000000e+00 0.000000e+00 0.000000e+00 0.000000e+00 0.000000e+00 0.000000e+00
<ENDHMM>
