~o
<STREAMINFO> 1 13
<VECSIZE> 13<NULLD><MFCC_0><DIAGC>
~h "lx"
<BEGINHMM>
<NUMSTATES> 12
<STATE> 2
<MEAN> 13
 -3.364932e+00 3.787487e+00 9.759488e+00 1.031962e+00 -4.579655e+00 -6.804738e+00 -8.753456e+00 -4.788764e+00 -6.900259e+00 -2.874227e+00 -3.106930e+00 -1.541859e+00 6.344604e+01
<VARIANCE> 13
 1.500468e+01 2.363114e+01 5.057687e+01 4.556949e+01 5.094460e+01 7.596357e+01 7.364522e+01 4.713437e+01 5.014540e+01 4.056911e+01 3.972033e+01 2.561077e+01 5.423560e+01
<GCONST> 7.245547e+01
<STATE> 3
<MEAN> 13
 -3.952541e+00 2.336000e+00 1.682500e+01 -5.824474e+00 -1.529516e+01 -7.504255e-01 -1.211694e+01 -2.140873e+00 -1.218350e+01 -1.815341e-01 4.097587e+00 -3.242723e+00 7.251772e+01
<VARIANCE> 13
 1.062582e+01 2.595206e+01 3.658008e+01 7.472988e+01 3.910585e+01 4.720033e+01 4.061979e+01 4.729760e+01 4.169970e+01 4.827748e+01 2.766952e+01 3.858552e+01 1.343272e+01
<GCONST> 6.968507e+01
<STATE> 4
<MEAN> 13
 -4.360023e+00 7.414206e+00 8.184769e+00 -8.631073e+00 -1.338432e+01 -3.908409e+00 -1.215370e+01 -1.114997e+01 -9.864789e+00 -8.513411e-01 -5.661533e+00 -4.285886e+00 6.889303e+01
<VARIANCE> 13
 1.859882e+01 2.931655e+01 2.591091e+01 1.163834e+02 4.088270e+01 4.604573e+01 1.092598e+02 6.057289e+01 3.708759e+01 5.554976e+01 1.041046e+02 3.701456e+01 2.812737e+01
<GCONST> 7.376714e+01
<STATE> 5
<MEAN> 13
 -1.595316e+01 1.497603e+01 6.319490e+00 1.104930e+00 -1.997955e+00 -5.181847e+00 -8.179030e-01 -7.916789e+00 -5.490886e+00 -4.030528e+00 -1.856321e+00 -9.632065e-01 6.981737e+01
<VARIANCE> 13
 4.264421e+01 1.561730e+01 3.030859e+01 3.241565e+01 3.320641e+01 5.501880e+01 4.171794e+01 3.883471e+01 2.507625e+01 3.534751e+01 2.932203e+01 2.838974e+01 1.664877e+01
<GCONST> 6.850826e+01
<STATE> 6
<MEAN> 13
 -2.883821e+01 8.387490e+00 -4.797109e-01 -6.012885e+00 -2.829270e+00 -5.080564e+00 -1.487330e+00 -5.284542e+00 -3.650839e+00 -5.852101e-01 -1.318875e+00 -7.801636e-01 6.931500e+01
<VARIANCE> 13
 1.062930e+01 2.020855e+01 3.044007e+01 2.688621e+01 1.920967e+01 2.934407e+01 4.271304e+01 3.471688e+01 2.696151e+01 2.092832e+01 2.433318e+01 1.747018e+01 1.879077e+01
<GCONST> 6.492695e+01
<STATE> 7
<MEAN> 13
 -1.869473e+01 1.066686e+01 9.626004e+00 -2.978586e+00 -3.981709e+00 -6.628787e+00 -4.870345e+00 -7.435200e+00 -6.920119e+00 -3.908018e+00 -2.979204e+00 -1.207381e+00 7.012116e+01
<VARIANCE> 13
 2.392150e+01 1.987881e+01 2.110331e+01 2.103513e+01 2.806327e+01 3.070335e+01 3.400922e+01 4.074765e+01 2.264891e+01 2.020907e+01 1.888506e+01 1.667733e+01 2.693394e+01
<GCONST> 6.531737e+01
<STATE> 8
<MEAN> 13
 -1.115243e+01 6.855842e+00 1.310836e+01 -3.584999e+00 -1.293229e+01 -8.918656e+00 -1.114325e+01 -1.233800e+01 -1.022853e+01 -4.970976e+00 -5.669150e-01 -9.104555e-01 7.324938e+01
<VARIANCE> 13
 1.194862e+01 1.663612e+01 3.318829e+01 4.015695e+01 2.658568e+01 4.638247e+01 4.395251e+01 5.317940e+01 2.594764e+01 3.863564e+01 2.064648e+01 5.401253e+01 1.574669e+01
<GCONST> 6.793731e+01
<STATE> 9
<MEAN> 13
 -7.233759e+00 1.020389e+00 1.962661e+01 -5.375425e+00 -1.682103e+01 -4.502588e+00 -1.674108e+01 -6.628115e+00 -1.336230e+01 -5.609916e+00 3.249524e+00 -2.232997e+00 7.357854e+01
<VARIANCE> 13
 1.054540e+01 2.211794e+01 2.350561e+01 5.580053e+01 2.492802e+01 4.568860e+01 3.010560e+01 4.749988e+01 4.762430e+01 5.105855e+01 2.510343e+01 1.983665e+01 1.114641e+01
<GCONST> 6.724475e+01
<STATE> 10
<MEAN> 13
 -8.579454e+00 2.076601e+00 1.138876e+01 -1.289221e+01 -1.457504e+01 -7.380580e+00 -1.719840e+01 -1.031710e+01 -1.261809e+01 -3.868171e+00 -7.388533e+00 -3.650777e+00 6.525190e+01
<VARIANCE> 13
 1.980273e+01 2.779567e+01 2.606618e+01 1.044577e+02 3.001735e+01 3.858903e+01 5.567449e+01 4.424607e+01 2.697149e+01 2.579427e+01 9.618877e+01 3.827563e+01 3.770532e+01
<GCONST> 7.136242e+01
<STATE> 11
<MEAN> 13
 -5.908126e+00 2.309645e+00 7.519667e+00 -1.258820e+00 -6.330507e+00 -2.320240e+00 -6.702864e+00 -5.769496e+00 -5.589445e+00 -2.234491e+00 -1.971269e+00 -2.931451e+00 6.001821e+01
<VARIANCE> 13
 1.792600e+01 3.137846e+01 4.999112e+01 4.463644e+01 4.918594e+01 4.001224e+01 4.516861e+01 3.661202e+01 3.256510e+01 3.264719e+01 2.740724e+01 2.092884e+01 4.738927e+01
<GCONST> 7.011008e+01
<TRANSP> 12
 0.000000e+00 1.000000e+00 0.000000e+00 0.000000e+00 0.000000e+00 0.000000e+00 0.000000e+00 0.000000e+00 0.000000e+00 0.000000e+00 0.000000e+00 0.000000e+00
 0.000000e+00 7.202745e-01 2.797255e-01 0.000000e+00 0.000000e+00 0.000000e+00 0.000000e+00 0.000000e+00 0.000000e+00 0.000000e+00 0.000000e+00 0.000000e+00
 0.000000e+00 0.000000e+00 8.776309e-01 1.223691e-01 0.000000e+00 0.000000e+00 0.000000e+00 0.000000e+00 0.000000e+00 0.000000e+00 0.000000e+00 0.000000e+00
 0.000000e+00 0.000000e+00 0.000000e+00 8.262104e-01 1.737897e-01 0.000000e+00 0.000000e+00 0.000000e+00 0.000000e+00 0.000000e+00 0.000000e+00 0.000000e+00
 0.000000e+00 0.000000e+00 0.000000e+00 0.000000e+00 7.169728e-01 2.830273e-01 0.000000e+00 0.000000e+00 0.000000e+00 0.000000e+00 0.000000e+00 0.000000e+00
 0.000000e+00 0.000000e+00 0.000000e+00 0.000000e+00 0.000000e+00 8.640598e-01 1.359402e-01 0.000000e+00 0.000000e+00 0.000000e+00 0.000000e+00 0.000000e+00
 0.000000e+00 0.000000e+00 0.000000e+00 0.000000e+00 0.000000e+00 0.000000e+00 3.010223e-01 6.989777e-01 0.000000e+00 0.000000e+00 0.000000e+00 0.000000e+00
 0.000000e+00 0.000000e+00 0.000000e+00 0.000000e+00 0.000000e+00 0.000000e+00 0.000000e+00 5.777547e-01 4.222454e-01 0.000000e+00 0.000000e+00 0.000000e+00
 0.000000e+00 0.000000e+00 0.000000e+00 0.000000e+00 0.000000e+00 0.000000e+00 0.000000e+00 0.000000e+00 8.884401e-01 1.115599e-01 0.000000e+00 0.000000e+00
 0.000000e+00 0.000000e+00 0.000000e+00 0.000000e+00 0.000000e+00 0.000000e+00 0.000000e+00 0.000000e+00 0.000000e+00 7.861555e-01 2.138446e-01 0.000000e+00
 0.000000e+00 0.000000e+00 0.000000e+00 0.000000e+00 0.000000e+00 0.000000e+00 0.000000e+00 0.000000e+00 0.000000e+00 0.000000e+00 8.050097e-01 1.949903e-01
 0.000000e+00 0.000000e+00 0.000000e+00 0.000000e+00 0.000000e+00 0.000000e+00 0.000000e+00 0.000000e+00 0.000000e+00 0.000000e+00 0.000000e+00 0.000000e+00
<ENDHMM>
