~o
<STREAMINFO> 1 52
<VECSIZE> 52<NULLD><MFCC_D_A_T_0><DIAGC>
~h "rx"
<BEGINHMM>
<NUMSTATES> 12
<STATE> 2
<NUMMIXES> 3
<MIXTURE> 1 2.750810e-01
<MEAN> 52
 -2.964343e+00 -1.485592e+01 1.563978e-01 -1.140019e+01 -1.353315e+01 -1.429896e+01 -1.833190e+01 -1.436016e-01 -5.037876e+00 -6.949879e+00 -1.336318e+01 2.515844e+00 7.132376e+01 -1.079753e+00 -8.102912e-01 8.612260e-01 -2.453414e+00 -5.156204e-01 6.138732e-01 1.869133e+00 1.974979e+00 -6.071942e-01 9.972199e-01 3.762969e-02 1.024153e-01 1.940167e+00 -2.830359e-01 7.696922e-01 -2.607044e-02 9.762876e-02 1.765232e-01 9.988138e-02 7.006029e-01 -5.767378e-01 -3.853855e-01 3.267770e-01 3.163786e-01 -2.429455e-01 -4.571007e-01 1.721549e-01 5.105445e-02 3.868503e-02 2.574264e-01 -9.064164e-02 -1.826239e-01 -3.657157e-01 -3.730552e-01 6.354571e-03 -6.262717e-02 -8.489827e-02 3.165434e-02 -4.924991e-02
<VARIANCE> 52
 1.352940e+01 2.796952e+01 3.330998e+01 7.891063e+01 4.838690e+01 3.599725e+01 8.523434e+01 6.669456e+01 6.141934e+01 3.130225e+01 4.700007e+01 2.527070e+01 2.925142e+01 6.367561e-01 2.662953e+00 2.250646e+00 3.951167e+00 3.343047e+00 2.960055e+00 3.689675e+00 5.110168e+00 6.221690e+00 2.600219e+00 3.957845e+00 2.103248e+00 8.404194e-01 1.814851e-01 3.249704e-01 4.067419e-01 9.144184e-01 6.159599e-01 6.725354e-01 9.520394e-01 1.173970e+00 8.986409e-01 4.449350e-01 5.949784e-01 3.353114e-01 1.864529e-01 3.264612e-02 1.025381e-01 1.021882e-01 1.850822e-01 1.420694e-01 1.508867e-01 1.405081e-01 2.085658e-01 2.471701e-01 1.196152e-01 1.700979e-01 8.531460e-02 3.442290e-02
<GCONST> 1.192152e+02
<MIXTURE> 2 3.612624e-01
<MEAN> 52
 1.970862e+00 1.758308e+00 1.819221e+00 1.583404e+00 -3.606405e+00 -4.964638e+00 -1.623589e+01 -1.111577e+01 -4.270854e+00 -3.599472e-01 -5.985424e+00 -4.928091e+00 6.378667e+01 4.183789e-01 -5.865747e-01 -1.147666e-01 2.908999e-01 -3.421758e-01 -7.594050e-01 -1.429465e+00 3.041636e-01 4.918922e-01 1.717602e-01 1.307961e-01 1.855115e-01 6.069492e-01 -7.271194e-02 -2.275447e-01 1.361634e-01 -1.271929e-01 -3.919707e-01 8.999285e-02 1.407519e-01 3.799696e-01 -6.168391e-02 -1.462601e-01 1.428074e-01 8.414233e-02 2.075702e-01 -6.684218e-02 3.607802e-03 5.778309e-02 -4.075548e-02 -2.775840e-02 5.952709e-02 8.271406e-02 3.103116e-02 -4.651443e-02 -7.052150e-03 1.635780e-02 -2.279420e-02 1.618594e-02
<VARIANCE> 52
 1.505902e+01 1.896113e+01 3.754154e+01 4.386782e+01 4.690967e+01 4.455297e+01 8.077199e+01 7.767265e+01 4.342966e+01 3.135720e+01 3.722749e+01 2.509351e+01 3.338282e+01 3.465909e-01 1.036368e+00 1.153155e+00 1.975530e+00 2.603650e+00 2.074026e+00 3.009867e+00 4.223603e+00 2.440680e+00 2.025560e+00 2.317330e+00 1.946679e+00 3.633838e-01 8.217268e-02 2.272372e-01 2.436507e-01 3.302120e-01 4.449833e-01 4.055977e-01 4.697327e-01 7.711464e-01 4.794484e-01 3.970003e-01 4.565724e-01 3.797517e-01 9.583007e-02 1.398889e-02 4.396864e-02 4.868182e-02 7.919757e-02 9.631350e-02 9.442444e-02 9.978054e-02 1.336564e-01 1.150313e-01 9.039389e-02 1.030694e-01 8.573095e-02 1.456347e-02
<GCONST> 9.822639e+01
<MIXTURE> 3 3.636566e-01
<MEAN> 52
 6.637356e-02 -1.889068e+00 -6.233328e-01 1.005994e+00 -5.119569e+00 -8.565042e+00 -1.732330e+01 -8.277194e+00 -4.269945e+00 -3.914950e+00 -6.900657e+00 -1.094211e+00 6.174149e+01 1.521711e+00 -1.925822e+00 7.137856e-01 1.006236e-01 -1.958479e+00 -1.605397e+00 -2.975078e+00 3.119389e-01 3.756448e-02 -6.082718e-01 -6.390578e-01 4.252213e-01 3.283093e+00 -5.156162e-01 -6.234026e-01 7.406989e-02 -6.686320e-01 -4.341626e-01 3.980994e-01 3.779417e-01 7.033173e-01 1.734086e-01 6.730848e-02 1.502873e-01 -5.157870e-02 2.505830e-01 -2.488251e-01 2.683862e-01 1.178815e-02 -9.602409e-02 1.948185e-01 2.042825e-01 4.322103e-01 4.909533e-02 -5.281584e-02 6.330520e-02 1.115619e-01 -7.423500e-02 -3.186010e-01
<VARIANCE> 52
 2.800173e+01 4.500259e+01 3.416388e+01 3.805805e+01 3.508620e+01 7.622787e+01 7.940839e+01 4.142235e+01 4.232465e+01 4.458006e+01 4.629692e+01 2.884840e+01 4.113819e+01 3.020887e+00 5.321019e+00 3.046622e+00 4.379052e+00 4.766199e+00 6.832270e+00 7.807382e+00 6.446743e+00 4.178146e+00 3.703022e+00 4.515937e+00 2.913757e+00 1.761487e+00 4.951656e-01 6.329778e-01 5.205484e-01 6.162524e-01 7.583699e-01 1.245369e+00 1.512732e+00 8.379086e-01 7.514682e-01 7.016467e-01 8.466536e-01 5.505373e-01 4.244591e-01 1.051488e-01 2.163342e-01 1.142244e-01 1.657268e-01 1.870400e-01 2.724465e-01 2.712133e-01 2.572148e-01 1.766481e-01 1.592053e-01 1.644310e-01 1.217870e-01 6.109643e-02
<GCONST> 1.349332e+02
<STATE> 3
<NUMMIXES> 3
<MIXTURE> 1 4.393652e-01
<MEAN> 52
 -1.162281e+00 -7.160974e+00 9.263482e+00 -2.973064e+00 -1.570343e+01 -8.031628e+00 -1.810173e+01 3.698190e+00 -4.642221e+00 -4.132527e+00 8.520101e-01 -2.838065e+00 7.485246e+01 -1.073694e+00 6.868705e-01 1.810498e+00 -3.628792e-01 -1.041316e+00 -4.549645e-01 1.552903e+00 1.426133e-01 -1.707315e+00 -3.995772e-01 1.415947e+00 2.782194e-01 4.008403e-01 -1.913209e-02 4.277171e-01 1.563131e-01 1.936980e-01 2.580117e-01 3.295375e-01 1.047233e-01 -7.860018e-01 -1.646949e-01 2.221951e-01 -1.095745e-01 -1.705440e-02 -3.225124e-01 5.065210e-02 -7.185484e-02 -1.158727e-01 -2.841424e-02 1.267053e-01 6.962948e-02 -2.232057e-01 7.085261e-02 2.478348e-01 3.852143e-02 -1.881151e-01 -1.920066e-02 1.766952e-02
<VARIANCE> 52
 9.224013e+00 4.693588e+01 3.301866e+01 4.552506e+01 2.923347e+01 3.895892e+01 4.766149e+01 4.394977e+01 5.879561e+01 3.681298e+01 3.415824e+01 3.506687e+01 1.078926e+01 3.772702e-01 6.807259e-01 1.095557e+00 1.359083e+00 1.362003e+00 1.437834e+00 1.524984e+00 2.755073e+00 1.855549e+00 1.779348e+00 1.634401e+00 1.283677e+00 2.215984e-01 5.724058e-02 1.217103e-01 1.753394e-01 2.217267e-01 2.503121e-01 2.924609e-01 3.517087e-01 4.336442e-01 3.702621e-01 3.067138e-01 4.236940e-01 1.932584e-01 3.977714e-02 1.418486e-02 2.318219e-02 3.913578e-02 5.235638e-02 6.160127e-02 7.372387e-02 6.435305e-02 1.138493e-01 7.837833e-02 6.188550e-02 7.400156e-02 5.694630e-02 9.547124e-03
<GCONST> 8.178019e+01
<MIXTURE> 2 2.539964e-01
<MEAN> 52
 -9.690380e+00 -1.115837e+01 3.422447e+00 -2.103623e+01 -1.821058e+01 -1.239198e+01 -6.548354e+00 -3.780580e+00 -1.127803e+01 2.086986e+00 -1.307076e+01 5.234495e-01 7.585020e+01 -7.890893e-01 1.421168e+00 1.503057e+00 -8.848715e-01 -7.499872e-01 5.108271e-01 -6.854809e-02 -2.324106e+00 -3.920914e-01 1.907814e+00 -1.168524e-01 -3.233389e-02 1.124509e-02 2.018757e-01 1.582256e-01 1.347153e-01 1.641147e-01 1.753836e-01 9.439606e-02 -8.007229e-01 -1.202322e-01 3.878199e-01 -3.152142e-01 -1.571193e-01 1.572048e-01 -2.904207e-01 1.992234e-02 -5.558171e-02 -1.220426e-01 6.010231e-03 8.037166e-02 3.404867e-03 7.153001e-02 2.883522e-01 -2.340009e-02 -2.203588e-01 2.825931e-02 -5.133720e-03 3.900604e-02
<VARIANCE> 52
 7.987903e+00 1.915104e+01 2.349401e+01 2.772893e+01 4.167118e+01 2.067772e+01 4.988703e+01 6.635854e+01 4.947779e+01 4.966064e+01 2.199886e+01 3.647612e+01 3.049948e+01 3.337819e-01 5.887676e-01 1.273773e+00 7.960602e-01 9.518053e-01 1.216672e+00 3.622464e+00 1.444209e+00 2.576009e+00 1.550892e+00 1.669856e+00 1.243332e+00 3.249751e-01 3.493439e-02 8.252915e-02 1.935648e-01 2.126187e-01 2.580539e-01 1.868519e-01 3.988891e-01 5.243683e-01 3.698303e-01 4.902930e-01 2.901247e-01 2.719207e-01 2.454430e-02 8.759639e-03 2.376605e-02 4.528031e-02 5.624279e-02 5.165481e-02 4.927870e-02 1.160005e-01 9.202956e-02 1.107592e-01 6.890510e-02 7.329619e-02 6.486634e-02 4.710792e-03
<GCONST> 7.889927e+01
<MIXTURE> 3 3.066384e-01
<MEAN> 52
 2.215614e+00 -5.580811e+00 3.282946e+00 1.041294e+00 -1.340816e+01 -2.602824e+00 -2.092416e+01 -4.197707e+00 -2.474664e-01 -3.469482e-01 -1.871438e+00 -4.937587e+00 7.267905e+01 -8.946820e-01 -1.016117e+00 1.298724e+00 -1.481020e+00 -1.865803e+00 -1.770429e-01 -5.785899e-01 2.578336e+00 2.961899e-01 -9.828780e-01 8.343970e-01 -2.432357e-01 1.630487e+00 -2.901244e-01 5.850644e-01 3.285815e-01 7.684386e-02 3.556831e-01 -3.152996e-01 6.326905e-01 -4.929633e-02 -5.726478e-01 -1.926421e-01 1.103787e-01 1.262727e-01 -3.021679e-01 9.409268e-02 1.476339e-01 -5.616513e-02 2.347119e-01 1.306885e-01 -1.170281e-02 7.638033e-02 -3.554962e-01 -1.385891e-01 1.099200e-01 -9.120012e-03 7.424597e-02 -1.349338e-01
<VARIANCE> 52
 9.898888e+00 2.055258e+01 4.084760e+01 5.556488e+01 4.048534e+01 5.037883e+01 5.166805e+01 5.679256e+01 6.318734e+01 3.862601e+01 3.484017e+01 3.973866e+01 1.071020e+01 5.487677e-01 1.735675e+00 2.165746e+00 3.659590e+00 4.311629e+00 5.091376e+00 3.695329e+00 3.557323e+00 4.468858e+00 3.437830e+00 3.903050e+00 3.173943e+00 6.832057e-01 9.752213e-02 2.455597e-01 3.150240e-01 7.366629e-01 7.818965e-01 7.471478e-01 6.523631e-01 7.288617e-01 6.838411e-01 5.204200e-01 6.248600e-01 4.350175e-01 1.295915e-01 2.078332e-02 6.653980e-02 8.339822e-02 1.420830e-01 1.985143e-01 2.055107e-01 1.550388e-01 1.384856e-01 1.537307e-01 1.422089e-01 1.853115e-01 1.046700e-01 2.328460e-02
<GCONST> 1.137380e+02
<STATE> 4
<NUMMIXES> 3
<MIXTURE> 1 4.234746e-01
<MEAN> 52
 -4.754115e+00 -1.853159e+00 1.694178e+01 -2.987853e+00 -1.715378e+01 -5.486942e+00 -1.482425e+01 -4.851151e-01 -1.018325e+01 -4.667857e+00 4.272373e+00 -3.193020e+00 7.421157e+01 -7.241623e-01 1.517849e+00 1.381822e+00 1.614754e-01 6.983269e-01 5.869477e-01 5.882207e-01 -9.391233e-01 -8.321258e-01 9.184545e-02 -1.424947e-01 1.767490e-01 -6.358360e-01 -9.706632e-02 3.282397e-01 -5.789983e-01 1.444631e-01 7.724892e-01 -1.476958e-01 1.504316e-01 -2.661378e-03 5.903384e-01 2.232783e-01 -4.525345e-01 1.822453e-01 -2.315322e-01 -1.819267e-01 1.430903e-02 -2.120599e-01 -2.120445e-02 5.350914e-02 -1.318256e-01 2.015231e-01 1.459873e-01 1.273288e-01 3.631402e-03 6.848071e-02 5.924527e-02 6.238338e-02
<VARIANCE> 52
 1.097714e+01 2.780981e+01 3.515189e+01 4.922262e+01 3.597858e+01 4.162240e+01 3.460032e+01 4.467808e+01 4.878421e+01 4.433150e+01 2.504160e+01 3.427826e+01 1.394226e+01 3.856902e-01 7.252918e-01 1.133559e+00 1.052539e+00 1.961866e+00 1.417104e+00 1.422904e+00 2.135049e+00 1.719252e+00 1.358285e+00 1.425938e+00 1.335635e+00 2.491215e-01 1.637279e-01 1.815372e-01 2.354353e-01 2.663255e-01 3.825433e-01 3.182069e-01 4.164239e-01 4.512009e-01 3.462753e-01 3.359247e-01 2.985637e-01 2.916715e-01 5.250026e-02 2.556717e-02 4.152805e-02 3.782148e-02 5.652783e-02 6.959015e-02 6.319917e-02 6.599292e-02 1.074831e-01 7.773534e-02 5.589908e-02 6.669293e-02 5.528612e-02 8.479724e-03
<GCONST> 8.482487e+01
<MIXTURE> 2 2.679376e-01
<MEAN> 52
 -1.123737e+01 -9.104133e-01 1.056202e+01 -2.232577e+01 -1.756782e+01 -8.852406e+00 -1.524407e+01 -1.347322e+01 -1.113417e+01 3.352341e+00 -1.651564e+01 2.132349e+00 7.171686e+01 1.032588e-01 1.880914e+00 -1.378913e-03 1.059415e+00 4.663751e-01 4.791015e-01 -1.141868e+00 -5.835869e-01 3.443918e-02 -1.400789e+00 -6.024386e-02 -4.542693e-01 -9.898569e-01 -1.054657e-01 1.342827e-01 -5.753947e-01 6.156722e-01 7.558042e-02 -4.183720e-02 4.178881e-01 2.371871e-01 3.963481e-02 -4.933673e-01 3.272746e-01 -3.754207e-01 -8.919079e-02 -1.859962e-01 -5.228661e-03 -2.794692e-02 -2.619902e-04 2.675162e-02 2.689531e-02 2.017660e-01 1.302428e-03 8.002072e-02 1.756524e-01 8.741572e-02 -9.090637e-03 6.933128e-02
<VARIANCE> 52
 9.324853e+00 2.523973e+01 9.398897e+00 2.152139e+01 2.653059e+01 3.185313e+01 3.762866e+01 3.140997e+01 2.775525e+01 4.914256e+01 3.896705e+01 3.464862e+01 3.187833e+01 3.760348e-01 5.292492e-01 1.844022e+00 2.303551e+00 1.182695e+00 1.728075e+00 1.701504e+00 3.048771e+00 1.833176e+00 2.561703e+00 2.481071e+00 2.369092e+00 3.230549e-01 1.878180e-01 1.330207e-01 1.799142e-01 2.051063e-01 2.378169e-01 3.489091e-01 3.674515e-01 5.377263e-01 2.797874e-01 3.730024e-01 4.288567e-01 2.912138e-01 3.083877e-02 2.787287e-02 3.302091e-02 4.415256e-02 5.275700e-02 6.323995e-02 6.130194e-02 7.677025e-02 1.144402e-01 6.982750e-02 1.156175e-01 9.453166e-02 7.957771e-02 6.223654e-03
<GCONST> 8.537608e+01
<MIXTURE> 3 3.085878e-01
<MEAN> 52
 -6.721259e+00 3.627902e+00 1.773639e+01 -1.695924e+00 -1.225181e+01 -5.717058e+00 -1.182798e+01 -2.821842e+00 -9.968489e+00 -3.220265e+00 1.901492e+00 -1.182453e+00 7.152206e+01 -2.071768e+00 3.145497e+00 -1.379578e+00 7.621509e-01 3.113322e+00 -7.154646e-01 2.725751e+00 -9.291471e-01 1.590934e+00 7.445947e-01 -8.567777e-01 1.255751e+00 -1.083372e+00 -8.777600e-01 1.481576e-01 -9.287698e-01 -3.155047e-02 4.955305e-01 7.393838e-02 5.554971e-01 2.568617e-01 6.019550e-01 1.459596e-01 -5.960374e-02 -1.423995e-02 3.523913e-02 -7.337601e-03 -4.078405e-01 1.234465e-01 -2.052724e-01 -4.142825e-01 1.744940e-01 -2.963850e-01 1.021567e-01 -2.746753e-01 -8.886052e-02 1.314941e-01 -2.056833e-01 1.246983e-01
<VARIANCE> 52
 1.151234e+01 2.467251e+01 2.655535e+01 4.268695e+01 3.369690e+01 3.900358e+01 4.281314e+01 3.866420e+01 4.532911e+01 4.237080e+01 2.540878e+01 2.479472e+01 1.732105e+01 1.483774e+00 1.691750e+00 3.226238e+00 3.121549e+00 2.940988e+00 2.357605e+00 2.644840e+00 3.022455e+00 4.033761e+00 3.312962e+00 2.156362e+00 1.443424e+00 4.313360e-01 1.075959e-01 3.878673e-01 3.311987e-01 4.697771e-01 5.279584e-01 3.885772e-01 4.627407e-01 5.060652e-01 6.001968e-01 4.295470e-01 3.612371e-01 3.331249e-01 7.464923e-02 5.559311e-02 6.108768e-02 8.145817e-02 1.020821e-01 1.204510e-01 8.758705e-02 1.135868e-01 1.236448e-01 1.377220e-01 1.133962e-01 8.036851e-02 6.159917e-02 1.351754e-02
<GCONST> 1.026310e+02
<STATE> 5
<NUMMIXES> 3
<MIXTURE> 1 3.664346e-01
<MEAN> 52
 -1.542443e+01 1.269134e+01 1.046490e+01 4.470249e-01 -3.173274e+00 -6.523681e+00 -3.614039e+00 -4.723699e+00 -4.003891e+00 -2.133757e+00 -9.590383e-01 8.205232e-01 6.913919e+01 -4.280852e+00 1.588366e+00 -2.630016e+00 -2.400750e-02 3.048199e+00 1.011289e+00 2.647544e+00 6.273693e-01 1.853943e+00 9.499427e-01 -4.665003e-01 2.471248e-01 -4.745236e-01 -7.387848e-02 -1.124271e+00 -2.440843e-01 -7.045892e-01 -8.958139e-01 1.605377e-01 -6.686839e-01 2.182156e-01 -3.437075e-01 -2.460383e-02 1.379154e-01 -2.725099e-01 2.238363e-01 5.111772e-01 -1.532231e-01 3.311246e-01 -3.994143e-02 -4.254506e-01 -1.969043e-01 -3.362303e-01 -2.015310e-01 -2.725196e-01 -1.549221e-01 5.260009e-02 -3.536530e-03 2.944974e-03
<VARIANCE> 52
 2.228541e+01 1.322803e+01 2.909280e+01 1.839462e+01 2.365716e+01 4.046109e+01 2.934166e+01 3.306035e+01 2.540507e+01 3.132082e+01 2.403907e+01 2.330871e+01 1.482147e+01 7.399781e-01 3.247671e+00 3.419211e+00 3.379171e+00 2.702030e+00 2.593955e+00 3.245610e+00 3.420681e+00 2.954701e+00 3.161085e+00 2.813073e+00 2.066672e+00 4.338657e-01 3.172601e-01 2.478225e-01 3.697230e-01 3.822811e-01 5.167028e-01 4.377694e-01 4.496489e-01 4.381113e-01 5.949498e-01 5.918254e-01 4.434652e-01 3.721007e-01 5.247771e-02 2.668004e-02 1.139532e-01 9.143252e-02 9.277305e-02 1.090030e-01 8.050872e-02 1.121944e-01 1.226048e-01 1.206533e-01 1.137573e-01 1.078688e-01 8.802366e-02 1.195329e-02
<GCONST> 1.014579e+02
<MIXTURE> 2 4.623336e-01
<MEAN> 52
 -2.470710e+01 1.069368e+01 3.507808e+00 -2.973007e+00 -1.307384e+00 -3.328010e+00 -1.021011e+00 -3.126164e+00 -1.632833e+00 -4.949810e-01 -1.519883e+00 2.803414e-02 6.867090e+01 -2.619261e+00 -1.191973e+00 -2.403713e+00 -1.566058e+00 -3.642468e-01 7.597420e-02 2.246892e-01 2.304222e-01 5.214731e-01 4.162647e-01 2.093714e-01 -3.698084e-02 -1.025547e-01 1.020679e+00 -4.496234e-01 5.721590e-01 -2.307238e-01 -8.557257e-01 -3.980091e-01 -7.273470e-01 -3.329531e-01 -5.073011e-01 -2.539990e-01 1.417468e-03 -3.421813e-02 8.662655e-02 2.511608e-01 3.815724e-01 2.752461e-01 3.263246e-01 2.681001e-01 -2.777917e-03 1.716348e-01 -6.256511e-02 2.643152e-02 -4.609422e-02 -5.217287e-02 2.327569e-02 -5.782761e-02
<VARIANCE> 52
 1.195639e+01 1.647191e+01 4.315569e+01 2.684150e+01 3.171366e+01 3.787988e+01 3.498245e+01 3.327863e+01 2.323565e+01 2.659433e+01 2.623834e+01 2.442809e+01 1.116351e+01 1.669187e+00 1.297802e+00 1.637315e+00 2.049677e+00 2.319394e+00 2.167585e+00 2.561684e+00 2.623863e+00 2.583892e+00 2.541975e+00 2.213891e+00 1.539258e+00 2.599048e-01 1.308947e-01 3.584745e-01 3.735702e-01 5.235925e-01 5.662986e-01 3.667581e-01 4.442401e-01 4.362902e-01 3.869935e-01 4.335615e-01 4.737227e-01 3.501759e-01 3.980896e-02 4.958739e-02 4.410303e-02 6.293324e-02 6.668282e-02 1.119684e-01 9.474559e-02 1.070295e-01 1.051759e-01 1.247471e-01 1.388318e-01 9.912882e-02 8.686931e-02 8.580336e-03
<GCONST> 9.571587e+01
<MIXTURE> 3 1.712317e-01
<MEAN> 52
 -1.304530e+01 9.736464e+00 4.048143e+00 -1.094411e+01 -1.566696e+01 -7.205257e+00 -1.436864e+01 -1.563227e+01 -9.815073e+00 -7.238212e+00 -1.187391e+01 -4.817716e+00 6.726939e+01 -2.922169e+00 2.330166e+00 -2.243809e+00 3.623606e+00 1.849152e+00 1.104135e+00 2.225839e+00 8.276680e-01 1.285204e+00 -1.311686e+00 2.220562e+00 -1.692150e+00 -6.217729e-01 -8.340442e-01 -6.206937e-01 -1.714004e-01 -2.733945e-01 5.135662e-01 2.556021e-01 5.380478e-01 7.795454e-01 4.639422e-01 1.056655e+00 1.588557e-01 5.459358e-01 2.723669e-01 3.104398e-01 -2.700730e-01 1.846458e-01 -4.212172e-01 -1.838545e-01 -9.356644e-02 -3.134099e-01 -7.347514e-02 -9.341248e-02 1.927285e-01 -2.647190e-01 2.514349e-01 -7.852526e-03
<VARIANCE> 52
 1.849692e+01 2.511889e+01 2.654284e+01 3.341705e+01 2.547785e+01 2.239936e+01 3.618943e+01 1.307552e+01 1.604309e+01 3.210101e+01 2.556687e+01 2.155877e+01 2.273966e+01 1.977228e+00 1.922836e+00 1.759678e+00 1.631842e+00 4.688714e+00 3.952453e+00 3.604133e+00 3.275679e+00 2.916198e+00 5.715241e+00 1.689458e+00 2.588984e+00 3.847234e-01 2.952961e-01 4.056654e-01 3.014172e-01 5.566266e-01 4.221621e-01 4.526206e-01 5.737689e-01 3.622957e-01 4.255786e-01 6.680351e-01 4.611566e-01 5.233775e-01 3.678426e-02 9.061986e-02 6.663329e-02 7.069910e-02 6.950465e-02 1.544593e-01 1.331598e-01 1.076262e-01 1.526868e-01 9.894334e-02 2.348686e-01 7.747069e-02 1.027787e-01 1.005681e-02
<GCONST> 1.030705e+02
<STATE> 6
<NUMMIXES> 3
<MIXTURE> 1 1.241096e-01
<MEAN> 52
 -2.612738e+01 8.341372e+00 -2.035145e+00 -5.653951e+00 -4.631356e+00 -2.293186e+00 -3.085953e+00 -7.685660e+00 -1.731545e+00 -6.367750e-01 -2.942907e+00 -2.074098e+00 6.567412e+01 3.352128e+00 3.732405e-01 2.367157e+00 -1.288274e+00 -2.210377e+00 -1.823139e+00 -2.843892e+00 -3.080360e+00 -2.646281e+00 -1.553222e+00 -1.157747e+00 -4.552683e-01 2.212651e-01 1.005049e+00 -8.082102e-02 4.825923e-01 -9.037976e-01 -7.403203e-01 -4.051431e-01 -8.431050e-01 -4.918370e-01 -4.367129e-01 -2.043144e-02 -5.447218e-01 -1.260826e-01 3.835136e-01 -4.260328e-01 -2.050046e-01 -2.837225e-01 -1.077611e-01 3.458657e-01 3.675549e-01 3.658131e-01 5.283980e-01 4.314562e-01 3.678429e-01 5.297082e-02 6.164889e-02 2.720649e-02
<VARIANCE> 52
 1.425705e+01 1.123419e+01 3.996665e+01 2.386955e+01 3.001238e+01 2.818831e+01 3.985780e+01 3.976640e+01 2.940036e+01 2.675296e+01 1.850040e+01 1.927849e+01 2.022805e+01 2.233118e+00 1.144928e+00 1.439332e+00 3.094248e+00 2.391021e+00 1.889578e+00 2.944316e+00 2.782368e+00 1.791557e+00 2.078181e+00 2.205516e+00 2.165926e+00 4.906262e-01 2.232127e-01 2.422032e-01 2.836279e-01 4.735843e-01 5.173340e-01 5.498441e-01 5.591438e-01 7.304062e-01 5.345908e-01 6.334963e-01 3.892070e-01 4.745266e-01 6.372202e-02 8.847822e-02 4.864730e-02 5.529887e-02 1.064376e-01 1.249879e-01 8.580887e-02 1.314640e-01 1.145840e-01 8.998276e-02 8.977068e-02 9.620390e-02 1.153316e-01 1.685165e-02
<GCONST> 1.000568e+02
<MIXTURE> 2 7.789923e-01
<MEAN> 52
 -2.855906e+01 8.622561e+00 -2.293546e+00 -6.750721e+00 -5.170704e+00 -6.065631e+00 -3.487010e+00 -4.541340e+00 -2.316165e+00 -2.031442e-01 -1.554163e+00 -7.463546e-01 6.800269e+01 -1.570849e-01 -5.274987e-01 -4.017434e-02 -3.782194e-01 -7.721923e-02 3.811208e-02 1.087915e-01 -3.650095e-03 9.910183e-02 1.671229e-01 6.570549e-02 5.674113e-02 -1.789698e-01 6.632333e-01 9.325146e-02 5.899478e-01 1.924682e-01 -6.314486e-02 6.993957e-03 -1.320248e-01 -1.458320e-01 -1.681195e-01 -1.225035e-01 -1.026121e-01 -5.561396e-02 -2.841260e-02 4.419014e-02 5.450697e-02 5.330487e-03 9.827317e-03 -2.274420e-02 1.373689e-02 -4.046040e-02 -1.970545e-02 -3.643089e-02 -1.837077e-02 2.794131e-03 -1.965965e-02 3.175315e-02
<VARIANCE> 52
 6.989805e+00 1.831833e+01 3.860813e+01 2.811730e+01 2.072096e+01 5.027554e+01 2.984629e+01 2.916063e+01 2.810661e+01 2.843234e+01 2.183205e+01 1.815531e+01 1.594860e+01 6.427705e-01 6.705264e-01 1.214199e+00 1.162194e+00 1.448736e+00 1.459573e+00 1.389803e+00 1.659744e+00 1.594981e+00 1.700088e+00 1.670753e+00 1.462882e+00 1.662374e-01 2.763969e-01 1.966810e-01 2.609567e-01 3.495646e-01 3.550200e-01 3.394493e-01 3.876099e-01 4.541729e-01 4.153742e-01 4.222293e-01 3.485202e-01 2.882772e-01 3.522046e-02 4.907394e-02 3.689868e-02 4.541091e-02 7.142202e-02 8.812259e-02 8.455578e-02 9.104695e-02 9.093589e-02 9.125505e-02 9.942611e-02 8.007737e-02 7.891921e-02 1.232606e-02
<GCONST> 8.530339e+01
<MIXTURE> 3 9.689809e-02
<MEAN> 52
 -1.406549e+01 8.899603e+00 3.560198e+00 -1.460086e+01 -1.538914e+01 -9.549212e+00 -1.584978e+01 -1.848644e+01 -9.390297e+00 -5.598463e+00 -9.602845e+00 -4.721944e+00 6.743152e+01 3.476959e+00 -1.268844e+00 2.645635e+00 -4.614181e+00 -2.030567e+00 -1.074007e+00 -3.081694e+00 -1.459458e+00 -1.462577e+00 4.386180e-01 -2.719624e+00 -3.014367e-01 1.335603e+00 -8.764408e-01 -4.585468e-01 -5.018203e-01 -3.346175e-01 9.285737e-01 8.220371e-01 7.585397e-01 1.245244e+00 8.634161e-01 8.382764e-01 3.661311e-02 3.283336e-01 7.761973e-02 -3.866187e-01 1.591760e-01 -3.678100e-01 5.814236e-01 3.431172e-01 1.795150e-01 3.426717e-01 1.671949e-01 1.502405e-01 -1.385902e-01 3.151367e-01 6.099645e-02 -2.115873e-01
<VARIANCE> 52
 1.056010e+01 1.981414e+01 2.405474e+01 3.103764e+01 2.068213e+01 1.757695e+01 2.708570e+01 2.801217e+01 1.355952e+01 2.904921e+01 1.964899e+01 2.041626e+01 2.683381e+01 1.837872e+00 1.496628e+00 2.019464e+00 3.363867e+00 3.641475e+00 3.929035e+00 4.189183e+00 5.361006e+00 2.739467e+00 3.748581e+00 1.945998e+00 3.342278e+00 4.240392e-01 2.294019e-01 2.309890e-01 3.681389e-01 5.740985e-01 3.516061e-01 3.326353e-01 5.774800e-01 3.456743e-01 3.356970e-01 4.480566e-01 5.580795e-01 4.866760e-01 8.699802e-02 8.450911e-02 6.315442e-02 7.080274e-02 8.636190e-02 1.328846e-01 1.759505e-01 1.659828e-01 1.875919e-01 1.296111e-01 1.488009e-01 9.936532e-02 1.195057e-01 1.222831e-02
<GCONST> 1.031302e+02
<STATE> 7
<NUMMIXES> 3
<MIXTURE> 1 4.389647e-01
<MEAN> 52
 -1.008068e+01 8.151382e+00 1.368092e+01 -2.868824e+00 -9.039797e+00 -4.832502e+00 -6.101733e+00 -5.553252e+00 -7.144058e+00 -2.865199e+00 7.700343e-02 -6.262659e-01 6.950059e+01 4.507083e+00 -6.342170e-01 2.524594e+00 -7.723720e-02 -2.814477e+00 5.315685e-01 -1.856946e+00 -1.602132e-01 -1.836410e+00 -3.241539e-01 1.183110e+00 -4.874111e-01 1.239282e+00 -7.718036e-01 -4.083105e-01 -7.996023e-01 -5.037397e-01 9.285318e-02 2.805889e-01 1.462138e-01 1.544028e-01 7.696721e-02 3.427814e-01 1.120291e-01 -2.468002e-01 7.157646e-02 -5.211132e-01 3.509013e-02 -3.808101e-01 4.608878e-02 4.454889e-01 -2.781942e-03 2.830277e-01 -8.163666e-03 2.673759e-01 8.472935e-02 -2.147836e-01 -4.221588e-02 -2.427269e-01
<VARIANCE> 52
 2.958511e+01 2.537234e+01 2.159910e+01 2.333689e+01 4.601393e+01 4.877438e+01 3.122409e+01 3.331840e+01 3.502048e+01 2.225340e+01 2.648024e+01 2.057323e+01 1.738880e+01 2.333165e+00 2.436132e+00 4.306829e+00 4.038115e+00 3.024514e+00 4.459064e+00 2.569113e+00 3.224645e+00 3.370238e+00 4.451048e+00 2.763766e+00 2.867498e+00 7.554544e-01 5.187368e-01 2.476912e-01 4.442221e-01 4.388306e-01 7.218426e-01 6.082162e-01 4.810959e-01 4.390171e-01 5.527270e-01 4.115265e-01 4.805067e-01 4.098043e-01 1.692501e-01 1.026579e-01 8.028544e-02 1.231931e-01 1.479835e-01 1.126513e-01 1.701970e-01 9.338401e-02 1.250816e-01 1.207006e-01 1.661932e-01 1.139510e-01 1.181582e-01 2.830287e-02
<GCONST> 1.127627e+02
<MIXTURE> 2 3.434996e-01
<MEAN> 52
 -2.511070e+01 4.368478e+00 3.547997e+00 -7.072020e+00 -4.443472e+00 -5.084440e+00 -2.044646e+00 -3.427571e+00 -2.644893e+00 -5.709311e-01 -1.492242e+00 -1.497033e-01 6.715053e+01 3.956634e+00 4.059562e-01 2.684103e+00 1.325317e+00 -6.179440e-01 4.624468e-01 -6.829428e-01 -3.788727e-01 -8.146350e-01 -5.510916e-01 -1.227151e-01 -4.564344e-01 -2.024788e-01 1.260206e+00 2.945175e-01 7.566430e-01 2.298051e-01 -5.179751e-01 1.567180e-01 -4.850863e-01 -2.569479e-02 -5.248187e-01 -1.198628e-01 3.873648e-01 -5.244953e-02 4.377412e-01 -4.619603e-01 -2.076241e-01 -3.938401e-01 -3.362252e-01 -8.118700e-02 1.833546e-02 1.480982e-02 4.182105e-02 3.091620e-02 1.146812e-01 9.121282e-02 -1.167971e-02 9.006643e-02
<VARIANCE> 52
 1.636687e+01 1.817424e+01 2.168501e+01 2.173516e+01 2.313330e+01 3.596764e+01 2.582128e+01 2.352650e+01 2.775781e+01 2.710566e+01 2.291810e+01 2.068261e+01 1.196998e+01 2.391550e+00 2.280298e+00 2.435682e+00 2.078642e+00 2.632887e+00 2.452719e+00 2.188660e+00 1.952271e+00 2.361844e+00 2.682483e+00 2.046915e+00 1.404104e+00 7.854200e-01 2.935154e-01 3.310595e-01 3.863743e-01 5.793762e-01 5.305153e-01 6.303740e-01 3.739921e-01 3.697115e-01 4.729349e-01 6.664989e-01 4.627468e-01 3.907614e-01 1.547640e-01 9.149133e-02 7.283606e-02 9.641846e-02 8.446836e-02 1.279518e-01 1.020894e-01 7.887129e-02 8.467112e-02 1.113830e-01 1.024695e-01 1.060135e-01 6.976610e-02 3.186136e-02
<GCONST> 1.014896e+02
<MIXTURE> 3 2.175357e-01
<MEAN> 52
 -1.188766e+01 3.825187e+00 6.777008e+00 -2.717762e+01 -1.202667e+01 -7.268801e+00 -1.832829e+01 -1.402880e+01 -8.420583e+00 -2.346224e-01 -1.640132e+01 -2.628795e+00 7.110615e+01 7.132028e-01 -7.957736e-01 -2.795133e-01 -2.100451e+00 1.255784e+00 8.719246e-01 -8.446125e-01 1.040453e+00 5.575776e-01 1.796085e-01 -1.274421e+00 5.207440e-01 4.049355e-01 -3.230036e-01 2.089957e-01 -6.200446e-01 1.113701e+00 3.222917e-01 1.092558e-01 2.719560e-01 1.700019e-01 1.649081e-01 -5.120729e-01 4.715242e-01 3.424521e-02 -2.965664e-01 1.969065e-01 1.637258e-02 1.878209e-01 1.103027e-01 -2.740211e-01 -2.584401e-01 -1.326704e-01 -2.372473e-01 -2.358675e-01 -1.441357e-01 1.299044e-02 -8.184363e-02 -7.494410e-03
<VARIANCE> 52
 1.035250e+01 1.128871e+01 1.421435e+01 2.608609e+01 1.486730e+01 1.970413e+01 3.353876e+01 3.335900e+01 2.249333e+01 4.033316e+01 3.372176e+01 1.847845e+01 1.144082e+01 5.088571e-01 6.881528e-01 2.001842e+00 3.608981e+00 1.094051e+00 1.422347e+00 1.803666e+00 3.132509e+00 2.467284e+00 3.562740e+00 2.790448e+00 1.979272e+00 3.266559e-01 2.701774e-01 1.525679e-01 4.594322e-01 2.793429e-01 3.269109e-01 5.677664e-01 4.459977e-01 4.020469e-01 4.581913e-01 3.780841e-01 4.256930e-01 2.977756e-01 3.062898e-02 4.804321e-02 4.381527e-02 8.531856e-02 1.214529e-01 4.016554e-02 7.005968e-02 1.004891e-01 9.828974e-02 8.812975e-02 1.471854e-01 1.117913e-01 7.608087e-02 1.012064e-02
<GCONST> 8.961642e+01
<STATE> 8
<NUMMIXES> 3
<MIXTURE> 1 4.403567e-01
<MEAN> 52
 -5.816853e+00 4.025830e+00 1.647400e+01 -7.995322e+00 -1.534312e+01 -2.195352e-01 -1.012934e+01 -5.675113e+00 -1.029666e+01 -1.352171e+00 3.894939e+00 -3.627963e+00 7.231801e+01 9.069545e-01 -6.178003e-01 -3.459859e-01 -1.187051e+00 -3.463197e-01 1.868498e+00 -3.603450e-01 -8.892065e-02 -3.113609e-01 1.024314e+00 3.481540e-01 -1.551568e+00 1.927218e-01 -6.061982e-01 2.014728e-01 -7.364385e-01 3.696914e-01 8.497491e-01 -2.482612e-01 4.817317e-01 -4.882779e-02 4.037122e-01 1.342395e-01 -4.668529e-01 -3.852476e-02 -4.112988e-01 2.455257e-01 5.504853e-02 2.094281e-01 2.966814e-01 -5.296562e-02 -2.880114e-01 -4.431906e-02 -2.110755e-02 -2.676010e-02 -1.848377e-01 -6.816070e-02 2.036390e-01 -2.072644e-02
<VARIANCE> 52
 1.222338e+01 2.115440e+01 2.540826e+01 4.755997e+01 3.021400e+01 5.710904e+01 3.503307e+01 4.509044e+01 3.899474e+01 4.770371e+01 2.620744e+01 3.156703e+01 1.277102e+01 5.991593e-01 9.389033e-01 1.544148e+00 2.003730e+00 2.694040e+00 2.192010e+00 2.517618e+00 2.207846e+00 2.079791e+00 2.384799e+00 2.343471e+00 1.745897e+00 4.527473e-01 3.050075e-01 1.758470e-01 4.012878e-01 5.644811e-01 5.285833e-01 6.239784e-01 3.817560e-01 4.179396e-01 3.616509e-01 5.179856e-01 3.250900e-01 4.031164e-01 8.458164e-02 2.794457e-02 4.493660e-02 5.874109e-02 7.358281e-02 1.042238e-01 8.461048e-02 1.035296e-01 1.001873e-01 9.791026e-02 8.758601e-02 8.958612e-02 7.291692e-02 2.136122e-02
<GCONST> 9.750547e+01
<MIXTURE> 2 3.168432e-01
<MEAN> 52
 -9.278426e+00 -1.230571e+00 4.472447e+00 -2.872585e+01 -6.628928e+00 -6.210209e+00 -2.252619e+01 -7.686451e+00 -6.979547e+00 -4.208127e+00 -1.871386e+01 -7.214379e-01 7.193330e+01 4.611008e-01 -5.278257e-01 -9.705983e-02 7.861736e-01 3.214624e-01 -1.123624e-01 -3.787543e-01 6.915985e-01 -2.666735e-01 -9.754500e-01 4.863334e-03 6.002520e-02 -2.943822e-01 2.217671e-03 4.034941e-02 8.056913e-03 2.570645e-01 -1.821224e-01 -1.493792e-01 1.413105e-01 -5.805815e-02 -4.539640e-02 4.533907e-02 1.013271e-01 -7.995778e-02 -9.756232e-02 1.505175e-02 1.132750e-02 -2.318187e-02 -8.316714e-02 -7.237574e-03 4.212921e-03 3.443041e-02 -3.042403e-02 1.057055e-02 7.394361e-02 -2.593081e-02 -4.235749e-03 6.407549e-03
<VARIANCE> 52
 6.031327e+00 9.587339e+00 1.186553e+01 2.497086e+01 1.762165e+01 4.106560e+01 2.104760e+01 7.075232e+01 1.542123e+01 4.816924e+01 3.381083e+01 2.265332e+01 4.542046e+00 9.173054e-02 1.424340e-01 4.163202e-01 7.108150e-01 8.789521e-01 9.828366e-01 1.050617e+00 9.781571e-01 5.879661e-01 1.332886e+00 7.103997e-01 4.938975e-01 8.896419e-02 1.897001e-02 2.696283e-02 8.791060e-02 1.192148e-01 9.374326e-02 1.282855e-01 1.363182e-01 1.999151e-01 1.600493e-01 1.575647e-01 1.227964e-01 1.050068e-01 6.653388e-03 4.242656e-03 6.048738e-03 1.760224e-02 3.058895e-02 1.940405e-02 2.854914e-02 2.591868e-02 3.006805e-02 2.871162e-02 3.239010e-02 2.881202e-02 2.099125e-02 1.618374e-03
<GCONST> 3.781484e+01
<MIXTURE> 3 2.428001e-01
<MEAN> 52
 -3.511261e+00 4.628997e+00 9.643592e+00 -6.835433e+00 -1.222462e+01 5.131822e-01 -9.807654e+00 -6.990733e+00 -9.309332e+00 1.303027e-01 -1.614486e+00 -5.541163e+00 7.090398e+01 1.174851e+00 -8.439648e-01 -1.750472e+00 2.284678e+00 1.035350e+00 -1.703785e+00 1.044661e+00 1.902703e-01 -3.183177e-01 -6.533034e-02 -3.891840e-01 -1.705090e-01 -5.460569e-01 -1.656960e-01 3.281600e-02 -1.493914e-01 5.623149e-01 3.346669e-01 -5.929474e-01 3.075103e-01 -5.820080e-02 2.606600e-01 -1.939181e-01 -1.962473e-01 3.302615e-01 -3.103886e-01 1.183659e-01 9.071770e-02 3.151807e-01 -3.505464e-01 -2.490913e-01 3.691959e-01 -2.801696e-01 -8.666223e-02 2.477597e-02 4.177667e-02 1.017621e-02 -3.005481e-02 7.770724e-02
<VARIANCE> 52
 1.196764e+01 2.096879e+01 3.281686e+01 8.621301e+01 3.871554e+01 4.747946e+01 8.881792e+01 8.165774e+01 6.152725e+01 7.507957e+01 8.763148e+01 3.774862e+01 1.038130e+01 7.512532e-01 6.670444e-01 1.237829e+00 1.592348e+00 2.903508e+00 2.844184e+00 2.434081e+00 2.481344e+00 2.892223e+00 2.624896e+00 2.764676e+00 3.177731e+00 5.356348e-01 2.700674e-01 1.796466e-01 2.491325e-01 4.979841e-01 5.441475e-01 6.615855e-01 7.294492e-01 8.502792e-01 8.320715e-01 6.233524e-01 6.494759e-01 6.194263e-01 6.255676e-02 6.358385e-02 3.603717e-02 6.014081e-02 7.500029e-02 1.187140e-01 1.388166e-01 1.128231e-01 1.249497e-01 1.213822e-01 1.020104e-01 1.159890e-01 1.189295e-01 1.928925e-02
<GCONST> 1.083822e+02
<STATE> 9
<NUMMIXES> 3
<MIXTURE> 1 3.256975e-01
<MEAN> 52
 -4.395828e+00 2.137169e+00 1.503485e+01 -1.103830e+01 -1.422215e+01 2.494490e+00 -1.018149e+01 -6.535727e+00 -9.445984e+00 1.830313e+00 1.197104e+00 -8.539716e+00 7.139598e+01 4.123595e-01 9.240450e-02 -5.664517e-01 5.244228e-01 9.101264e-01 -2.832168e-02 -2.301712e-01 1.689592e-01 5.407907e-01 -8.456402e-02 -8.971980e-01 -2.856235e-01 -6.319105e-01 1.446841e-02 6.827566e-02 -7.358962e-02 3.314659e-01 5.930850e-02 -4.364472e-01 1.158300e-01 1.325010e-01 -7.608954e-02 -2.151837e-01 3.697297e-02 2.497718e-01 -1.102049e-01 1.277856e-02 -2.096615e-02 2.688393e-02 -3.014602e-02 -7.599629e-02 4.504126e-02 6.089605e-02 -3.043685e-02 -4.527588e-02 4.372493e-02 7.252552e-02 -2.443777e-02 1.855113e-02
<VARIANCE> 52
 9.785723e+00 1.591696e+01 1.386298e+01 2.964529e+01 5.992502e+01 3.985162e+01 3.792549e+01 5.379056e+01 3.135931e+01 4.461960e+01 3.227496e+01 2.543101e+01 1.038232e+01 7.249258e-02 3.778759e-01 4.574037e-01 9.498358e-01 1.312866e+00 1.438640e+00 1.356152e+00 1.202175e+00 1.117900e+00 2.009478e+00 1.035017e+00 1.525103e+00 1.440733e-01 1.130260e-02 5.766578e-02 6.434701e-02 1.692170e-01 1.614504e-01 2.085216e-01 2.988077e-01 2.230121e-01 1.690081e-01 2.932712e-01 2.190686e-01 2.655622e-01 1.308396e-02 6.191473e-03 1.373762e-02 2.257035e-02 3.275102e-02 3.732926e-02 4.398623e-02 4.934265e-02 4.755330e-02 4.263684e-02 5.850708e-02 4.643795e-02 5.966944e-02 4.251612e-03
<GCONST> 5.981916e+01
<MIXTURE> 2 3.379162e-01
<MEAN> 52
 -4.769894e+00 -4.933068e-01 1.076419e+00 -1.669421e+01 -8.974407e+00 -9.427667e+00 -1.951386e+01 -7.115340e+00 -1.050604e+01 -1.105552e+01 -1.539930e+01 -4.257922e+00 6.482135e+01 2.825952e-01 1.397431e-01 -3.940547e-01 1.006694e+00 -2.525734e-01 -2.610473e-01 5.356344e-01 -2.392414e-01 -2.955586e-01 -2.845703e-01 4.109527e-01 -2.552727e-01 -7.590340e-01 -7.208938e-02 8.723232e-02 6.426811e-02 1.831771e-02 1.647021e-02 4.971026e-02 1.012311e-01 -1.069689e-01 -4.701307e-02 3.446441e-02 7.196237e-02 8.151448e-03 -4.715271e-02 -9.060611e-03 -2.349615e-02 1.291344e-02 5.778442e-03 5.492618e-02 1.083099e-02 -2.242164e-02 3.729053e-02 8.911273e-03 -1.135082e-02 -9.788214e-03 2.128430e-02 1.194281e-02
<VARIANCE> 52
 8.926347e+00 1.777610e+01 1.792873e+01 4.746420e+01 4.276034e+01 4.032743e+01 3.458910e+01 3.581337e+01 2.250634e+01 7.664117e+01 4.282987e+01 2.632409e+01 3.497236e+01 2.698124e-01 4.966480e-01 8.914772e-01 1.422079e+00 1.032754e+00 1.321840e+00 1.314977e+00 1.444553e+00 1.256727e+00 1.546449e+00 1.173373e+00 8.550879e-01 1.991986e-01 3.209624e-02 7.368100e-02 1.250081e-01 2.255570e-01 1.997692e-01 2.459937e-01 2.033418e-01 2.180255e-01 2.307248e-01 2.275681e-01 2.046851e-01 1.595306e-01 2.382042e-02 7.371412e-03 1.456473e-02 3.229514e-02 5.076692e-02 4.125561e-02 4.924343e-02 4.484043e-02 5.759625e-02 5.631354e-02 4.593316e-02 5.335172e-02 3.453385e-02 4.698783e-03
<GCONST> 6.705161e+01
<MIXTURE> 3 3.363863e-01
<MEAN> 52
 -5.028393e-01 3.618138e+00 8.447835e+00 -7.508931e-01 -8.338106e+00 -3.427059e+00 -7.187675e+00 -4.796521e+00 -8.565109e+00 9.865287e-02 -1.153106e+00 -6.813501e+00 6.741531e+01 7.182576e-01 1.178370e-01 -9.751492e-01 2.047443e+00 7.052448e-01 -1.055453e+00 8.871225e-01 -4.624431e-01 3.967151e-01 3.759934e-02 -8.775336e-01 2.888832e-01 -1.158933e+00 -2.313312e-01 9.469597e-02 2.500312e-01 -2.927698e-01 -7.734328e-02 4.736535e-01 -1.191717e-01 -2.096447e-01 2.632271e-01 3.215404e-02 -1.441687e-01 1.193666e-01 -3.473284e-02 -4.800508e-02 -5.755098e-02 6.522293e-02 -2.587617e-01 -2.281955e-02 1.645680e-01 -1.550640e-01 1.176534e-01 -2.209482e-02 -2.586976e-02 1.058964e-01 -5.795406e-02 9.716723e-02
<VARIANCE> 52
 1.064819e+01 1.997741e+01 3.045855e+01 4.984445e+01 3.240795e+01 4.115595e+01 4.760321e+01 4.181658e+01 5.799133e+01 5.215817e+01 5.056066e+01 3.617411e+01 1.407016e+01 4.304255e-01 1.054274e+00 8.960640e-01 1.651478e+00 1.533092e+00 2.222323e+00 2.570448e+00 2.813002e+00 3.018734e+00 2.577393e+00 2.732468e+00 2.649726e+00 3.791496e-01 8.316013e-02 1.351013e-01 1.758166e-01 3.320837e-01 2.938031e-01 3.673171e-01 4.335331e-01 4.176235e-01 5.122890e-01 4.768408e-01 4.753225e-01 4.336495e-01 5.641618e-02 2.367930e-02 3.917027e-02 3.748150e-02 6.689366e-02 7.112271e-02 8.977894e-02 1.010280e-01 1.134873e-01 1.192684e-01 9.937648e-02 1.136622e-01 1.055428e-01 1.056963e-02
<GCONST> 9.405411e+01
<STATE> 10
<NUMMIXES> 3
<MIXTURE> 1 5.718502e-01
<MEAN> 52
 -9.943200e-01 5.458650e+00 8.377483e+00 3.006492e+00 -2.906284e+00 -9.490561e-02 -3.404085e+00 -4.598531e+00 -5.492437e+00 -6.391919e-01 -4.050423e+00 -4.740020e+00 6.119785e+01 -6.610301e-01 -1.925551e-01 -3.875576e-01 -4.145144e-02 8.085041e-01 5.225356e-01 4.472979e-01 5.290452e-01 8.306378e-01 -2.372908e-01 -3.338456e-01 4.386743e-01 -9.964144e-01 -1.973179e-01 -2.754229e-01 -1.620239e-01 -4.416186e-01 -2.453613e-01 -7.374138e-02 -2.233757e-01 8.427983e-02 7.526128e-03 8.227202e-02 2.325885e-01 6.086535e-04 7.974546e-02 6.389958e-02 -3.357026e-02 -6.508581e-02 3.877277e-02 -6.491997e-02 -1.408551e-01 -3.279117e-02 -5.705436e-02 -6.999210e-02 2.310749e-02 3.266899e-02 -2.621354e-02 2.783827e-02
<VARIANCE> 52
 1.150910e+01 1.267012e+01 1.480752e+01 2.464215e+01 4.009483e+01 4.090705e+01 3.304689e+01 3.507433e+01 3.600491e+01 3.206648e+01 2.652300e+01 2.854959e+01 2.014132e+01 5.616021e-01 1.209893e+00 1.142450e+00 1.612776e+00 1.871268e+00 1.867827e+00 2.041733e+00 2.195483e+00 2.252309e+00 1.877961e+00 2.138874e+00 1.608722e+00 4.194168e-01 7.651063e-02 2.000333e-01 2.068465e-01 3.449019e-01 3.648224e-01 4.458583e-01 3.939638e-01 4.070055e-01 3.881728e-01 3.463317e-01 3.331191e-01 3.380477e-01 5.452507e-02 1.733043e-02 4.812613e-02 4.013931e-02 6.586674e-02 6.942914e-02 8.174248e-02 8.533761e-02 8.271663e-02 9.851086e-02 8.041136e-02 8.943358e-02 8.020186e-02 1.034478e-02
<GCONST> 8.731592e+01
<MIXTURE> 2 2.979210e-01
<MEAN> 52
 -2.339037e+00 -4.635831e+00 -3.002515e+00 -8.282538e+00 -5.973563e+00 -1.057853e+01 -1.062152e+01 -9.633611e+00 -1.310130e+01 -8.601102e+00 -7.665176e+00 -3.480573e+00 6.307173e+01 1.764038e-01 -3.044324e-01 -1.722996e-01 7.123813e-01 1.866734e-01 4.229794e-02 1.490788e-01 -6.960245e-02 1.085947e-01 3.241250e-02 1.354904e-01 -1.591046e-01 -4.133554e-01 -1.161498e-01 2.132043e-02 1.358604e-01 -1.213152e-01 -1.923559e-02 1.479093e-01 -8.294063e-02 3.518170e-02 1.293261e-01 3.930743e-02 -3.868952e-02 5.603837e-02 5.942693e-02 -1.041916e-02 2.239276e-03 -1.148139e-02 -2.644778e-02 -3.237827e-03 -2.864591e-02 -2.838002e-03 4.983870e-02 1.820637e-02 -6.180829e-03 1.070693e-02 2.599889e-02 7.152164e-03
<VARIANCE> 52
 1.736806e+01 9.655534e+01 3.467033e+01 7.787886e+01 7.571700e+01 7.701254e+01 5.815057e+01 5.548021e+01 4.464429e+01 6.829012e+01 4.450706e+01 5.382078e+01 3.363383e+01 6.355094e-01 1.092338e+00 1.544976e+00 2.926780e+00 2.673612e+00 4.336951e+00 2.685429e+00 4.176168e+00 3.300563e+00 3.484922e+00 2.109332e+00 1.982692e+00 5.858925e-01 8.953246e-02 1.115327e-01 2.701792e-01 5.015365e-01 3.680957e-01 5.252469e-01 4.973504e-01 6.168709e-01 6.146969e-01 4.919178e-01 4.374261e-01 3.110847e-01 5.560610e-02 1.879175e-02 2.713725e-02 5.463020e-02 9.473558e-02 9.530375e-02 1.223420e-01 1.152631e-01 1.610558e-01 1.320315e-01 1.158104e-01 9.441252e-02 6.475174e-02 1.333536e-02
<GCONST> 1.059267e+02
<MIXTURE> 3 1.302288e-01
<MEAN> 52
 -4.380886e+00 3.933204e+00 3.895212e-01 -5.635833e+00 -8.670743e+00 -1.230588e+01 -1.602358e+01 -1.209642e+01 -1.511458e+01 -1.540105e+01 -1.401067e+01 -3.848869e+00 5.771756e+01 -6.870292e-01 -1.215781e-01 1.781072e-01 1.250585e+00 9.158437e-01 7.282414e-01 4.668857e-01 -5.045341e-01 -1.886077e-01 2.979830e-01 1.058299e+00 2.536091e-01 -1.075086e+00 -2.225153e-01 -3.913024e-01 -1.961026e-01 -2.160031e-01 7.254186e-02 3.314620e-01 3.541026e-01 4.869955e-01 5.308266e-01 5.463328e-01 1.534092e-01 8.690555e-02 6.596631e-02 2.456561e-02 -2.102278e-02 -8.214601e-02 -1.249263e-01 -8.982632e-02 -2.394921e-02 1.069564e-01 1.524278e-01 1.413399e-01 5.541456e-02 -2.215386e-02 -1.369094e-02 3.787607e-02
<VARIANCE> 52
 1.514489e+01 9.451332e+00 1.764722e+01 2.355085e+01 1.805504e+01 1.533248e+01 2.016585e+01 3.656919e+01 2.802067e+01 3.124835e+01 5.087914e+01 3.071245e+01 1.369184e+01 4.055643e-01 1.260413e+00 5.655972e-01 1.022780e+00 1.436379e+00 1.425699e+00 1.877747e+00 3.704360e+00 3.166733e+00 2.799932e+00 1.847115e+00 1.586027e+00 2.987330e-01 4.212042e-02 1.097802e-01 1.394667e-01 2.051966e-01 2.774399e-01 2.554146e-01 3.760114e-01 7.034237e-01 6.839350e-01 3.551055e-01 4.354509e-01 3.059103e-01 2.824471e-02 1.360669e-02 3.843510e-02 2.192795e-02 4.021477e-02 5.013514e-02 6.308146e-02 7.828756e-02 1.442464e-01 1.589307e-01 9.366160e-02 9.720942e-02 6.049005e-02 8.578437e-03
<GCONST> 8.018597e+01
<STATE> 11
<NUMMIXES> 3
<MIXTURE> 1 2.480283e-01
<MEAN> 52
 2.083603e+00 9.733168e-01 5.844623e+00 2.808216e+00 -8.318777e+00 -3.833081e+00 -1.089132e+01 -8.304367e+00 -3.793805e+00 1.023165e+00 -4.324876e+00 -5.523805e+00 6.836776e+01 1.259728e-02 -7.229002e-01 -1.613381e-01 -2.895710e-01 -1.160864e-01 -8.634893e-02 -1.367009e+00 8.338326e-01 7.216382e-01 -3.735391e-01 3.971067e-01 2.665848e-01 4.043148e-01 -1.175010e-01 -1.189288e-01 1.038575e-01 -1.517928e-01 -2.792183e-01 -1.392400e-01 -1.166561e-02 5.330845e-01 -9.875943e-02 -2.524561e-01 3.099173e-01 6.166882e-02 2.226450e-01 -1.845553e-04 3.189145e-02 3.381143e-02 5.830818e-02 -2.226169e-02 -3.184598e-02 1.398135e-01 -7.591282e-02 -2.645507e-02 2.334755e-02 -7.874747e-02 -2.677485e-04 -2.904364e-02
<VARIANCE> 52
 6.855184e+00 3.074202e+01 3.879781e+01 3.810006e+01 3.719842e+01 2.134191e+01 5.005871e+01 6.078500e+01 4.977280e+01 5.395863e+01 4.476970e+01 3.952591e+01 1.802094e+01 3.857384e-01 1.067010e+00 1.445160e+00 1.846106e+00 2.287084e+00 1.895553e+00 1.600676e+00 4.560650e+00 2.664918e+00 2.698887e+00 2.247677e+00 1.869645e+00 4.758086e-01 7.034121e-02 2.325985e-01 2.553191e-01 3.273687e-01 3.567373e-01 3.410709e-01 3.551906e-01 7.125624e-01 4.017576e-01 3.700793e-01 4.467328e-01 3.428615e-01 8.825936e-02 1.642285e-02 4.905193e-02 5.145415e-02 7.184274e-02 7.597487e-02 8.358076e-02 5.969739e-02 1.652569e-01 1.077676e-01 1.043078e-01 9.635235e-02 7.876322e-02 1.723544e-02
<GCONST> 9.527907e+01
<MIXTURE> 2 4.643264e-01
<MEAN> 52
 -8.409821e+00 -1.113345e+00 -6.852619e-02 -3.679063e+00 -3.461104e+00 -1.913249e+00 -3.931812e+00 -2.577493e+00 -1.462113e+00 -1.237206e+00 -2.588201e+00 -2.333527e+00 5.561594e+01 -5.472325e-01 -8.391646e-01 -1.040838e+00 -1.008953e+00 -8.991034e-01 -8.087265e-01 -6.562881e-01 -4.213491e-01 2.128403e-02 1.361697e-01 3.615870e-01 2.536742e-01 -5.317085e-01 1.627492e-01 1.571478e-01 1.677497e-01 1.471236e-01 4.341590e-02 3.232101e-02 -5.008680e-02 -1.245453e-01 -1.843387e-01 -9.668147e-02 -1.159772e-01 -1.477761e-01 1.290265e-01 2.273766e-02 6.926987e-02 7.927595e-02 1.351971e-01 1.598953e-01 1.516336e-01 1.705651e-01 1.231294e-01 7.129711e-02 -9.327157e-03 -4.143843e-02 -2.391679e-03 -7.469311e-03
<VARIANCE> 52
 1.630151e+01 1.387648e+01 3.110664e+01 1.776431e+01 2.353761e+01 2.693110e+01 2.783350e+01 2.683841e+01 2.452610e+01 2.399914e+01 1.899812e+01 1.790941e+01 1.798234e+01 5.162661e-01 9.253275e-01 1.357851e+00 1.819731e+00 1.510058e+00 1.563410e+00 1.679145e+00 1.666775e+00 1.750855e+00 1.830114e+00 1.603209e+00 1.762015e+00 2.176950e-01 6.054293e-02 1.506186e-01 1.699231e-01 2.807667e-01 3.235007e-01 3.336906e-01 4.482026e-01 3.572696e-01 3.576476e-01 3.626102e-01 3.333209e-01 3.336340e-01 3.071968e-02 1.608648e-02 3.717202e-02 4.684839e-02 8.070984e-02 6.777632e-02 6.592719e-02 8.918227e-02 6.618612e-02 7.947671e-02 8.660726e-02 7.532609e-02 8.456811e-02 5.708719e-03
<GCONST> 7.993966e+01
<MIXTURE> 3 2.876454e-01
<MEAN> 52
 -9.299325e+00 -5.908748e-01 -2.044204e+00 -4.508473e+00 -4.579412e+00 -3.945613e+00 -7.611237e+00 -6.440852e+00 -6.046004e+00 -5.247517e+00 -5.336531e+00 -2.636464e+00 5.515749e+01 -6.488793e-01 -6.500976e-01 -5.542655e-01 1.470326e-01 6.201475e-01 7.550368e-01 1.566413e+00 1.255798e+00 1.332171e+00 9.408612e-01 5.910074e-01 2.865675e-01 -3.919688e-01 1.674946e-01 1.281646e-01 8.925086e-02 -6.452183e-02 -1.125855e-02 -1.043760e-01 -6.228771e-02 4.116080e-02 1.998606e-02 5.767119e-02 -2.161262e-02 2.112156e-02 1.171203e-01 3.692107e-02 5.671730e-02 3.991016e-02 2.371015e-02 -8.061479e-02 -9.991673e-02 -1.977036e-01 -1.897059e-01 -1.604865e-01 -1.072728e-01 -1.471391e-02 5.283140e-03 -2.345758e-02
<VARIANCE> 52
 2.171133e+01 2.019407e+01 2.561620e+01 2.454278e+01 2.337592e+01 3.266892e+01 3.335855e+01 4.171524e+01 3.339806e+01 3.114874e+01 2.319781e+01 2.093068e+01 3.606914e+01 1.121687e+00 1.521796e+00 1.235540e+00 2.515180e+00 1.679525e+00 2.827488e+00 1.965630e+00 2.807160e+00 3.069072e+00 3.101614e+00 2.687515e+00 2.100766e+00 7.519343e-01 1.729966e-01 1.912404e-01 2.068632e-01 3.473994e-01 3.412434e-01 5.448225e-01 4.474264e-01 5.597237e-01 5.203702e-01 4.785865e-01 3.776035e-01 3.289641e-01 8.592401e-02 4.520850e-02 5.656941e-02 4.742638e-02 8.856449e-02 7.658333e-02 1.283201e-01 8.136370e-02 1.180364e-01 1.235190e-01 1.183365e-01 1.100061e-01 8.302195e-02 1.958383e-02
<GCONST> 9.872145e+01
<TRANSP> 12
 0.000000e+00 1.000000e+00 0.000000e+00 0.000000e+00 0.000000e+00 0.000000e+00 0.000000e+00 0.000000e+00 0.000000e+00 0.000000e+00 0.000000e+00 0.000000e+00
 0.000000e+00 8.064779e-01 1.935222e-01 0.000000e+00 0.000000e+00 0.000000e+00 0.000000e+00 0.000000e+00 0.000000e+00 0.000000e+00 0.000000e+00 0.000000e+00
 0.000000e+00 0.000000e+00 8.201030e-01 1.798970e-01 0.000000e+00 0.000000e+00 0.000000e+00 0.000000e+00 0.000000e+00 0.000000e+00 0.000000e+00 0.000000e+00
 0.000000e+00 0.000000e+00 0.000000e+00 8.245062e-01 1.754937e-01 0.000000e+00 0.000000e+00 0.000000e+00 0.000000e+00 0.000000e+00 0.000000e+00 0.000000e+00
 0.000000e+00 0.000000e+00 0.000000e+00 0.000000e+00 7.912590e-01 2.087410e-01 0.000000e+00 0.000000e+00 0.000000e+00 0.000000e+00 0.000000e+00 0.000000e+00
 0.000000e+00 0.000000e+00 0.000000e+00 0.000000e+00 0.000000e+00 8.351494e-01 1.648506e-01 0.000000e+00 0.000000e+00 0.000000e+00 0.000000e+00 0.000000e+00
 0.000000e+00 0.000000e+00 0.000000e+00 0.000000e+00 0.000000e+00 0.000000e+00 7.648460e-01 2.351540e-01 0.000000e+00 0.000000e+00 0.000000e+00 0.000000e+00
 0.000000e+00 0.000000e+00 0.000000e+00 0.000000e+00 0.000000e+00 0.000000e+00 0.000000e+00 7.645395e-01 2.354604e-01 0.000000e+00 0.000000e+00 0.000000e+00
 0.000000e+00 0.000000e+00 0.000000e+00 0.000000e+00 0.000000e+00 0.000000e+00 0.000000e+00 0.000000e+00 8.395838e-01 1.604162e-01 0.000000e+00 0.000000e+00
 0.000000e+00 0.000000e+00 0.000000e+00 0.000000e+00 0.000000e+00 0.000000e+00 0.000000e+00 0.000000e+00 0.000000e+00 8.078544e-01 1.921457e-01 0.000000e+00
 0.000000e+00 0.000000e+00 0.000000e+00 0.000000e+00 0.000000e+00 0.000000e+00 0.000000e+00 0.000000e+00 0.000000e+00 0.000000e+00 8.101306e-01 1.898694e-01
 0.000000e+00 0.000000e+00 0.000000e+00 0.000000e+00 0.000000e+00 0.000000e+00 0.000000e+00 0.000000e+00 0.000000e+00 0.000000e+00 0.000000e+00 0.000000e+00
<ENDHMM>
