~o
<STREAMINFO> 1 13
<VECSIZE> 13<NULLD><MFCC_0><DIAGC>
~h "rx"
<BEGINHMM>
<NUMSTATES> 12
<STATE> 2
<MEAN> 13
 1.938790e+00 -2.314794e-01 1.274962e+00 1.916290e+00 -5.071072e+00 -5.748926e+00 -1.715469e+01 -9.405583e+00 -3.227045e+00 -8.010752e-01 -5.133501e+00 -3.620376e+00 6.503479e+01
<VARIANCE> 13
 1.676127e+01 3.282137e+01 3.275703e+01 4.582932e+01 5.232552e+01 7.019547e+01 7.825590e+01 6.721857e+01 5.474659e+01 3.855710e+01 3.779531e+01 3.282222e+01 3.952594e+01
<GCONST> 7.274841e+01
<STATE> 3
<MEAN> 13
 -6.491970e-01 -6.418948e+00 9.373176e+00 -1.154020e+00 -1.566088e+01 -6.154852e+00 -1.887198e+01 1.649419e+00 -3.594953e+00 -5.238729e+00 8.421335e-01 -2.551012e+00 7.401703e+01
<VARIANCE> 13
 9.879345e+00 4.465227e+01 4.161545e+01 4.459259e+01 2.589394e+01 3.880413e+01 5.940778e+01 4.433799e+01 4.986741e+01 4.142025e+01 3.973375e+01 3.814486e+01 1.121525e+01
<GCONST> 6.967060e+01
<STATE> 4
<MEAN> 13
 -7.262839e+00 -7.879666e-01 1.431469e+01 -8.654073e+00 -1.635443e+01 -6.997834e+00 -1.476738e+01 -4.129946e+00 -1.274263e+01 -1.502563e+00 -2.804423e+00 -2.369962e+00 7.202157e+01
<VARIANCE> 13
 1.145937e+01 5.404095e+01 6.480019e+01 8.616564e+01 5.621857e+01 4.530474e+01 4.104726e+01 6.800253e+01 4.381954e+01 4.192871e+01 9.387832e+01 4.304769e+01 3.597155e+01
<GCONST> 7.412854e+01
<STATE> 5
<MEAN> 13
 -1.714932e+01 1.241624e+01 1.023312e+01 5.268798e-02 -1.867018e+00 -5.392668e+00 -2.018328e+00 -4.195717e+00 -3.495288e+00 -1.566876e+00 -8.699349e-01 9.416091e-01 6.929190e+01
<VARIANCE> 13
 2.988973e+01 1.407669e+01 2.480978e+01 1.945651e+01 3.443648e+01 4.335026e+01 3.388636e+01 3.574601e+01 2.575355e+01 2.898217e+01 2.264003e+01 2.166412e+01 1.246553e+01
<GCONST> 6.585534e+01
<STATE> 6
<MEAN> 13
 -2.777637e+01 7.728983e+00 5.385461e-01 -7.046199e+00 -4.355770e+00 -6.643269e+00 -2.939584e+00 -3.892428e+00 -2.690194e+00 5.742152e-02 -9.878567e-01 1.952102e-01 6.823206e+01
<VARIANCE> 13
 1.014410e+01 2.255471e+01 2.978061e+01 2.804259e+01 2.239795e+01 4.425882e+01 3.481593e+01 2.716757e+01 2.574811e+01 2.624981e+01 2.183424e+01 1.810950e+01 1.743971e+01
<GCONST> 6.515863e+01
<STATE> 7
<MEAN> 13
 -1.375781e+01 9.659719e+00 1.076640e+01 -2.711979e+00 -6.276414e+00 -4.800689e+00 -4.714058e+00 -7.121010e+00 -5.355464e+00 -2.739709e+00 -1.826244e+00 -1.335221e+00 6.762210e+01
<VARIANCE> 13
 3.094579e+01 1.985495e+01 2.382419e+01 1.573245e+01 3.514863e+01 4.102986e+01 2.669803e+01 3.069705e+01 2.632614e+01 2.533593e+01 2.304218e+01 2.054760e+01 1.934921e+01
<GCONST> 6.584767e+01
<STATE> 8
<MEAN> 13
 -5.499190e+00 3.305062e+00 1.591305e+01 -9.193075e+00 -1.493153e+01 5.039485e-01 -1.041303e+01 -5.560957e+00 -1.027754e+01 -4.287272e-02 2.588659e+00 -5.344419e+00 7.209913e+01
<VARIANCE> 13
 1.145323e+01 2.067337e+01 2.109310e+01 3.790599e+01 4.085707e+01 5.752929e+01 3.912714e+01 4.778812e+01 3.888992e+01 5.076675e+01 3.340554e+01 3.421944e+01 1.150287e+01
<GCONST> 6.841163e+01
<STATE> 9
<MEAN> 13
 -3.625556e+00 2.925939e+00 4.144575e+00 -1.241757e+01 -1.167630e+01 -6.560930e+00 -1.593979e+01 -1.082878e+01 -1.020629e+01 -5.166527e+00 -8.987670e+00 -4.254261e+00 6.500417e+01
<VARIANCE> 13
 1.633378e+01 2.828215e+01 4.059780e+01 1.000169e+02 3.662136e+01 7.696060e+01 7.481971e+01 6.731920e+01 4.235796e+01 7.129704e+01 6.563516e+01 5.708662e+01 4.694187e+01
<GCONST> 7.489597e+01
<STATE> 10
<MEAN> 13
 9.396212e-01 3.756782e+00 7.078400e+00 2.152643e+00 -7.344064e+00 -3.344995e+00 -6.012353e+00 -6.701407e+00 -7.467204e+00 2.315791e-01 -2.569855e+00 -6.011447e+00 6.627710e+01
<VARIANCE> 13
 8.013515e+00 2.282903e+01 2.891121e+01 3.587792e+01 3.466243e+01 3.632668e+01 4.188109e+01 4.674153e+01 5.340580e+01 4.841512e+01 4.490863e+01 3.647261e+01 2.255667e+01
<GCONST> 6.913855e+01
<STATE> 11
<MEAN> 13
 -5.181588e+00 1.388404e+00 3.627162e+00 -1.338459e+00 -2.816478e+00 -8.403161e-01 -4.745355e+00 -3.108148e+00 -2.641732e+00 -1.540823e+00 -3.402774e+00 -3.125023e+00 5.771799e+01
<VARIANCE> 13
 1.711298e+01 2.393950e+01 4.048869e+01 3.358447e+01 3.499866e+01 3.508168e+01 4.203558e+01 3.478646e+01 3.361364e+01 2.596310e+01 2.050051e+01 2.136668e+01 3.102637e+01
<GCONST> 6.781232e+01
<TRANSP> 12
 0.000000e+00 1.000000e+00 0.000000e+00 0.000000e+00 0.000000e+00 0.000000e+00 0.000000e+00 0.000000e+00 0.000000e+00 0.000000e+00 0.000000e+00 0.000000e+00
 0.000000e+00 7.928244e-01 2.071756e-01 0.000000e+00 0.000000e+00 0.000000e+00 0.000000e+00 0.000000e+00 0.000000e+00 0.000000e+00 0.000000e+00 0.000000e+00
 0.000000e+00 0.000000e+00 8.185070e-01 1.814931e-01 0.000000e+00 0.000000e+00 0.000000e+00 0.000000e+00 0.000000e+00 0.000000e+00 0.000000e+00 0.000000e+00
 0.000000e+00 0.000000e+00 0.000000e+00 8.144276e-01 1.855725e-01 0.000000e+00 0.000000e+00 0.000000e+00 0.000000e+00 0.000000e+00 0.000000e+00 0.000000e+00
 0.000000e+00 0.000000e+00 0.000000e+00 0.000000e+00 7.041175e-01 2.958825e-01 0.000000e+00 0.000000e+00 0.000000e+00 0.000000e+00 0.000000e+00 0.000000e+00
 0.000000e+00 0.000000e+00 0.000000e+00 0.000000e+00 0.000000e+00 8.635238e-01 1.364762e-01 0.000000e+00 0.000000e+00 0.000000e+00 0.000000e+00 0.000000e+00
 0.000000e+00 0.000000e+00 0.000000e+00 0.000000e+00 0.000000e+00 0.000000e+00 4.808022e-01 5.191978e-01 0.000000e+00 0.000000e+00 0.000000e+00 0.000000e+00
 0.000000e+00 0.000000e+00 0.000000e+00 0.000000e+00 0.000000e+00 0.000000e+00 0.000000e+00 8.203620e-01 1.796380e-01 0.000000e+00 0.000000e+00 0.000000e+00
 0.000000e+00 0.000000e+00 0.000000e+00 0.000000e+00 0.000000e+00 0.000000e+00 0.000000e+00 0.000000e+00 7.185522e-01 2.814479e-01 0.000000e+00 0.000000e+00
 0.000000e+00 0.000000e+00 0.000000e+00 0.000000e+00 0.000000e+00 0.000000e+00 0.000000e+00 0.000000e+00 0.000000e+00 8.226168e-01 1.773832e-01 0.000000e+00
 0.000000e+00 0.000000e+00 0.000000e+00 0.000000e+00 0.000000e+00 0.000000e+00 0.000000e+00 0.000000e+00 0.000000e+00 0.000000e+00 8.084415e-01 1.915585e-01
 0.000000e+00 0.000000e+00 0.000000e+00 0.000000e+00 0.000000e+00 0.000000e+00 0.000000e+00 0.000000e+00 0.000000e+00 0.000000e+00 0.000000e+00 0.000000e+00
<ENDHMM>
