~o
<STREAMINFO> 1 13
<VECSIZE> 13<NULLD><MFCC_0><DIAGC>
~h "sil"
<BEGINHMM>
<NUMSTATES> 12
<STATE> 2
<MEAN> 13
 -7.597706e+00 -2.326242e+00 -4.153130e+00 -3.171995e+00 1.353959e+00 -8.119205e-01 -1.363356e+00 -4.831422e-01 -9.489662e-01 1.999182e+00 -2.437120e+00 -4.798287e+00 5.804925e+01
<VARIANCE> 13
 3.227246e+01 1.951830e+01 1.662178e+01 2.343608e+01 3.811841e+01 3.053121e+01 2.984089e+01 2.826130e+01 2.755591e+01 2.903268e+01 2.090077e+01 2.684909e+01 2.187858e+01
<GCONST> 6.619995e+01
<STATE> 3
<MEAN> 13
 -7.105968e+00 -4.133255e+00 -6.330627e+00 -6.525017e+00 -3.643827e+00 -1.612751e+00 -3.502080e+00 -2.428777e+00 -5.665148e-01 -2.972870e-01 -2.083027e+00 -2.877648e+00 5.443635e+01
<VARIANCE> 13
 7.987367e+00 1.016728e+01 2.067198e+01 2.132319e+01 2.089698e+01 2.349500e+01 2.004164e+01 2.311663e+01 2.468045e+01 2.394646e+01 2.061286e+01 2.151759e+01 1.232595e+01
<GCONST> 6.170109e+01
<STATE> 4
<MEAN> 13
 -8.848498e+00 -3.006453e+00 -2.616609e+00 -1.896970e+00 -9.431953e-01 -1.621117e+00 -2.256360e+00 -1.205501e+00 -1.048535e+00 -1.493002e+00 -2.239990e+00 -7.940515e-01 5.257803e+01
<VARIANCE> 13
 5.250075e+00 7.843889e+00 9.378089e+00 1.133262e+01 1.671882e+01 2.085359e+01 1.817479e+01 1.871797e+01 1.685679e+01 1.624660e+01 1.673827e+01 1.487747e+01 8.818294e+00
<GCONST> 5.726704e+01
<STATE> 5
<MEAN> 13
 -1.228466e+01 -7.207889e+00 -3.722170e+00 -2.285764e+00 1.071203e-01 -3.184877e+00 -2.285608e+00 -2.561578e-01 -1.920758e+00 -2.148096e+00 -7.446658e-01 6.209616e-02 5.887315e+01
<VARIANCE> 13
 1.454387e+01 2.102702e+01 1.963301e+01 1.723687e+01 4.051889e+01 4.270833e+01 3.257261e+01 3.510156e+01 3.200375e+01 2.665568e+01 2.784799e+01 2.250421e+01 2.502027e+01
<GCONST> 6.634653e+01
<STATE> 6
<MEAN> 13
 -8.416643e+00 -3.203289e+00 -3.641418e+00 -5.069144e+00 -3.184275e+00 -2.430147e+00 -4.479253e+00 -2.713668e+00 -1.847351e+00 -1.770881e+00 -2.773515e+00 -1.002682e+00 5.414796e+01
<VARIANCE> 13
 4.161973e+00 7.350346e+00 8.277896e+00 1.186594e+01 1.388528e+01 1.647975e+01 1.664642e+01 1.949177e+01 2.052429e+01 1.943009e+01 1.719436e+01 1.574745e+01 4.311707e+00
<GCONST> 5.616658e+01
<STATE> 7
<MEAN> 13
 -1.216664e+01 -2.502506e+00 -3.939051e+00 -5.020692e+00 -2.749980e+00 -2.815431e+00 -4.859653e+00 -2.234386e+00 -2.347417e+00 -2.224447e+00 -2.074770e+00 -1.890382e+00 5.551340e+01
<VARIANCE> 13
 1.103701e+01 8.491385e+00 9.667794e+00 1.516311e+01 1.280824e+01 1.958639e+01 1.722500e+01 2.540391e+01 1.942348e+01 2.181815e+01 1.926476e+01 1.520608e+01 1.010143e+01
<GCONST> 5.906844e+01
<STATE> 8
<MEAN> 13
 -7.308778e+00 -2.307786e+00 -1.849943e+00 -5.920142e+00 -5.543836e+00 -2.495787e+00 -5.557528e+00 -3.372796e+00 -1.136472e+00 -2.213309e+00 -1.608334e+00 -2.155257e+00 5.767497e+01
<VARIANCE> 13
 1.568314e+01 2.604528e+01 5.597713e+01 5.261672e+01 2.721295e+01 2.967107e+01 2.828924e+01 4.101154e+01 2.638208e+01 3.153113e+01 3.870500e+01 2.370774e+01 3.098857e+01
<GCONST> 6.862204e+01
<STATE> 9
<MEAN> 13
 -1.057258e+01 -1.747016e+00 -3.785294e+00 -1.654338e+00 -5.624400e-01 1.861555e-01 -2.335696e+00 -4.054775e-01 -1.291576e+00 -1.363801e+00 -1.624789e+00 2.560026e-01 4.579669e+01
<VARIANCE> 13
 1.142472e+01 9.452868e+00 1.668552e+01 1.869528e+01 1.798801e+01 2.073538e+01 1.802356e+01 2.474957e+01 2.136046e+01 1.832911e+01 1.851165e+01 1.609119e+01 5.331450e+01
<GCONST> 6.198226e+01
<STATE> 10
<MEAN> 13
 -8.521027e+00 -2.758317e+00 -3.117022e+00 -3.428978e+00 -3.091152e+00 -1.470857e+00 -3.009653e+00 -1.455542e+00 -8.779186e-01 -1.040624e+00 -1.553472e+00 -5.512713e-01 4.984041e+01
<VARIANCE> 13
 7.267215e+00 4.960699e+00 7.578273e+00 1.066365e+01 1.229251e+01 1.520851e+01 1.589688e+01 1.771840e+01 1.689346e+01 1.718172e+01 1.739532e+01 1.574957e+01 6.961594e+00
<GCONST> 5.596521e+01
<STATE> 11
<MEAN> 13
 -9.223757e+00 -1.968524e+00 -2.649080e+00 -2.621766e+00 -6.848130e-01 -1.466680e+00 -3.570872e+00 -2.640508e+00 -2.635528e+00 -2.003825e+00 -1.586796e+00 -5.860105e-01 5.523215e+01
<VARIANCE> 13
 1.740263e+01 3.239285e+01 3.169353e+01 2.300404e+01 3.817599e+01 3.406681e+01 3.131361e+01 2.904507e+01 2.773562e+01 2.783359e+01 3.018390e+01 2.530897e+01 3.030182e+01
<GCONST> 6.750082e+01
<TRANSP> 12
 0.000000e+00 1.000000e+00 0.000000e+00 0.000000e+00 0.000000e+00 0.000000e+00 0.000000e+00 0.000000e+00 0.000000e+00 0.000000e+00 0.000000e+00 0.000000e+00
 0.000000e+00 7.148944e-01 2.851056e-01 0.000000e+00 0.000000e+00 0.000000e+00 0.000000e+00 0.000000e+00 0.000000e+00 0.000000e+00 0.000000e+00 0.000000e+00
 0.000000e+00 0.000000e+00 7.600904e-01 2.399096e-01 0.000000e+00 0.000000e+00 0.000000e+00 0.000000e+00 0.000000e+00 0.000000e+00 0.000000e+00 0.000000e+00
 0.000000e+00 0.000000e+00 0.000000e+00 8.316715e-01 1.683285e-01 0.000000e+00 0.000000e+00 0.000000e+00 0.000000e+00 0.000000e+00 0.000000e+00 0.000000e+00
 0.000000e+00 0.000000e+00 0.000000e+00 0.000000e+00 8.055776e-01 1.944224e-01 0.000000e+00 0.000000e+00 0.000000e+00 0.000000e+00 0.000000e+00 0.000000e+00
 0.000000e+00 0.000000e+00 0.000000e+00 0.000000e+00 0.000000e+00 8.595430e-01 1.404570e-01 0.000000e+00 0.000000e+00 0.000000e+00 0.000000e+00 0.000000e+00
 0.000000e+00 0.000000e+00 0.000000e+00 0.000000e+00 0.000000e+00 0.000000e+00 7.546453e-01 2.453547e-01 0.000000e+00 0.000000e+00 0.000000e+00 0.000000e+00
 0.000000e+00 0.000000e+00 0.000000e+00 0.000000e+00 0.000000e+00 0.000000e+00 0.000000e+00 6.675194e-01 3.324806e-01 0.000000e+00 0.000000e+00 0.000000e+00
 0.000000e+00 0.000000e+00 0.000000e+00 0.000000e+00 0.000000e+00 0.000000e+00 0.000000e+00 0.000000e+00 6.946733e-01 3.053267e-01 0.000000e+00 0.000000e+00
 0.000000e+00 0.000000e+00 0.000000e+00 0.000000e+00 0.000000e+00 0.000000e+00 0.000000e+00 0.000000e+00 0.000000e+00 8.687366e-01 1.312634e-01 0.000000e+00
 0.000000e+00 0.000000e+00 0.000000e+00 0.000000e+00 0.000000e+00 0.000000e+00 0.000000e+00 0.000000e+00 0.000000e+00 0.000000e+00 5.728189e-01 4.271812e-01
 0.000000e+00 0.000000e+00 0.000000e+00 0.000000e+00 0.000000e+00 0.000000e+00 0.000000e+00 0.000000e+00 0.000000e+00 0.000000e+00 0.000000e+00 0.000000e+00
<ENDHMM>
