~o
<STREAMINFO> 1 13
<VECSIZE> 13<NULLD><MFCC_0><DIAGC>
~h "dd"
<BEGINHMM>
<NUMSTATES> 12
<STATE> 2
<MEAN> 13
 -1.126315e+01 1.978175e+00 1.199704e+00 -3.154510e+00 -6.477541e+00 -3.767258e+00 -3.796344e+00 -6.859860e+00 -4.805795e+00 -1.768274e+00 -1.165424e+00 -1.752611e+00 6.359434e+01
<VARIANCE> 13
 2.368734e+01 2.807327e+01 5.423373e+01 3.460596e+01 3.852885e+01 3.113772e+01 3.772840e+01 3.185087e+01 3.235274e+01 3.305408e+01 3.518347e+01 2.289182e+01 4.547934e+01
<GCONST> 6.959426e+01
<STATE> 3
<MEAN> 13
 -5.951774e+00 1.506353e+00 1.555257e+01 -7.807717e+00 -1.900745e+01 -1.159121e+00 -1.434027e+01 -6.777611e+00 -1.230869e+01 -2.892597e+00 1.863438e+00 -4.383695e+00 7.283584e+01
<VARIANCE> 13
 1.254033e+01 2.992896e+01 4.403414e+01 8.716208e+01 3.312594e+01 4.541470e+01 6.566992e+01 5.559649e+01 5.300444e+01 6.074884e+01 7.414052e+01 4.927322e+01 1.007898e+01
<GCONST> 7.218275e+01
<STATE> 4
<MEAN> 13
 1.672204e+00 3.670325e+00 5.343318e+00 2.749861e+00 -1.561037e+01 -3.725162e+00 -7.873550e+00 -1.211975e+01 -1.049215e+01 8.803548e-01 -3.491749e+00 -7.386058e+00 6.849036e+01
<VARIANCE> 13
 9.053107e+00 1.789292e+01 3.262000e+01 5.834590e+01 3.098708e+01 4.702795e+01 6.559216e+01 5.611497e+01 5.082359e+01 6.339956e+01 7.639098e+01 4.633317e+01 1.045225e+01
<GCONST> 7.062276e+01
<STATE> 5
<MEAN> 13
 3.783541e-01 5.258485e+00 9.336428e+00 1.221855e+00 -8.849380e+00 -7.832871e-01 -1.124367e+01 -1.062814e+01 -8.348749e+00 1.794893e+00 -4.523273e+00 -3.828285e+00 6.240917e+01
<VARIANCE> 13
 1.095219e+01 2.963362e+01 2.038969e+01 5.331487e+01 3.387634e+01 2.337015e+01 5.501278e+01 2.242026e+01 2.891500e+01 2.643559e+01 3.358509e+01 2.119957e+01 1.315211e+01
<GCONST> 6.624152e+01
<STATE> 6
<MEAN> 13
 -5.586275e+00 9.122242e-01 -9.773388e-01 -4.498189e+00 -5.307906e+00 -7.851294e+00 -9.384673e+00 -7.172897e+00 -4.734075e-02 -1.653065e+00 -5.075401e+00 -2.649287e+00 7.122166e+01
<VARIANCE> 13
 2.490525e+01 1.791607e+01 3.346151e+01 4.591224e+01 4.907426e+01 3.806288e+01 5.217500e+01 6.176813e+01 7.558311e+01 4.562346e+01 3.509943e+01 2.996447e+01 2.968589e+01
<GCONST> 7.143539e+01
<STATE> 7
<MEAN> 13
 1.149635e-01 -4.660766e+00 -4.093670e-02 -1.761396e+01 -3.880293e+00 3.564590e+00 -1.978151e+01 -1.767736e+00 -7.522496e+00 4.185234e+00 -9.701104e-01 -6.334429e+00 7.340495e+01
<VARIANCE> 13
 7.605305e+00 2.343187e+01 2.649212e+01 5.556193e+01 2.384845e+01 2.891919e+01 3.295705e+01 4.270472e+01 5.817776e+01 4.469328e+01 4.177036e+01 2.778548e+01 1.609712e+01
<GCONST> 6.785410e+01
<STATE> 8
<MEAN> 13
 3.309855e+00 -9.823967e-02 -2.580954e+00 -1.297486e+01 -1.203342e+01 8.607882e+00 -9.042609e+00 -5.267396e+00 -4.515577e+00 -4.317063e+00 1.176901e+00 -7.559993e+00 7.225610e+01
<VARIANCE> 13
 7.804115e+00 1.562416e+01 3.613484e+01 5.947581e+01 3.794624e+01 4.003249e+01 6.312149e+01 4.933038e+01 5.484998e+01 4.708035e+01 5.436698e+01 3.682579e+01 1.297887e+01
<GCONST> 6.975990e+01
<STATE> 9
<MEAN> 13
 -2.395345e-01 -1.322420e+00 -5.188431e+00 -1.278652e+01 -8.914219e+00 -7.633914e+00 -1.514188e+01 -8.713066e+00 -1.289684e+01 -7.426413e+00 -1.063483e+01 -4.611214e+00 6.220328e+01
<VARIANCE> 13
 1.398936e+01 3.689996e+01 5.988124e+01 5.552499e+01 6.125386e+01 6.661720e+01 5.979174e+01 8.037939e+01 7.323537e+01 5.286415e+01 4.854436e+01 6.328573e+01 7.004242e+01
<GCONST> 7.558036e+01
<STATE> 10
<MEAN> 13
 1.935717e+00 5.354946e+00 5.382674e+00 -5.837955e-01 -7.065137e+00 2.032609e+00 -6.524799e+00 -9.264215e+00 -6.696689e+00 -1.647366e-01 -6.237152e+00 -4.503725e+00 6.312448e+01
<VARIANCE> 13
 7.432444e+00 1.443103e+01 2.349283e+01 4.121827e+01 4.345497e+01 3.386049e+01 4.752402e+01 4.824215e+01 3.942403e+01 5.395030e+01 2.390104e+01 2.799587e+01 2.068011e+01
<GCONST> 6.767225e+01
<STATE> 11
<MEAN> 13
 -5.354881e+00 9.712910e-01 6.925508e-01 -3.114031e+00 -2.732935e+00 -8.688957e-01 -4.648329e+00 -4.334187e+00 -3.590664e+00 -1.778762e+00 -2.608712e+00 -2.623465e+00 5.834378e+01
<VARIANCE> 13
 2.032503e+01 3.108065e+01 2.936215e+01 4.321858e+01 3.178742e+01 3.569492e+01 4.619783e+01 2.894841e+01 2.715240e+01 2.531986e+01 2.344231e+01 2.032278e+01 3.769354e+01
<GCONST> 6.804817e+01
<TRANSP> 12
 0.000000e+00 1.000000e+00 0.000000e+00 0.000000e+00 0.000000e+00 0.000000e+00 0.000000e+00 0.000000e+00 0.000000e+00 0.000000e+00 0.000000e+00 0.000000e+00
 0.000000e+00 5.833017e-01 4.166983e-01 0.000000e+00 0.000000e+00 0.000000e+00 0.000000e+00 0.000000e+00 0.000000e+00 0.000000e+00 0.000000e+00 0.000000e+00
 0.000000e+00 0.000000e+00 8.238307e-01 1.761694e-01 0.000000e+00 0.000000e+00 0.000000e+00 0.000000e+00 0.000000e+00 0.000000e+00 0.000000e+00 0.000000e+00
 0.000000e+00 0.000000e+00 0.000000e+00 8.356511e-01 1.643489e-01 0.000000e+00 0.000000e+00 0.000000e+00 0.000000e+00 0.000000e+00 0.000000e+00 0.000000e+00
 0.000000e+00 0.000000e+00 0.000000e+00 0.000000e+00 7.988644e-01 2.011355e-01 0.000000e+00 0.000000e+00 0.000000e+00 0.000000e+00 0.000000e+00 0.000000e+00
 0.000000e+00 0.000000e+00 0.000000e+00 0.000000e+00 0.000000e+00 5.604584e-01 4.395416e-01 0.000000e+00 0.000000e+00 0.000000e+00 0.000000e+00 0.000000e+00
 0.000000e+00 0.000000e+00 0.000000e+00 0.000000e+00 0.000000e+00 0.000000e+00 7.755392e-01 2.244608e-01 0.000000e+00 0.000000e+00 0.000000e+00 0.000000e+00
 0.000000e+00 0.000000e+00 0.000000e+00 0.000000e+00 0.000000e+00 0.000000e+00 0.000000e+00 8.339015e-01 1.660985e-01 0.000000e+00 0.000000e+00 0.000000e+00
 0.000000e+00 0.000000e+00 0.000000e+00 0.000000e+00 0.000000e+00 0.000000e+00 0.000000e+00 0.000000e+00 8.101652e-01 1.898348e-01 0.000000e+00 0.000000e+00
 0.000000e+00 0.000000e+00 0.000000e+00 0.000000e+00 0.000000e+00 0.000000e+00 0.000000e+00 0.000000e+00 0.000000e+00 8.286886e-01 1.713114e-01 0.000000e+00
 0.000000e+00 0.000000e+00 0.000000e+00 0.000000e+00 0.000000e+00 0.000000e+00 0.000000e+00 0.000000e+00 0.000000e+00 0.000000e+00 7.306398e-01 2.693602e-01
 0.000000e+00 0.000000e+00 0.000000e+00 0.000000e+00 0.000000e+00 0.000000e+00 0.000000e+00 0.000000e+00 0.000000e+00 0.000000e+00 0.000000e+00 0.000000e+00
<ENDHMM>
