~o
<STREAMINFO> 1 13
<VECSIZE> 13<NULLD><MFCC_0><DIAGC>
~h "dd"
<BEGINHMM>
<NUMSTATES> 12
<STATE> 2
<MEAN> 13
 -1.126309e+01 1.978323e+00 1.199988e+00 -3.154920e+00 -6.477837e+00 -3.767493e+00 -3.796628e+00 -6.859918e+00 -4.805949e+00 -1.768535e+00 -1.165414e+00 -1.752296e+00 6.359430e+01
<VARIANCE> 13
 2.368645e+01 2.807264e+01 5.423619e+01 3.461012e+01 3.852489e+01 3.114022e+01 3.773171e+01 3.184957e+01 3.235453e+01 3.305701e+01 3.518718e+01 2.289180e+01 4.547718e+01
<GCONST> 6.959458e+01
<STATE> 3
<MEAN> 13
 -5.945794e+00 1.508134e+00 1.553973e+01 -7.801670e+00 -1.900678e+01 -1.164007e+00 -1.433655e+01 -6.779761e+00 -1.230954e+01 -2.893766e+00 1.859071e+00 -4.381099e+00 7.283450e+01
<VARIANCE> 13
 1.256060e+01 2.991454e+01 4.414074e+01 8.721478e+01 3.311290e+01 4.544392e+01 6.578027e+01 5.564895e+01 5.302662e+01 6.077705e+01 7.434950e+01 4.935776e+01 1.007431e+01
<GCONST> 7.219473e+01
<STATE> 4
<MEAN> 13
 1.679825e+00 3.673738e+00 5.351558e+00 2.766740e+00 -1.560072e+01 -3.712743e+00 -7.868440e+00 -1.212848e+01 -1.048725e+01 8.988814e-01 -3.504389e+00 -7.386468e+00 6.847660e+01
<VARIANCE> 13
 9.036404e+00 1.786982e+01 3.258237e+01 5.825635e+01 3.099564e+01 4.700510e+01 6.542352e+01 5.593760e+01 5.077134e+01 6.327560e+01 7.609719e+01 4.616238e+01 1.045591e+01
<GCONST> 7.060081e+01
<STATE> 5
<MEAN> 13
 3.661775e-01 5.261315e+00 9.336824e+00 1.202115e+00 -8.828506e+00 -7.885040e-01 -1.125580e+01 -1.061631e+01 -8.341660e+00 1.780786e+00 -4.517435e+00 -3.821411e+00 6.239695e+01
<VARIANCE> 13
 1.096629e+01 2.970154e+01 2.042645e+01 5.329428e+01 3.382678e+01 2.335918e+01 5.499641e+01 2.241987e+01 2.885109e+01 2.641909e+01 3.359843e+01 2.118818e+01 1.315056e+01
<GCONST> 6.624117e+01
<STATE> 6
<MEAN> 13
 -5.583424e+00 9.077469e-01 -9.854024e-01 -4.503247e+00 -5.309622e+00 -7.849820e+00 -9.388292e+00 -7.177189e+00 -3.853009e-02 -1.650559e+00 -5.073494e+00 -2.648825e+00 7.123427e+01
<VARIANCE> 13
 2.492930e+01 1.789011e+01 3.342875e+01 4.589102e+01 4.902622e+01 3.808965e+01 5.219174e+01 6.187511e+01 7.562535e+01 4.564106e+01 3.512330e+01 2.998158e+01 2.957092e+01
<GCONST> 7.143356e+01
<STATE> 7
<MEAN> 13
 1.162633e-01 -4.660285e+00 -4.536692e-02 -1.761818e+01 -3.882356e+00 3.568084e+00 -1.978452e+01 -1.768591e+00 -7.522436e+00 4.183764e+00 -9.685227e-01 -6.335893e+00 7.340604e+01
<VARIANCE> 13
 7.606517e+00 2.343464e+01 2.652856e+01 5.556871e+01 2.384943e+01 2.894038e+01 3.294725e+01 4.271684e+01 5.816659e+01 4.468849e+01 4.177008e+01 2.780212e+01 1.609444e+01
<GCONST> 6.785676e+01
<STATE> 8
<MEAN> 13
 3.310407e+00 -9.767383e-02 -2.578902e+00 -1.297247e+01 -1.203466e+01 8.607250e+00 -9.038288e+00 -5.266438e+00 -4.517765e+00 -4.319075e+00 1.175946e+00 -7.560352e+00 7.225411e+01
<VARIANCE> 13
 7.801755e+00 1.562365e+01 3.613505e+01 5.944007e+01 3.795326e+01 4.002998e+01 6.306845e+01 4.930428e+01 5.483988e+01 4.707205e+01 5.437141e+01 3.681060e+01 1.298130e+01
<GCONST> 6.975722e+01
<STATE> 9
<MEAN> 13
 -2.390956e-01 -1.322362e+00 -5.187874e+00 -1.278435e+01 -8.914120e+00 -7.634461e+00 -1.514123e+01 -8.712511e+00 -1.289637e+01 -7.427148e+00 -1.063461e+01 -4.611887e+00 6.220246e+01
<VARIANCE> 13
 1.398741e+01 3.690014e+01 5.987965e+01 5.550493e+01 6.126186e+01 6.662113e+01 5.979507e+01 8.037871e+01 7.324267e+01 5.286488e+01 4.852979e+01 6.327970e+01 7.004410e+01
<GCONST> 7.557982e+01
<STATE> 10
<MEAN> 13
 1.935205e+00 5.355033e+00 5.383138e+00 -5.836338e-01 -7.063893e+00 2.032325e+00 -6.524509e+00 -9.263828e+00 -6.697484e+00 -1.640374e-01 -6.237242e+00 -4.502970e+00 6.312415e+01
<VARIANCE> 13
 7.432705e+00 1.443220e+01 2.349152e+01 4.121859e+01 4.345272e+01 3.385944e+01 4.752288e+01 4.823530e+01 3.942013e+01 5.395564e+01 2.390089e+01 2.799766e+01 2.068121e+01
<GCONST> 6.767218e+01
<STATE> 11
<MEAN> 13
 -5.354830e+00 9.710010e-01 6.925404e-01 -3.114316e+00 -2.732926e+00 -8.687462e-01 -4.648469e+00 -4.334023e+00 -3.590607e+00 -1.778730e+00 -2.608639e+00 -2.623446e+00 5.834377e+01
<VARIANCE> 13
 2.032456e+01 3.107899e+01 2.936212e+01 4.321880e+01 3.178739e+01 3.569452e+01 4.619988e+01 2.894892e+01 2.715132e+01 2.531987e+01 2.344211e+01 2.032316e+01 3.769367e+01
<GCONST> 6.804813e+01
<TRANSP> 12
 0.000000e+00 1.000000e+00 0.000000e+00 0.000000e+00 0.000000e+00 0.000000e+00 0.000000e+00 0.000000e+00 0.000000e+00 0.000000e+00 0.000000e+00 0.000000e+00
 0.000000e+00 5.833111e-01 4.166889e-01 0.000000e+00 0.000000e+00 0.000000e+00 0.000000e+00 0.000000e+00 0.000000e+00 0.000000e+00 0.000000e+00 0.000000e+00
 0.000000e+00 0.000000e+00 8.240829e-01 1.759171e-01 0.000000e+00 0.000000e+00 0.000000e+00 0.000000e+00 0.000000e+00 0.000000e+00 0.000000e+00 0.000000e+00
 0.000000e+00 0.000000e+00 0.000000e+00 8.359453e-01 1.640547e-01 0.000000e+00 0.000000e+00 0.000000e+00 0.000000e+00 0.000000e+00 0.000000e+00 0.000000e+00
 0.000000e+00 0.000000e+00 0.000000e+00 0.000000e+00 7.982113e-01 2.017887e-01 0.000000e+00 0.000000e+00 0.000000e+00 0.000000e+00 0.000000e+00 0.000000e+00
 0.000000e+00 0.000000e+00 0.000000e+00 0.000000e+00 0.000000e+00 5.602220e-01 4.397781e-01 0.000000e+00 0.000000e+00 0.000000e+00 0.000000e+00 0.000000e+00
 0.000000e+00 0.000000e+00 0.000000e+00 0.000000e+00 0.000000e+00 0.000000e+00 7.755923e-01 2.244078e-01 0.000000e+00 0.000000e+00 0.000000e+00 0.000000e+00
 0.000000e+00 0.000000e+00 0.000000e+00 0.000000e+00 0.000000e+00 0.000000e+00 0.000000e+00 8.338616e-01 1.661384e-01 0.000000e+00 0.000000e+00 0.000000e+00
 0.000000e+00 0.000000e+00 0.000000e+00 0.000000e+00 0.000000e+00 0.000000e+00 0.000000e+00 0.000000e+00 8.101400e-01 1.898600e-01 0.000000e+00 0.000000e+00
 0.000000e+00 0.000000e+00 0.000000e+00 0.000000e+00 0.000000e+00 0.000000e+00 0.000000e+00 0.000000e+00 0.000000e+00 8.286722e-01 1.713279e-01 0.000000e+00
 0.000000e+00 0.000000e+00 0.000000e+00 0.000000e+00 0.000000e+00 0.000000e+00 0.000000e+00 0.000000e+00 0.000000e+00 0.000000e+00 7.306368e-01 2.693633e-01
 0.000000e+00 0.000000e+00 0.000000e+00 0.000000e+00 0.000000e+00 0.000000e+00 0.000000e+00 0.000000e+00 0.000000e+00 0.000000e+00 0.000000e+00 0.000000e+00
<ENDHMM>
