~o
<STREAMINFO> 1 13
<VECSIZE> 13<NULLD><MFCC_0><DIAGC>
~h "lx"
<BEGINHMM>
<NUMSTATES> 12
<STATE> 2
<MEAN> 13
 -3.364944e+00 3.787404e+00 9.759591e+00 1.031879e+00 -4.579604e+00 -6.804807e+00 -8.753627e+00 -4.788700e+00 -6.900279e+00 -2.874272e+00 -3.107041e+00 -1.541735e+00 6.344595e+01
<VARIANCE> 13
 1.500482e+01 2.363143e+01 5.057675e+01 4.557180e+01 5.094486e+01 7.596103e+01 7.364584e+01 4.713352e+01 5.014512e+01 4.056930e+01 3.972095e+01 2.561199e+01 5.423511e+01
<GCONST> 7.245555e+01
<STATE> 3
<MEAN> 13
 -3.952510e+00 2.335692e+00 1.682509e+01 -5.824571e+00 -1.529525e+01 -7.506176e-01 -1.211717e+01 -2.140263e+00 -1.218391e+01 -1.813327e-01 4.097532e+00 -3.242768e+00 7.251778e+01
<VARIANCE> 13
 1.062613e+01 2.595065e+01 3.658118e+01 7.473256e+01 3.910583e+01 4.720207e+01 4.061826e+01 4.729233e+01 4.169687e+01 4.827614e+01 2.766979e+01 3.858603e+01 1.343262e+01
<GCONST> 6.968493e+01
<STATE> 4
<MEAN> 13
 -4.359857e+00 7.414609e+00 8.185382e+00 -8.630542e+00 -1.338416e+01 -3.907428e+00 -1.215332e+01 -1.115014e+01 -9.864011e+00 -8.515189e-01 -5.660429e+00 -4.285627e+00 6.889310e+01
<VARIANCE> 13
 1.859612e+01 2.931640e+01 2.591175e+01 1.163745e+02 4.088348e+01 4.604430e+01 1.092534e+02 6.056751e+01 3.709130e+01 5.554849e+01 1.041068e+02 3.701531e+01 2.812589e+01
<GCONST> 7.376686e+01
<STATE> 5
<MEAN> 13
 -1.595108e+01 1.497697e+01 6.320656e+00 1.105801e+00 -1.997827e+00 -5.183628e+00 -8.183205e-01 -7.916469e+00 -5.490418e+00 -4.032051e+00 -1.855525e+00 -9.647525e-01 6.982016e+01
<VARIANCE> 13
 4.262747e+01 1.561381e+01 3.028722e+01 3.240611e+01 3.321296e+01 5.504333e+01 4.168927e+01 3.885214e+01 2.507718e+01 3.536358e+01 2.930717e+01 2.838377e+01 1.663260e+01
<GCONST> 6.850585e+01
<STATE> 6
<MEAN> 13
 -2.883075e+01 8.383427e+00 -4.726629e-01 -6.011184e+00 -2.825017e+00 -5.076473e+00 -1.486656e+00 -5.276059e+00 -3.647427e+00 -5.874537e-01 -1.321801e+00 -7.798539e-01 6.930989e+01
<VARIANCE> 13
 1.066922e+01 2.019478e+01 3.047397e+01 2.688421e+01 1.920116e+01 2.936361e+01 4.270542e+01 3.468094e+01 2.694424e+01 2.093577e+01 2.433907e+01 1.747164e+01 1.880996e+01
<GCONST> 6.493112e+01
<STATE> 7
<MEAN> 13
 -1.855306e+01 1.070007e+01 9.731645e+00 -2.937351e+00 -4.030363e+00 -6.654564e+00 -4.939921e+00 -7.478642e+00 -6.977207e+00 -3.936076e+00 -2.941363e+00 -1.192079e+00 7.016343e+01
<VARIANCE> 13
 2.447607e+01 1.968521e+01 2.097911e+01 2.083541e+01 2.775497e+01 3.014980e+01 3.408598e+01 4.025648e+01 2.238633e+01 2.005924e+01 1.895224e+01 1.653496e+01 2.686662e+01
<GCONST> 6.524932e+01
<STATE> 8
<MEAN> 13
 -1.120569e+01 6.832417e+00 1.299625e+01 -3.746994e+00 -1.288728e+01 -9.086448e+00 -1.129992e+01 -1.239643e+01 -1.038762e+01 -4.858302e+00 -6.581699e-01 -8.555195e-01 7.324643e+01
<VARIANCE> 13
 1.223739e+01 1.664620e+01 3.441134e+01 4.130899e+01 2.448001e+01 4.619216e+01 4.459652e+01 5.384195e+01 2.529360e+01 3.833809e+01 2.123557e+01 5.418985e+01 1.568093e+01
<GCONST> 6.796053e+01
<STATE> 9
<MEAN> 13
 -7.237029e+00 1.024973e+00 1.961263e+01 -5.349068e+00 -1.685130e+01 -4.484950e+00 -1.668946e+01 -6.670549e+00 -1.331357e+01 -5.639205e+00 3.248541e+00 -2.247040e+00 7.358405e+01
<VARIANCE> 13
 1.052406e+01 2.207835e+01 2.345007e+01 5.572775e+01 2.513890e+01 4.567372e+01 3.056353e+01 4.788233e+01 4.801856e+01 5.116974e+01 2.503831e+01 1.993520e+01 1.112408e+01
<GCONST> 6.727924e+01
<STATE> 10
<MEAN> 13
 -8.557905e+00 2.082102e+00 1.141613e+01 -1.287939e+01 -1.457190e+01 -7.354958e+00 -1.719561e+01 -1.027168e+01 -1.262463e+01 -3.840977e+00 -7.375600e+00 -3.661450e+00 6.523688e+01
<VARIANCE> 13
 1.978840e+01 2.787294e+01 2.595114e+01 1.047956e+02 3.004611e+01 3.852392e+01 5.582751e+01 4.377263e+01 2.694414e+01 2.583855e+01 9.642180e+01 3.830511e+01 3.763419e+01
<GCONST> 7.135653e+01
<STATE> 11
<MEAN> 13
 -5.916199e+00 2.314408e+00 7.514762e+00 -1.261067e+00 -6.310459e+00 -2.329221e+00 -6.713887e+00 -5.762760e+00 -5.589060e+00 -2.249770e+00 -1.976325e+00 -2.923790e+00 6.000769e+01
<VARIANCE> 13
 1.791315e+01 3.135594e+01 4.999686e+01 4.462027e+01 4.887714e+01 3.997918e+01 4.507110e+01 3.653710e+01 3.256218e+01 3.251746e+01 2.733919e+01 2.093085e+01 4.726579e+01
<GCONST> 7.008799e+01
<TRANSP> 12
 0.000000e+00 1.000000e+00 0.000000e+00 0.000000e+00 0.000000e+00 0.000000e+00 0.000000e+00 0.000000e+00 0.000000e+00 0.000000e+00 0.000000e+00 0.000000e+00
 0.000000e+00 7.202744e-01 2.797257e-01 0.000000e+00 0.000000e+00 0.000000e+00 0.000000e+00 0.000000e+00 0.000000e+00 0.000000e+00 0.000000e+00 0.000000e+00
 0.000000e+00 0.000000e+00 8.776253e-01 1.223747e-01 0.000000e+00 0.000000e+00 0.000000e+00 0.000000e+00 0.000000e+00 0.000000e+00 0.000000e+00 0.000000e+00
 0.000000e+00 0.000000e+00 0.000000e+00 8.262243e-01 1.737756e-01 0.000000e+00 0.000000e+00 0.000000e+00 0.000000e+00 0.000000e+00 0.000000e+00 0.000000e+00
 0.000000e+00 0.000000e+00 0.000000e+00 0.000000e+00 7.169331e-01 2.830669e-01 0.000000e+00 0.000000e+00 0.000000e+00 0.000000e+00 0.000000e+00 0.000000e+00
 0.000000e+00 0.000000e+00 0.000000e+00 0.000000e+00 0.000000e+00 8.642169e-01 1.357831e-01 0.000000e+00 0.000000e+00 0.000000e+00 0.000000e+00 0.000000e+00
 0.000000e+00 0.000000e+00 0.000000e+00 0.000000e+00 0.000000e+00 0.000000e+00 3.080064e-01 6.919936e-01 0.000000e+00 0.000000e+00 0.000000e+00 0.000000e+00
 0.000000e+00 0.000000e+00 0.000000e+00 0.000000e+00 0.000000e+00 0.000000e+00 0.000000e+00 5.703030e-01 4.296971e-01 0.000000e+00 0.000000e+00 0.000000e+00
 0.000000e+00 0.000000e+00 0.000000e+00 0.000000e+00 0.000000e+00 0.000000e+00 0.000000e+00 0.000000e+00 8.888290e-01 1.111710e-01 0.000000e+00 0.000000e+00
 0.000000e+00 0.000000e+00 0.000000e+00 0.000000e+00 0.000000e+00 0.000000e+00 0.000000e+00 0.000000e+00 0.000000e+00 7.856950e-01 2.143050e-01 0.000000e+00
 0.000000e+00 0.000000e+00 0.000000e+00 0.000000e+00 0.000000e+00 0.000000e+00 0.000000e+00 0.000000e+00 0.000000e+00 0.000000e+00 8.049072e-01 1.950928e-01
 0.000000e+00 0.000000e+00 0.000000e+00 0.000000e+00 0.000000e+00 0.000000e+00 0.000000e+00 0.000000e+00 0.000000e+00 0.000000e+00 0.000000e+00 0.000000e+00
<ENDHMM>
