~o
<STREAMINFO> 1 13
<VECSIZE> 13<NULLD><MFCC_0><DIAGC>
~h "rx"
<BEGINHMM>
<NUMSTATES> 12
<STATE> 2
<MEAN> 13
 1.898211e+00 2.848929e-02 1.305875e+00 1.942379e+00 -4.770813e+00 -5.752142e+00 -1.698023e+01 -9.562524e+00 -3.332198e+00 -7.745593e-01 -5.235706e+00 -3.599091e+00 6.479460e+01
<VARIANCE> 13
 1.695882e+01 3.111585e+01 3.247215e+01 4.552100e+01 4.991088e+01 6.989644e+01 7.767821e+01 6.764906e+01 5.458890e+01 3.843203e+01 3.767724e+01 3.144431e+01 3.894547e+01
<GCONST> 7.257178e+01
<STATE> 3
<MEAN> 13
 -4.712193e-01 -6.494821e+00 8.979308e+00 -1.015814e+00 -1.556021e+01 -6.125459e+00 -1.900859e+01 1.418363e+00 -3.339637e+00 -5.165483e+00 6.859049e-01 -2.593802e+00 7.392970e+01
<VARIANCE> 13
 1.014733e+01 4.409915e+01 4.358379e+01 4.478362e+01 2.683302e+01 4.008135e+01 6.047063e+01 4.572884e+01 4.933669e+01 4.182454e+01 3.978892e+01 3.922610e+01 1.132418e+01
<GCONST> 6.989004e+01
<STATE> 4
<MEAN> 13
 -7.196503e+00 -8.674623e-01 1.434625e+01 -8.594540e+00 -1.638385e+01 -6.991478e+00 -1.481470e+01 -3.990241e+00 -1.273966e+01 -1.525747e+00 -2.679546e+00 -2.386398e+00 7.207704e+01
<VARIANCE> 13
 1.148202e+01 5.380965e+01 6.392616e+01 8.567228e+01 5.549450e+01 4.510523e+01 4.083537e+01 6.821041e+01 4.340191e+01 4.187968e+01 9.367036e+01 4.293411e+01 3.568823e+01
<GCONST> 7.406390e+01
<STATE> 5
<MEAN> 13
 -1.711875e+01 1.240605e+01 1.024521e+01 5.070700e-02 -1.894383e+00 -5.409990e+00 -2.042778e+00 -4.204239e+00 -3.508175e+00 -1.577195e+00 -8.679290e-01 9.402668e-01 6.929528e+01
<VARIANCE> 13
 2.999630e+01 1.411333e+01 2.488123e+01 1.949512e+01 3.458839e+01 4.341349e+01 3.398839e+01 3.575991e+01 2.579578e+01 2.903892e+01 2.264882e+01 2.171939e+01 1.250529e+01
<GCONST> 6.588532e+01
<STATE> 6
<MEAN> 13
 -2.777535e+01 7.730368e+00 5.400116e-01 -7.044132e+00 -4.353766e+00 -6.641242e+00 -2.938355e+00 -3.892745e+00 -2.689991e+00 5.660136e-02 -9.887846e-01 1.947614e-01 6.823172e+01
<VARIANCE> 13
 1.014402e+01 2.255711e+01 2.978181e+01 2.805013e+01 2.240615e+01 4.425560e+01 3.482322e+01 2.718019e+01 2.575060e+01 2.625324e+01 2.184069e+01 1.811079e+01 1.744435e+01
<GCONST> 6.516087e+01
<STATE> 7
<MEAN> 13
 -1.375889e+01 9.661212e+00 1.076688e+01 -2.711643e+00 -6.275182e+00 -4.800086e+00 -4.713018e+00 -7.120808e+00 -5.355173e+00 -2.738719e+00 -1.825802e+00 -1.334969e+00 6.762270e+01
<VARIANCE> 13
 3.094396e+01 1.985575e+01 2.382350e+01 1.573267e+01 3.515869e+01 4.103047e+01 2.670522e+01 3.069500e+01 2.632180e+01 2.533781e+01 2.304550e+01 2.054494e+01 1.934436e+01
<GCONST> 6.584781e+01
<STATE> 8
<MEAN> 13
 -5.498372e+00 3.304960e+00 1.591258e+01 -9.193098e+00 -1.493073e+01 5.035256e-01 -1.041274e+01 -5.560499e+00 -1.027765e+01 -4.216912e-02 2.588037e+00 -5.345194e+00 7.209863e+01
<VARIANCE> 13
 1.145494e+01 2.067233e+01 2.109131e+01 3.790200e+01 4.085831e+01 5.752467e+01 3.912587e+01 4.778970e+01 3.888912e+01 5.076737e+01 3.341087e+01 3.422179e+01 1.150376e+01
<GCONST> 6.841179e+01
<STATE> 9
<MEAN> 13
 -3.623256e+00 2.924143e+00 4.142528e+00 -1.241466e+01 -1.167523e+01 -6.559303e+00 -1.593532e+01 -1.082977e+01 -1.020527e+01 -5.165472e+00 -8.986535e+00 -4.250173e+00 6.500624e+01
<VARIANCE> 13
 1.633664e+01 2.827846e+01 4.058141e+01 9.999025e+01 3.660708e+01 7.693513e+01 7.482887e+01 6.729303e+01 4.234588e+01 7.126927e+01 6.560802e+01 5.709653e+01 4.693627e+01
<GCONST> 7.489334e+01
<STATE> 10
<MEAN> 13
 9.386393e-01 3.760870e+00 7.080672e+00 2.158282e+00 -7.337679e+00 -3.341104e+00 -6.010047e+00 -6.698427e+00 -7.465856e+00 2.306089e-01 -2.571027e+00 -6.012978e+00 6.627069e+01
<VARIANCE> 13
 8.016465e+00 2.282768e+01 2.889731e+01 3.584346e+01 3.469620e+01 3.635776e+01 4.189788e+01 4.672808e+01 5.339914e+01 4.840873e+01 4.490096e+01 3.643813e+01 2.257874e+01
<GCONST> 6.913897e+01
<STATE> 11
<MEAN> 13
 -5.185015e+00 1.383791e+00 3.623103e+00 -1.342368e+00 -2.818470e+00 -8.429162e-01 -4.746216e+00 -3.107148e+00 -2.638504e+00 -1.540795e+00 -3.401476e+00 -3.123752e+00 5.771637e+01
<VARIANCE> 13
 1.710721e+01 2.392303e+01 4.048527e+01 3.356767e+01 3.500431e+01 3.507178e+01 4.203477e+01 3.478979e+01 3.360610e+01 2.596274e+01 2.049933e+01 2.136501e+01 3.103888e+01
<GCONST> 6.781069e+01
<TRANSP> 12
 0.000000e+00 1.000000e+00 0.000000e+00 0.000000e+00 0.000000e+00 0.000000e+00 0.000000e+00 0.000000e+00 0.000000e+00 0.000000e+00 0.000000e+00 0.000000e+00
 0.000000e+00 7.852192e-01 2.147809e-01 0.000000e+00 0.000000e+00 0.000000e+00 0.000000e+00 0.000000e+00 0.000000e+00 0.000000e+00 0.000000e+00 0.000000e+00
 0.000000e+00 0.000000e+00 8.206700e-01 1.793300e-01 0.000000e+00 0.000000e+00 0.000000e+00 0.000000e+00 0.000000e+00 0.000000e+00 0.000000e+00 0.000000e+00
 0.000000e+00 0.000000e+00 0.000000e+00 8.175712e-01 1.824288e-01 0.000000e+00 0.000000e+00 0.000000e+00 0.000000e+00 0.000000e+00 0.000000e+00 0.000000e+00
 0.000000e+00 0.000000e+00 0.000000e+00 0.000000e+00 7.048567e-01 2.951433e-01 0.000000e+00 0.000000e+00 0.000000e+00 0.000000e+00 0.000000e+00 0.000000e+00
 0.000000e+00 0.000000e+00 0.000000e+00 0.000000e+00 0.000000e+00 8.635747e-01 1.364252e-01 0.000000e+00 0.000000e+00 0.000000e+00 0.000000e+00 0.000000e+00
 0.000000e+00 0.000000e+00 0.000000e+00 0.000000e+00 0.000000e+00 0.000000e+00 4.809300e-01 5.190700e-01 0.000000e+00 0.000000e+00 0.000000e+00 0.000000e+00
 0.000000e+00 0.000000e+00 0.000000e+00 0.000000e+00 0.000000e+00 0.000000e+00 0.000000e+00 8.203971e-01 1.796029e-01 0.000000e+00 0.000000e+00 0.000000e+00
 0.000000e+00 0.000000e+00 0.000000e+00 0.000000e+00 0.000000e+00 0.000000e+00 0.000000e+00 0.000000e+00 7.186775e-01 2.813225e-01 0.000000e+00 0.000000e+00
 0.000000e+00 0.000000e+00 0.000000e+00 0.000000e+00 0.000000e+00 0.000000e+00 0.000000e+00 0.000000e+00 0.000000e+00 8.226621e-01 1.773380e-01 0.000000e+00
 0.000000e+00 0.000000e+00 0.000000e+00 0.000000e+00 0.000000e+00 0.000000e+00 0.000000e+00 0.000000e+00 0.000000e+00 0.000000e+00 8.082897e-01 1.917103e-01
 0.000000e+00 0.000000e+00 0.000000e+00 0.000000e+00 0.000000e+00 0.000000e+00 0.000000e+00 0.000000e+00 0.000000e+00 0.000000e+00 0.000000e+00 0.000000e+00
<ENDHMM>
