~o
<STREAMINFO> 1 39
<VECSIZE> 39<NULLD><MFCC_D_A_0><DIAGC>
~h "sil"
<BEGINHMM>
<NUMSTATES> 3
<STATE> 2
<MEAN> 39
 -9.227069e+00 -2.800886e+00 -5.349106e-01 -2.247106e+00 1.366405e-01 -8.073592e+00 1.920747e+00 -4.399648e+00 6.703378e+00 -2.329913e+00 3.135289e+00 -1.181851e+00 6.503363e+01 4.015049e-02 4.253621e-03 1.088956e-02 -1.206955e-02 9.548484e-03 2.681898e-02 6.143775e-02 6.881230e-02 -5.466019e-02 1.513707e-03 -2.003907e-02 -1.269569e-02 -7.951508e-02 -3.888156e-03 -7.104485e-03 3.575150e-03 -1.395341e-02 -1.389077e-02 -2.200172e-03 -1.144189e-03 -9.469320e-04 -1.584768e-02 -4.585281e-03 -4.176244e-03 -1.475091e-02 1.185569e-02
<VARIANCE> 39
 4.752349e+00 4.674201e+00 7.098786e+00 1.099995e+01 9.539803e+00 1.158002e+01 1.368858e+01 1.799422e+01 1.627594e+01 1.786079e+01 1.395084e+01 9.632854e+00 3.264828e+00 1.637171e-01 3.884037e-01 5.146156e-01 7.601707e-01 8.090052e-01 1.094220e+00 1.323864e+00 1.437138e+00 1.390569e+00 1.451773e+00 1.342739e+00 9.545085e-01 7.842829e-02 3.021420e-02 7.664272e-02 1.054234e-01 1.590698e-01 1.648171e-01 2.332759e-01 2.587917e-01 2.952256e-01 2.929062e-01 2.788514e-01 2.993008e-01 2.065169e-01 1.479021e-02
<GCONST> 7.084693e+01
<TRANSP> 3
 0.000000e+00 1.000000e+00 0.000000e+00
 0.000000e+00 9.648092e-01 3.519077e-02
 0.000000e+00 0.000000e+00 0.000000e+00
<ENDHMM>
