~o
<STREAMINFO> 1 13
<VECSIZE> 13<NULLD><MFCC_E><DIAGC>
~h "\347\221\236"
<BEGINHMM>
<NUMSTATES> 6
<STATE> 2
<MEAN> 13
 -6.971273e+00 -6.843091e-01 6.591864e-01 -3.568506e+00 2.179754e-01 -8.038003e+00 1.259167e+00 -5.236934e+00 3.639204e+00 -4.215435e+00 2.110163e+00 -2.158042e+00 4.875231e-01
<VARIANCE> 13
 1.504008e+00 6.599556e+00 7.552885e+00 1.697777e+01 5.030098e+00 1.119374e+01 9.331373e+00 1.465392e+01 1.837257e+01 1.141709e+01 1.330762e+01 1.759329e+01 1.147597e-02
<GCONST> 4.632459e+01
<STATE> 3
<MEAN> 13
 -8.868007e-01 -1.009403e+00 7.967079e+00 -1.205281e+01 -2.754703e+00 -1.249548e+01 -1.935412e+01 -7.684080e+00 3.421626e+00 -5.878185e+00 -7.294717e+00 -2.861332e+00 9.396682e-01
<VARIANCE> 13
 1.256209e+00 2.663349e+01 1.400955e+01 7.723927e+01 1.311236e+01 1.741909e+01 8.969930e+01 3.467772e+01 2.283360e+01 3.765562e+01 1.959650e+01 1.234399e+01 3.439813e-03
<GCONST> 5.443590e+01
<STATE> 4
<MEAN> 13
 -3.339650e+00 -1.520513e-01 1.119651e+01 -1.091415e+01 -6.735981e+00 -1.611118e+01 -6.931026e+00 -9.199045e+00 -4.703195e+00 -8.376287e-01 -3.381423e+00 2.609280e+00 8.277090e-01
<VARIANCE> 13
 2.057406e+00 2.185712e+01 1.204064e+01 1.797045e+01 2.193263e+01 2.420329e+01 2.301870e+01 2.229041e+01 2.078061e+01 9.923401e+00 3.315453e+01 1.221505e+01 9.203874e-03
<GCONST> 5.223495e+01
<STATE> 5
<MEAN> 13
 -8.732582e+00 -1.401268e+00 1.074468e+00 -4.217223e+00 -1.901750e+00 -8.379319e+00 5.378320e-01 -6.193411e+00 2.774268e+00 -4.947083e+00 2.419981e+00 7.582293e-01 4.620074e-01
<VARIANCE> 13
 3.684882e+00 2.978597e+00 7.606784e+00 1.105266e+01 1.503084e+01 1.183031e+01 7.072474e+00 1.226673e+01 1.688799e+01 1.007337e+01 1.076119e+01 9.032982e+00 4.131945e-03
<GCONST> 4.458800e+01
<TRANSP> 6
 0.000000e+00 1.000000e+00 0.000000e+00 0.000000e+00 0.000000e+00 0.000000e+00
 0.000000e+00 8.947369e-01 1.052631e-01 0.000000e+00 0.000000e+00 0.000000e+00
 0.000000e+00 0.000000e+00 9.259465e-01 7.405353e-02 0.000000e+00 0.000000e+00
 0.000000e+00 0.000000e+00 0.000000e+00 8.332168e-01 1.667832e-01 0.000000e+00
 0.000000e+00 0.000000e+00 0.000000e+00 0.000000e+00 9.200035e-01 7.999653e-02
 0.000000e+00 0.000000e+00 0.000000e+00 0.000000e+00 0.000000e+00 0.000000e+00
<ENDHMM>
