~o
<STREAMINFO> 1 13
<VECSIZE> 13<NULLD><MFCC_E><DIAGC>
~h "\345\276\256"
<BEGINHMM>
<NUMSTATES> 6
<STATE> 2
<MEAN> 13
 -7.123004e+00 -5.212415e-01 -2.736340e+00 -3.594826e+00 7.792269e-01 -6.537000e+00 5.099652e+00 -5.419723e+00 5.500095e+00 -3.507148e+00 4.521368e+00 -1.677700e+00 3.757995e-01
<VARIANCE> 13
 4.738191e+00 1.857032e+00 8.354478e+00 1.550986e+01 1.022011e+01 1.289237e+01 1.339521e+01 2.558989e+01 2.264744e+01 1.733937e+01 6.825115e+00 1.681369e+01 3.928612e-03
<GCONST> 4.682577e+01
<STATE> 3
<MEAN> 13
 3.421418e+00 1.071074e+00 -2.640228e+00 -1.973699e+01 -2.697456e+00 -1.849395e+00 -1.273390e+01 -1.134230e+01 -1.813522e+00 -9.380527e-01 4.434735e-01 -7.041490e-02 9.127792e-01
<VARIANCE> 13
 2.849364e+00 1.931847e+01 1.336780e+01 3.057126e+01 1.158960e+01 2.700922e+01 9.743876e+01 2.178403e+01 3.357298e+01 6.799969e+01 1.558455e+01 3.017443e+01 8.673552e-03
<GCONST> 5.645917e+01
<STATE> 4
<MEAN> 13
 -2.805953e+00 9.510877e-01 1.699556e+01 -1.560339e+01 -1.250466e+01 -4.589330e+00 -1.252656e+01 -8.752234e+00 -3.724244e+00 -6.672812e+00 4.539725e-01 -5.299981e+00 8.204803e-01
<VARIANCE> 13
 3.563267e+00 1.072188e+01 2.916417e+01 4.071519e+01 3.326603e+01 2.212721e+01 2.391531e+01 1.208291e+01 1.978301e+01 2.159102e+01 1.113245e+01 6.138622e+00 1.286896e-02
<GCONST> 5.281119e+01
<STATE> 5
<MEAN> 13
 -9.014914e+00 -9.776269e-01 -1.193127e+00 -5.600434e+00 4.413285e-01 -8.379689e+00 3.992588e+00 -1.141627e+00 9.297972e+00 -1.291334e+00 3.001798e+00 -3.156273e+00 4.172778e-01
<VARIANCE> 13
 5.028090e+00 6.019858e+00 6.251091e+00 6.029457e+00 1.223580e+01 1.888834e+01 1.894205e+01 3.639662e+01 2.195988e+01 1.816827e+01 2.119599e+01 2.700878e+01 1.874462e-03
<GCONST> 4.897013e+01
<TRANSP> 6
 0.000000e+00 1.000000e+00 0.000000e+00 0.000000e+00 0.000000e+00 0.000000e+00
 0.000000e+00 9.565226e-01 4.347743e-02 0.000000e+00 0.000000e+00 0.000000e+00
 0.000000e+00 0.000000e+00 9.083216e-01 9.167845e-02 0.000000e+00 0.000000e+00
 0.000000e+00 0.000000e+00 0.000000e+00 9.502299e-01 4.977012e-02 0.000000e+00
 0.000000e+00 0.000000e+00 0.000000e+00 0.000000e+00 9.552246e-01 4.477544e-02
 0.000000e+00 0.000000e+00 0.000000e+00 0.000000e+00 0.000000e+00 0.000000e+00
<ENDHMM>
