~o
<STREAMINFO> 1 13
<VECSIZE> 13<NULLD><MFCC_E><DIAGC>
~h "rui"
<BEGINHMM>
<NUMSTATES> 6
<STATE> 2
<MEAN> 13
 -7.011330e+00 -5.888045e-01 2.371782e-01 -2.665449e+00 3.968000e-01 -8.005141e+00 1.616406e+00 -5.500165e+00 3.937556e+00 -3.876186e+00 1.836653e+00 -1.684681e+00 4.706822e-01
<VARIANCE> 13
 1.542066e+00 5.764835e+00 7.683247e+00 1.626706e+01 4.473477e+00 1.162271e+01 1.005249e+01 1.501975e+01 1.629390e+01 1.113289e+01 1.432524e+01 1.708920e+01 9.640262e-03
<GCONST> 4.593316e+01
<STATE> 3
<MEAN> 13
 -7.782091e-01 -1.068670e+00 8.354712e+00 -1.181044e+01 -2.890955e+00 -1.105910e+01 -2.008255e+01 -8.140340e+00 2.904490e+00 -6.392062e+00 -7.034385e+00 -2.715356e+00 9.298036e-01
<VARIANCE> 13
 8.742644e-01 2.421924e+01 1.268507e+01 8.977155e+01 1.152962e+01 1.585031e+01 1.114183e+02 3.705171e+01 2.070927e+01 4.678558e+01 2.093444e+01 1.420840e+01 4.164112e-03
<GCONST> 5.460672e+01
<STATE> 4
<MEAN> 13
 -3.342155e+00 -3.075873e+00 1.146485e+01 -1.328151e+01 -7.896693e+00 -1.751147e+01 -1.174229e+01 -6.473434e+00 -2.774427e+00 -4.214405e-01 -5.700305e+00 1.781618e+00 8.517253e-01
<VARIANCE> 13
 1.848282e+00 2.495901e+01 1.278138e+01 1.863148e+01 1.879704e+01 9.302725e+00 5.542173e+01 4.176700e+01 4.534929e+01 9.580230e+00 3.862484e+01 1.642560e+01 1.186277e-02
<GCONST> 5.420031e+01
<STATE> 5
<MEAN> 13
 -8.709904e+00 -1.217908e+00 1.503671e+00 -3.936408e+00 -2.458571e+00 -8.245865e+00 5.689975e-01 -6.134033e+00 3.324501e+00 -4.715493e+00 2.582259e+00 6.642380e-01 4.620629e-01
<VARIANCE> 13
 3.865484e+00 4.205560e+00 8.845276e+00 1.208704e+01 1.344497e+01 1.246000e+01 7.938644e+00 1.356977e+01 1.470465e+01 1.109680e+01 1.091965e+01 9.507380e+00 4.950261e-03
<GCONST> 4.558277e+01
<TRANSP> 6
 0.000000e+00 1.000000e+00 0.000000e+00 0.000000e+00 0.000000e+00 0.000000e+00
 0.000000e+00 8.999991e-01 1.000009e-01 0.000000e+00 0.000000e+00 0.000000e+00
 0.000000e+00 0.000000e+00 9.185906e-01 8.140938e-02 0.000000e+00 0.000000e+00
 0.000000e+00 0.000000e+00 0.000000e+00 8.510916e-01 1.489084e-01 0.000000e+00
 0.000000e+00 0.000000e+00 0.000000e+00 0.000000e+00 9.285761e-01 7.142393e-02
 0.000000e+00 0.000000e+00 0.000000e+00 0.000000e+00 0.000000e+00 0.000000e+00
<ENDHMM>
