~o
<STREAMINFO> 1 13
<VECSIZE> 13<NULLD><MFCC_E><DIAGC>
~h "xin"
<BEGINHMM>
<NUMSTATES> 6
<STATE> 2
<MEAN> 13
 -1.908747e+01 2.677994e+00 -1.377009e+00 -8.093220e+00 5.559660e+00 -1.086506e+01 3.295613e+00 -1.451693e+00 2.670734e-01 -2.094418e+00 2.681139e+00 -1.434357e+00 6.096791e-01
<VARIANCE> 13
 5.684096e+01 3.786859e+01 1.433055e+01 1.883428e+01 2.311438e+01 1.534659e+01 1.473589e+01 2.247890e+01 2.956620e+01 1.911821e+01 1.948283e+01 1.969238e+01 1.773084e-02
<GCONST> 5.709365e+01
<STATE> 3
<MEAN> 13
 -3.517333e+00 -3.021774e+00 1.946500e+01 -1.980693e+01 -1.393860e+01 -5.243551e+00 -1.220222e+01 -4.996915e+00 -1.412796e+01 -3.091403e+00 3.694324e-01 -2.109994e+00 9.724164e-01
<VARIANCE> 13
 3.115212e-01 3.831747e+00 1.394255e+00 1.954582e+01 3.087727e+00 2.670212e+01 1.026052e+01 8.651871e+00 3.758196e+00 7.272553e+00 4.118059e+00 7.205215e+00 6.579231e-04
<GCONST> 3.564462e+01
<STATE> 4
<MEAN> 13
 -1.612287e+00 1.471608e+00 1.216642e+01 -9.276237e+00 -6.566344e+00 -3.306740e+00 -1.191255e+01 -9.529990e+00 -3.123882e+00 -1.058509e+01 -4.111343e+00 -6.168633e+00 8.482951e-01
<VARIANCE> 13
 3.002230e+00 6.641407e+00 2.829035e+01 8.006587e+01 3.153293e+01 2.971968e+01 5.966662e+01 1.308848e+01 1.645006e+01 4.362042e+01 8.178678e+00 1.092319e+01 1.025314e-02
<GCONST> 5.460190e+01
<STATE> 5
<MEAN> 13
 -6.116819e+00 -1.969970e+00 -6.352844e-01 -3.322057e+00 -2.340935e+00 -9.476002e+00 2.028484e+00 -6.292690e+00 7.065024e+00 -1.069250e+00 2.029281e+00 -4.578932e-01 4.531150e-01
<VARIANCE> 13
 5.032214e+00 2.469338e+00 4.248127e+00 2.363794e+00 1.707907e+01 1.685588e+01 9.947299e+00 1.101309e+01 1.616298e+01 2.155971e+01 1.036625e+01 9.667208e+00 2.896162e-03
<GCONST> 4.369437e+01
<TRANSP> 6
 0.000000e+00 1.000000e+00 0.000000e+00 0.000000e+00 0.000000e+00 0.000000e+00
 0.000000e+00 9.571429e-01 4.285711e-02 0.000000e+00 0.000000e+00 0.000000e+00
 0.000000e+00 0.000000e+00 8.639629e-01 1.360370e-01 0.000000e+00 0.000000e+00
 0.000000e+00 0.000000e+00 0.000000e+00 9.399366e-01 6.006334e-02 0.000000e+00
 0.000000e+00 0.000000e+00 0.000000e+00 0.000000e+00 9.090906e-01 9.090936e-02
 0.000000e+00 0.000000e+00 0.000000e+00 0.000000e+00 0.000000e+00 0.000000e+00
<ENDHMM>
