~o
<STREAMINFO> 1 13
<VECSIZE> 13<NULLD><MFCC_0><DIAGC>
~h "lx"
<BEGINHMM>
<NUMSTATES> 6
<STATE> 2
<MEAN> 13
 -3.961909e+00 4.676175e+00 1.137924e+01 -4.672599e+00 -1.300186e+01 -3.009681e+00 -1.111067e+01 -5.902250e+00 -9.795997e+00 -1.606220e+00 -1.197000e+00 -3.594980e+00 6.985850e+01
<VARIANCE> 13
 1.427494e+01 3.243044e+01 4.691047e+01 9.155360e+01 5.842985e+01 6.415130e+01 8.015455e+01 7.003664e+01 4.622960e+01 5.270132e+01 8.199683e+01 3.829123e+01 3.767415e+01
<GCONST> 7.473635e+01
<STATE> 3
<MEAN> 13
 -2.450315e+01 9.956568e+00 2.654478e+00 -3.157779e+00 -2.427958e+00 -4.159031e+00 -4.503981e-01 -5.989116e+00 -3.725367e+00 -2.153512e+00 -2.206285e+00 -1.091927e+00 6.947501e+01
<VARIANCE> 13
 4.730852e+01 2.844632e+01 4.692722e+01 3.428709e+01 2.502241e+01 2.880628e+01 3.786018e+01 3.712258e+01 2.470192e+01 2.570730e+01 2.595185e+01 2.078322e+01 2.046495e+01
<GCONST> 6.807173e+01
<STATE> 4
<MEAN> 13
 -9.145734e+00 3.506067e+00 1.544849e+01 -9.135356e+00 -1.476937e+01 -4.539124e+00 -1.735730e+01 -8.430592e+00 -1.327112e+01 -4.120669e+00 -3.022995e+00 -3.750475e+00 7.108357e+01
<VARIANCE> 13
 1.547241e+01 2.617278e+01 4.274716e+01 9.010046e+01 2.802497e+01 4.043693e+01 4.550372e+01 6.814017e+01 2.553340e+01 4.684636e+01 7.853019e+01 3.487264e+01 2.884284e+01
<GCONST> 7.158852e+01
<STATE> 5
<MEAN> 13
 -5.432458e+00 2.832165e+00 1.046587e+01 5.967120e-01 -9.242227e+00 -2.977756e+00 -7.559014e+00 -6.175971e+00 -5.391468e+00 -5.180027e+00 -6.768460e-01 -2.497507e+00 6.471030e+01
<VARIANCE> 13
 1.503570e+01 3.050398e+01 6.560210e+01 3.547384e+01 7.449235e+01 6.264776e+01 4.392715e+01 3.832499e+01 2.832622e+01 5.695559e+01 3.669822e+01 2.691583e+01 7.595887e+01
<GCONST> 7.226164e+01
<TRANSP> 6
 0.000000e+00 1.000000e+00 0.000000e+00 0.000000e+00 0.000000e+00 0.000000e+00
 0.000000e+00 9.417827e-01 5.821739e-02 0.000000e+00 0.000000e+00 0.000000e+00
 0.000000e+00 0.000000e+00 9.120810e-01 8.791900e-02 0.000000e+00 0.000000e+00
 0.000000e+00 0.000000e+00 0.000000e+00 9.093452e-01 9.065481e-02 0.000000e+00
 0.000000e+00 0.000000e+00 0.000000e+00 0.000000e+00 8.810680e-01 1.189320e-01
 0.000000e+00 0.000000e+00 0.000000e+00 0.000000e+00 0.000000e+00 0.000000e+00
<ENDHMM>
