~o
<STREAMINFO> 1 13
<VECSIZE> 13<NULLD><MFCC_0><DIAGC>
~h "dd"
<BEGINHMM>
<NUMSTATES> 6
<STATE> 2
<MEAN> 13
 -6.275086e+00 2.570554e+00 9.028948e+00 -5.321877e+00 -1.536740e+01 -2.405869e+00 -1.051753e+01 -7.026772e+00 -9.987394e+00 -3.250238e+00 -1.466315e+00 -3.517727e+00 6.935937e+01
<VARIANCE> 13
 2.670768e+01 2.460340e+01 7.888454e+01 9.316613e+01 6.791714e+01 4.905929e+01 9.082365e+01 5.775072e+01 5.939948e+01 5.975494e+01 1.035787e+02 4.888213e+01 3.592719e+01
<GCONST> 7.624476e+01
<STATE> 3
<MEAN> 13
 1.789684e+00 5.729817e+00 6.709023e+00 4.851190e+00 -1.176389e+01 -2.157107e+00 -7.234437e+00 -1.102382e+01 -8.706653e+00 3.063907e+00 -4.816105e+00 -5.775266e+00 6.543130e+01
<VARIANCE> 13
 1.030800e+01 1.730032e+01 1.922294e+01 3.227276e+01 4.502202e+01 3.753049e+01 3.978632e+01 3.567227e+01 4.313583e+01 3.995704e+01 3.649788e+01 3.542792e+01 1.766509e+01
<GCONST> 6.768509e+01
<STATE> 4
<MEAN> 13
 2.594573e-01 -1.036173e+00 -4.002067e+00 -1.215989e+01 -7.676054e+00 -1.631785e+00 -1.388658e+01 -6.056903e+00 -7.656448e+00 -3.678396e+00 -4.362268e+00 -5.237836e+00 6.853699e+01
<VARIANCE> 13
 1.554593e+01 3.037656e+01 4.415567e+01 5.221671e+01 5.032727e+01 1.007298e+02 6.510146e+01 8.093864e+01 1.013884e+02 7.621371e+01 8.176756e+01 4.804287e+01 7.255069e+01
<GCONST> 7.640638e+01
<STATE> 5
<MEAN> 13
 -4.742479e-01 3.728000e+00 3.800637e+00 -9.373560e-01 -5.396709e+00 1.692414e+00 -4.790828e+00 -7.531283e+00 -5.090987e+00 -2.378565e-01 -4.744298e+00 -3.433696e+00 6.329171e+01
<VARIANCE> 13
 2.621006e+01 2.141381e+01 3.152230e+01 3.355878e+01 4.222038e+01 4.025410e+01 4.910044e+01 4.812955e+01 4.511117e+01 4.299379e+01 2.717884e+01 2.515189e+01 4.169277e+01
<GCONST> 7.022034e+01
<TRANSP> 6
 0.000000e+00 1.000000e+00 0.000000e+00 0.000000e+00 0.000000e+00 0.000000e+00
 0.000000e+00 8.970383e-01 1.029617e-01 0.000000e+00 0.000000e+00 0.000000e+00
 0.000000e+00 0.000000e+00 8.926677e-01 1.073323e-01 0.000000e+00 0.000000e+00
 0.000000e+00 0.000000e+00 0.000000e+00 9.297062e-01 7.029383e-02 0.000000e+00
 0.000000e+00 0.000000e+00 0.000000e+00 0.000000e+00 9.075341e-01 9.246587e-02
 0.000000e+00 0.000000e+00 0.000000e+00 0.000000e+00 0.000000e+00 0.000000e+00
<ENDHMM>
