~o
<STREAMINFO> 1 52
<VECSIZE> 52<NULLD><MFCC_D_A_T_0><DIAGC>
~h "sil"
<BEGINHMM>
<NUMSTATES> 12
<STATE> 2
<NUMMIXES> 3
<MIXTURE> 1 2.026556e-01
<MEAN> 52
 -1.091584e+01 -5.069524e-01 -2.644107e+00 -5.842564e+00 3.191665e+00 -3.467114e+00 -3.020331e+00 1.826369e+00 8.316975e-01 2.736169e+00 -2.764364e+00 -5.060436e+00 5.906678e+01 1.365173e+00 -9.188255e-01 -4.443687e-01 9.473225e-01 -5.336944e-01 -1.130324e-01 1.000735e+00 5.190043e-01 3.421432e-01 1.293504e-01 -5.031818e-01 -1.062110e+00 4.547322e-01 6.069537e-02 -9.816667e-02 -5.569900e-02 -4.329238e-03 -2.024331e-01 5.487518e-02 4.336309e-02 -2.558515e-02 -1.970693e-01 -1.309118e-01 -1.906727e-02 7.436610e-02 5.152312e-02 -8.119176e-02 5.242075e-02 5.542235e-02 -9.020740e-02 8.471581e-02 3.595008e-02 -9.838758e-02 -1.041823e-01 -7.645413e-02 1.896076e-02 8.538546e-02 1.300257e-01 -9.035061e-02
<VARIANCE> 52
 3.951023e+01 2.621914e+01 1.781893e+01 2.595050e+01 4.109228e+01 3.802761e+01 2.888180e+01 3.554818e+01 2.556011e+01 3.238908e+01 2.214707e+01 2.462740e+01 1.902332e+01 4.152567e+00 1.842010e+00 1.825424e+00 2.415320e+00 3.042336e+00 2.665130e+00 2.806596e+00 2.152099e+00 3.557212e+00 4.354140e+00 2.909822e+00 2.079142e+00 1.078062e+00 4.362520e-01 2.831716e-01 2.773275e-01 3.281180e-01 3.773909e-01 5.769525e-01 4.982638e-01 4.168604e-01 6.439942e-01 6.105812e-01 4.032682e-01 3.510725e-01 2.133465e-01 9.675716e-02 6.463981e-02 6.465530e-02 8.789721e-02 1.259302e-01 1.303887e-01 1.323830e-01 7.954089e-02 1.375661e-01 1.415618e-01 9.318651e-02 6.507715e-02 4.774326e-02
<GCONST> 1.079174e+02
<MIXTURE> 2 4.265480e-01
<MEAN> 52
 -9.005917e+00 -3.015621e+00 -3.194056e+00 -5.573142e+00 -4.710789e+00 -3.349638e+00 -3.859018e+00 -3.252167e+00 -3.232894e+00 -1.541492e+00 -1.977538e+00 -1.503582e+00 5.349322e+01 -1.613862e-01 -1.868097e-01 -3.038529e-01 -1.152222e-01 -5.857187e-02 -1.950768e-01 -4.095761e-02 -1.599426e-01 3.405777e-01 5.385189e-02 2.629133e-01 6.817775e-03 -2.112617e-01 2.334911e-01 3.255999e-01 3.700796e-01 4.001001e-01 3.624832e-01 2.899382e-01 5.538883e-02 3.437496e-02 1.149521e-02 -8.047070e-02 -9.188680e-02 -1.079917e-01 1.635809e-01 -5.723296e-02 -9.402630e-02 -8.302643e-02 -5.182203e-02 -6.248757e-03 1.884166e-02 3.955904e-02 7.416692e-02 2.614244e-03 -2.968520e-03 -1.632956e-02 2.650505e-02 -4.283247e-02
<VARIANCE> 52
 8.932646e+00 8.851051e+00 1.668521e+01 1.767567e+01 1.565508e+01 1.818917e+01 1.992781e+01 2.298648e+01 2.435272e+01 2.148623e+01 1.983845e+01 1.685180e+01 1.408341e+01 3.690591e-01 6.833237e-01 1.018814e+00 1.462622e+00 1.781119e+00 1.943052e+00 1.983457e+00 1.829908e+00 1.751339e+00 2.146617e+00 1.640077e+00 1.441634e+00 1.814675e-01 6.741793e-02 1.319553e-01 1.991196e-01 2.350770e-01 2.713177e-01 2.938770e-01 4.305608e-01 3.975762e-01 4.148751e-01 3.930868e-01 3.495919e-01 2.470759e-01 3.875962e-02 1.625187e-02 2.936717e-02 4.326887e-02 6.254826e-02 8.224295e-02 8.578653e-02 9.595293e-02 8.679353e-02 8.138421e-02 1.021081e-01 8.097926e-02 6.550173e-02 8.678416e-03
<GCONST> 7.648342e+01
<MIXTURE> 3 3.707964e-01
<MEAN> 52
 -1.075945e+01 -6.533222e-01 -2.739201e+00 -3.033926e+00 2.278042e+00 -1.696784e+00 -2.988028e+00 -1.523790e+00 -2.232087e+00 8.489692e-01 -1.794255e+00 -2.804525e+00 5.793925e+01 -6.959134e-02 -6.727729e-02 1.025808e-02 2.688820e-01 9.478204e-02 -4.008614e-02 -2.326860e-01 -1.881907e-01 -1.979397e-01 -4.217857e-01 -3.612845e-02 2.644489e-01 -1.724184e-01 -2.246984e-02 -8.796005e-02 -4.894505e-02 -6.342210e-02 -9.775402e-02 7.795913e-03 3.618917e-02 8.951335e-02 1.071202e-01 2.962545e-02 -1.913144e-02 -9.284648e-02 -1.826312e-02 -5.945116e-04 -6.484983e-03 -3.039752e-02 -1.070008e-02 -6.833044e-03 2.732273e-02 4.403340e-02 1.514034e-02 3.409184e-02 3.129045e-02 3.235489e-02 -1.517414e-02 1.424411e-02
<VARIANCE> 52
 4.478814e+01 1.656087e+01 1.289486e+01 2.195686e+01 3.660848e+01 3.411474e+01 1.982676e+01 2.146803e+01 2.358546e+01 3.100101e+01 1.983002e+01 2.748433e+01 2.266459e+01 5.107611e-01 4.924980e-01 6.667576e-01 6.687770e-01 9.769027e-01 1.653463e+00 1.619188e+00 1.560958e+00 1.590227e+00 1.632767e+00 1.141165e+00 1.499619e+00 3.351346e-01 7.595263e-02 7.798347e-02 1.120728e-01 1.041717e-01 1.275892e-01 2.579592e-01 3.077620e-01 1.698863e-01 2.593978e-01 3.045171e-01 1.923732e-01 2.155980e-01 3.248469e-02 9.144061e-03 1.699484e-02 1.895132e-02 2.063841e-02 2.406607e-02 3.965824e-02 4.979663e-02 3.153271e-02 4.188966e-02 4.691399e-02 3.264952e-02 3.961103e-02 6.971341e-03
<GCONST> 6.367371e+01
<STATE> 3
<NUMMIXES> 3
<MIXTURE> 1 2.391395e-01
<MEAN> 52
 -9.435742e+00 -3.035339e+00 -4.644780e+00 -1.919052e+00 -9.979441e-02 -8.567945e-01 -2.674202e+00 -1.599777e+00 -4.509161e-01 -6.471300e-01 -1.823540e+00 -2.221510e+00 5.445292e+01 -3.350510e-01 -1.882802e-01 -1.982810e-01 1.145429e-01 -7.194600e-02 -1.038951e-01 -1.460444e-01 -2.238226e-01 -1.570265e-01 -1.505122e-01 1.129013e-01 1.662000e-01 1.576433e-01 5.670754e-02 2.270667e-02 1.306398e-01 -2.737567e-02 -4.109734e-02 -1.812977e-02 5.210925e-03 5.020247e-02 -2.736885e-02 5.903639e-02 2.074901e-02 3.513288e-02 -7.056635e-02 3.377267e-02 -4.423724e-03 1.954603e-02 -2.847437e-02 4.246561e-03 -7.535978e-03 2.848652e-02 5.825320e-02 4.190701e-02 3.517316e-03 -2.236420e-02 -1.018790e-02 -3.688627e-02
<VARIANCE> 52
 1.472717e+01 9.065844e+00 1.864498e+01 1.905160e+01 2.596206e+01 2.051592e+01 2.213990e+01 2.453201e+01 1.988328e+01 1.955273e+01 2.078554e+01 1.988543e+01 2.264807e+01 1.415663e+00 8.346925e-01 1.879279e+00 1.648477e+00 1.889841e+00 1.843025e+00 2.193472e+00 2.169521e+00 1.765620e+00 1.682932e+00 2.166888e+00 1.402813e+00 8.754870e-01 2.711316e-01 1.453210e-01 3.542420e-01 3.444985e-01 3.640828e-01 3.503526e-01 4.020474e-01 4.522261e-01 3.695892e-01 3.408208e-01 4.381966e-01 2.777568e-01 1.558809e-01 6.233102e-02 3.356228e-02 8.872699e-02 8.417401e-02 7.895939e-02 8.687601e-02 1.049858e-01 1.057073e-01 7.954901e-02 7.921909e-02 1.041319e-01 6.346914e-02 3.403855e-02
<GCONST> 9.103825e+01
<MIXTURE> 2 3.825616e-01
<MEAN> 52
 -8.387966e+00 -2.952901e+00 -3.105103e+00 -3.630997e+00 -2.315066e+00 -1.738953e+00 -3.125437e+00 -1.616222e+00 -9.364664e-01 -1.409989e+00 -1.681603e+00 -9.476856e-01 5.117586e+01 -6.151614e-03 -7.653286e-02 -1.345256e-01 -2.491991e-01 -4.019760e-01 -7.101027e-01 -4.724390e-01 -6.780883e-02 1.015904e-01 2.061121e-01 2.368484e-01 2.426182e-01 -8.584601e-02 -2.887260e-02 -3.405282e-03 2.123459e-03 2.411750e-02 -2.363757e-02 -1.210164e-02 -3.005735e-03 -5.829056e-02 -5.197611e-02 -3.311908e-02 -3.321597e-02 2.344756e-02 2.613958e-02 -2.333053e-03 6.745021e-03 1.281803e-02 5.333437e-02 8.772947e-02 1.480184e-01 9.862117e-02 2.332067e-02 -1.587355e-02 -4.973936e-02 -5.724525e-02 -4.126726e-02 6.844807e-03
<VARIANCE> 52
 4.187438e+00 4.948740e+00 7.761781e+00 1.171802e+01 1.412145e+01 1.615944e+01 1.666373e+01 1.683771e+01 1.610801e+01 1.599965e+01 1.765229e+01 1.342524e+01 6.142505e+00 1.805573e-01 3.535949e-01 4.471148e-01 6.961889e-01 8.155653e-01 6.074428e-01 9.663889e-01 1.178582e+00 1.425879e+00 1.328690e+00 1.454978e+00 1.042458e+00 5.842287e-02 3.562132e-02 6.616810e-02 9.579396e-02 1.510715e-01 2.096679e-01 2.315730e-01 2.587777e-01 2.420860e-01 2.718446e-01 2.697639e-01 3.015214e-01 2.141801e-01 1.541345e-02 8.729544e-03 1.603281e-02 2.137542e-02 3.341249e-02 4.010196e-02 2.767862e-02 4.595888e-02 5.634998e-02 6.663109e-02 6.031030e-02 6.942551e-02 4.393998e-02 3.169755e-03
<GCONST> 4.919038e+01
<MIXTURE> 3 3.782989e-01
<MEAN> 52
 -8.404007e+00 -2.840843e+00 -2.798872e+00 -3.364298e+00 -2.724728e+00 -1.737823e+00 -3.025793e+00 -2.094748e+00 -1.306708e+00 -1.638839e+00 -1.863286e+00 -7.360787e-01 5.118273e+01 6.796099e-02 2.801964e-03 3.748382e-02 2.802232e-01 5.335903e-01 7.991245e-01 5.517441e-01 2.454610e-01 6.907555e-02 -1.366967e-01 -2.212521e-01 -1.137593e-01 -7.510527e-02 -1.503755e-02 1.133214e-02 -2.062589e-02 -3.036644e-02 3.134219e-02 -8.786159e-03 -2.407783e-03 5.157873e-02 6.043429e-03 -1.209209e-02 -1.273431e-02 -3.409761e-02 3.753965e-02 -2.507536e-02 -1.903837e-02 -3.426639e-02 -7.021451e-02 -1.234036e-01 -1.910448e-01 -1.236804e-01 -4.367183e-02 -5.540386e-03 3.452498e-02 5.779896e-02 3.826742e-02 -3.214363e-04
<VARIANCE> 52
 4.422699e+00 5.897356e+00 9.187009e+00 1.123183e+01 1.357063e+01 1.448363e+01 1.729677e+01 1.844805e+01 1.946292e+01 1.632053e+01 1.718896e+01 1.401532e+01 7.936496e+00 1.563308e-01 3.481022e-01 5.223834e-01 7.135022e-01 9.062580e-01 6.445517e-01 1.108076e+00 1.270589e+00 1.429727e+00 1.369180e+00 1.397126e+00 1.144604e+00 7.280043e-02 3.917074e-02 6.602881e-02 1.096396e-01 1.560271e-01 2.137371e-01 2.384587e-01 2.649374e-01 2.670920e-01 2.843686e-01 2.828967e-01 3.056413e-01 2.236855e-01 1.505689e-02 8.608284e-03 1.622080e-02 2.549875e-02 3.515942e-02 4.439420e-02 3.144876e-02 5.506473e-02 6.307504e-02 6.758238e-02 6.588332e-02 6.909286e-02 5.059626e-02 3.600782e-03
<GCONST> 5.238133e+01
<STATE> 4
<NUMMIXES> 3
<MIXTURE> 1 1.602414e-01
<MEAN> 52
 -1.470935e+00 -5.783659e+00 -5.686383e+00 -1.972683e+00 8.989461e-01 -8.406754e-01 2.548629e+00 8.726050e-01 -1.741287e+00 4.552110e+00 -4.588107e+00 -9.793069e+00 6.115143e+01 -1.776249e-01 4.660861e-01 7.421358e-02 2.794827e-01 3.155196e-01 5.989168e-01 -1.938455e-01 -7.491335e-01 -1.368631e-01 -1.858935e-01 2.110304e-01 4.717468e-01 -5.399701e-01 -2.326640e-01 1.795864e-01 5.212129e-02 -5.852371e-02 1.341518e-02 4.582349e-03 -1.808073e-01 3.910564e-02 1.232120e-01 -7.135183e-02 4.687438e-02 1.459109e-01 -8.171684e-02 6.114362e-02 -7.513174e-02 -6.336043e-03 -1.187296e-02 -6.851959e-02 -4.817907e-02 5.195271e-02 7.428066e-02 6.884674e-03 1.648322e-02 -4.322329e-02 -3.629864e-02 3.579192e-02
<VARIANCE> 52
 2.756954e+00 1.263023e+01 1.031241e+01 1.614297e+01 3.615837e+01 2.922392e+01 3.197265e+01 2.003327e+01 3.561848e+01 2.178845e+01 1.967274e+01 1.432803e+01 1.208508e+01 5.090454e-01 7.247679e-01 6.117617e-01 8.095014e-01 1.442924e+00 1.164491e+00 2.334136e+00 1.754446e+00 1.899933e+00 1.394287e+00 1.124408e+00 9.757190e-01 2.958795e-01 5.901259e-02 1.328614e-01 1.416216e-01 1.912324e-01 2.652793e-01 2.082354e-01 4.661929e-01 3.547763e-01 4.112259e-01 2.909357e-01 2.672655e-01 1.591910e-01 3.317483e-02 1.589072e-02 2.013250e-02 2.857642e-02 4.549361e-02 6.145247e-02 5.327279e-02 1.101483e-01 9.830904e-02 9.880085e-02 5.704115e-02 5.526831e-02 3.817676e-02 9.017341e-03
<GCONST> 6.969778e+01
<MIXTURE> 2 4.462859e-01
<MEAN> 52
 -9.504632e+00 -3.010493e+00 -3.443484e+00 -3.188675e+00 -1.734194e+00 -3.334589e+00 -3.781528e+00 -1.253179e+00 -7.737215e-01 -1.103800e+00 -2.363244e+00 -1.140587e+00 5.382121e+01 6.498459e-03 4.342958e-03 -1.063137e-01 -2.396643e-01 -3.084260e-01 -3.763510e-01 -8.530577e-01 -8.878932e-01 -7.375773e-01 -5.482944e-01 -1.527064e-02 1.718159e-01 1.610327e-02 -1.859625e-02 9.777162e-03 -6.699808e-02 -1.520183e-02 2.716792e-02 1.244202e-01 -3.859915e-03 3.410785e-02 2.871986e-02 -2.841882e-03 5.506405e-02 -3.437890e-02 6.771485e-02 -2.551466e-02 -1.237029e-02 1.611299e-02 3.394610e-02 5.155924e-02 8.178950e-02 1.815105e-01 2.028784e-01 1.798931e-01 1.228366e-01 1.402409e-02 -1.801348e-02 -6.018031e-03
<VARIANCE> 52
 1.201974e+01 8.433953e+00 1.121828e+01 1.733441e+01 2.439319e+01 3.205890e+01 2.590777e+01 3.210731e+01 2.311330e+01 2.146122e+01 1.681012e+01 1.978032e+01 3.746313e+01 4.100680e-01 4.598114e-01 7.424007e-01 7.895597e-01 1.068216e+00 1.390189e+00 1.193256e+00 1.411328e+00 1.616726e+00 1.649375e+00 1.477662e+00 1.805603e+00 1.665112e-01 7.704069e-02 9.722845e-02 1.503636e-01 1.476879e-01 2.234486e-01 3.095891e-01 3.720872e-01 4.012674e-01 3.985713e-01 3.662250e-01 3.039291e-01 3.352138e-01 3.262607e-02 1.611192e-02 2.332812e-02 3.407519e-02 3.679067e-02 4.718957e-02 7.419690e-02 6.124077e-02 6.406102e-02 8.204690e-02 8.309788e-02 7.172378e-02 8.324987e-02 6.921719e-03
<GCONST> 7.161356e+01
<MIXTURE> 3 3.934727e-01
<MEAN> 52
 -9.456263e+00 -3.068721e+00 -3.996913e+00 -2.203570e+00 2.686876e-01 -8.771579e-01 -2.987831e+00 -1.081387e+00 -7.229958e-01 -4.280487e-01 -8.871003e-01 -7.188796e-01 5.516359e+01 6.286022e-02 3.935905e-03 5.251695e-01 -8.488594e-02 -1.469628e-01 1.368466e-01 9.390861e-01 1.217653e+00 5.827264e-01 1.148536e-01 -2.265609e-01 1.324942e-01 -2.648197e-01 4.570967e-02 -6.595802e-02 6.462543e-02 -5.812221e-02 -1.616629e-01 -2.857645e-01 -8.326663e-03 6.876862e-02 -7.983185e-02 -9.563648e-02 -1.869757e-01 -1.523415e-01 -4.739301e-02 -4.956291e-02 -3.326831e-02 -1.284750e-01 -3.706440e-03 2.171050e-02 -3.879431e-02 -2.238831e-01 -2.783374e-01 -1.339542e-01 -5.766584e-02 7.790267e-02 2.116501e-02 6.052218e-02
<VARIANCE> 52
 1.533974e+01 1.261835e+01 1.303131e+01 2.213201e+01 2.822885e+01 2.958425e+01 3.235942e+01 2.800882e+01 2.311411e+01 2.227625e+01 1.785822e+01 2.027822e+01 3.815681e+01 6.699969e-01 6.825240e-01 9.090552e-01 1.167180e+00 1.569268e+00 2.129110e+00 1.726405e+00 1.219845e+00 2.218770e+00 1.553273e+00 1.757895e+00 1.618634e+00 4.719898e-01 1.346319e-01 1.309869e-01 2.201936e-01 2.285139e-01 3.087662e-01 3.942205e-01 4.978832e-01 5.033976e-01 4.448727e-01 2.751821e-01 3.391119e-01 3.022496e-01 9.615298e-02 2.687875e-02 3.371307e-02 4.127715e-02 5.073754e-02 7.537766e-02 9.260355e-02 8.453783e-02 5.399908e-02 1.035067e-01 7.644067e-02 8.172926e-02 7.522199e-02 1.990661e-02
<GCONST> 8.396076e+01
<STATE> 5
<NUMMIXES> 3
<MIXTURE> 1 1.237642e-01
<MEAN> 52
 -9.461217e+00 -1.145983e+01 -9.009563e+00 -2.189347e+00 1.168983e+01 7.860079e+00 2.367396e+00 -6.445978e+00 -4.034865e+00 -3.640190e+00 5.414250e+00 4.641085e+00 6.375176e+01 5.049362e-01 4.827628e-01 -8.410988e-02 -3.383975e-01 -7.705331e-01 1.069559e+00 8.662796e-02 -7.915874e-01 -7.841743e-01 6.882228e-01 4.177901e-01 1.091870e+00 -1.227282e+00 1.688071e-02 1.156044e+00 8.005683e-01 -5.991325e-02 -1.845239e+00 -1.431425e+00 -8.126958e-01 5.720043e-01 2.184972e-01 2.611309e-01 -9.487573e-01 -8.094984e-01 -1.159663e+00 -1.286099e-01 -1.164700e-01 4.213604e-02 1.815134e-02 7.721493e-02 -3.051313e-01 -3.292926e-02 1.710542e-01 1.930732e-01 -1.442363e-01 -6.979591e-02 -2.488893e-01 2.189004e-01
<VARIANCE> 52
 1.003784e+01 1.329576e+01 1.339965e+01 1.586862e+01 3.302720e+01 2.731034e+01 2.530014e+01 2.744031e+01 3.084398e+01 2.094688e+01 2.079150e+01 3.056193e+01 4.227847e+01 4.753172e-01 3.685407e+00 2.240018e+00 8.004674e-01 1.056088e+01 7.178560e+00 4.566596e+00 2.426883e+00 2.086664e+00 1.856311e+00 4.234302e+00 3.130160e+00 4.731580e+00 2.609667e-01 3.644360e-01 2.185408e-01 2.117973e-01 8.316221e-01 7.387090e-01 6.487423e-01 5.841392e-01 6.660485e-01 4.554610e-01 4.443052e-01 6.332538e-01 6.379943e-01 3.120540e-02 1.893832e-01 1.030722e-01 4.407779e-02 5.286528e-01 3.445335e-01 2.282957e-01 1.028974e-01 1.084300e-01 9.354850e-02 1.968285e-01 1.655351e-01 2.398621e-01
<GCONST> 1.139952e+02
<MIXTURE> 2 4.556885e-01
<MEAN> 52
 -8.638770e+00 -3.275313e+00 -3.276330e+00 -3.969224e+00 -2.788121e+00 -2.731915e+00 -3.826291e+00 -2.624661e+00 -2.236368e+00 -2.562449e+00 -2.681841e+00 -1.690998e+00 5.426970e+01 -2.871019e-01 -2.148480e-01 -2.629006e-02 -1.661224e-01 -4.737427e-01 -6.204664e-01 -1.044240e-01 5.225082e-01 2.856655e-01 -2.247692e-01 -3.417793e-01 -3.896824e-01 -5.591624e-02 -6.028128e-02 -2.196823e-01 -1.594872e-01 9.123093e-02 3.815126e-01 2.341672e-01 1.296945e-01 2.641276e-03 9.756745e-02 1.178072e-01 2.317778e-01 1.736253e-01 2.622875e-01 5.348281e-02 3.553754e-02 -4.310772e-03 2.706050e-02 1.038882e-01 1.493103e-01 2.621075e-02 -1.137120e-01 -6.763559e-02 5.145396e-02 8.656676e-02 1.203451e-01 7.223275e-03
<VARIANCE> 52
 1.069908e+01 9.910578e+00 1.039717e+01 1.614100e+01 1.922131e+01 2.430611e+01 2.168601e+01 2.499930e+01 2.367772e+01 2.317801e+01 1.737221e+01 1.799091e+01 1.469407e+01 3.811363e-01 7.955878e-01 9.224376e-01 7.988010e-01 1.397932e+00 1.775845e+00 1.707746e+00 1.760777e+00 1.446027e+00 1.453410e+00 1.426679e+00 1.198323e+00 4.122370e-01 9.317904e-02 2.541727e-01 1.558823e-01 1.871544e-01 4.394985e-01 4.305953e-01 4.263861e-01 4.265801e-01 4.319637e-01 3.872328e-01 2.856091e-01 3.069544e-01 1.573498e-01 1.755903e-02 4.286844e-02 4.306296e-02 3.980200e-02 7.870245e-02 9.214327e-02 8.460516e-02 7.450087e-02 7.314969e-02 8.020643e-02 6.758655e-02 5.975889e-02 2.925207e-02
<GCONST> 7.898880e+01
<MIXTURE> 3 4.205473e-01
<MEAN> 52
 -9.394955e+00 -4.423012e+00 -3.689067e+00 -1.220743e+00 3.255594e-01 -8.642849e-01 -2.443942e+00 -1.559574e+00 -1.483234e+00 -9.174062e-01 -1.323534e+00 -4.876697e-01 5.440929e+01 -4.342780e-01 -2.904433e-01 -2.730731e-02 -3.277877e-03 4.433478e-01 2.155194e-02 1.615175e-01 4.505913e-02 4.511259e-02 -3.065690e-01 2.071465e-01 3.381498e-02 5.858237e-01 -1.234748e-02 -5.157835e-02 -6.778562e-02 -7.868976e-02 7.619912e-02 1.064307e-01 8.868692e-02 -6.449557e-02 -4.534772e-02 -5.460981e-02 7.408328e-02 4.648073e-02 4.518188e-02 4.688635e-02 3.143644e-02 -1.756623e-03 -1.790750e-02 -9.838443e-02 -4.973063e-04 -2.659286e-02 -1.618199e-02 -1.837439e-02 4.742749e-02 -4.517922e-03 2.866090e-02 -1.108707e-01
<VARIANCE> 52
 1.627159e+01 2.441879e+01 1.621342e+01 1.659726e+01 2.580929e+01 2.799003e+01 2.242097e+01 1.935496e+01 2.538183e+01 2.101922e+01 2.341895e+01 2.061189e+01 4.289433e+01 1.750180e+00 4.287959e+00 2.219634e+00 1.405847e+00 6.697933e+00 5.833621e+00 3.179169e+00 3.106461e+00 3.499398e+00 2.164322e+00 3.745286e+00 3.073735e+00 3.893477e+00 2.637959e-01 4.908640e-01 2.523825e-01 2.118635e-01 5.677324e-01 7.718230e-01 5.114300e-01 4.450690e-01 5.571346e-01 4.247634e-01 5.496517e-01 4.743722e-01 5.210652e-01 7.847112e-02 2.163115e-01 9.600675e-02 5.511555e-02 3.096991e-01 2.580659e-01 1.598776e-01 1.364027e-01 1.634985e-01 1.066558e-01 1.921465e-01 1.516376e-01 2.052291e-01
<GCONST> 1.154054e+02
<STATE> 6
<NUMMIXES> 3
<MIXTURE> 1 2.757398e-01
<MEAN> 52
 -1.232836e+01 -4.155118e+00 -2.905818e+00 -4.319111e+00 -2.244537e+00 -3.116510e+00 -2.468950e+00 -5.292953e-01 -1.932493e+00 -1.849448e+00 -1.244229e-01 -9.746400e-02 5.649803e+01 -5.347781e-01 9.244905e-02 -2.127196e-01 -8.525275e-01 -9.369755e-01 -1.002625e+00 -9.208536e-01 -8.277239e-01 -5.680276e-01 -1.528050e-01 8.381204e-02 -5.988676e-02 6.873081e-02 1.265643e-01 -1.664402e-02 8.935747e-03 6.524217e-02 -3.884693e-02 3.579293e-02 -1.270765e-01 -1.212370e-01 -2.855374e-02 -1.555797e-01 -2.032949e-01 -6.708144e-02 -2.265655e-02 9.251481e-02 6.885841e-03 6.978682e-02 1.764465e-01 1.856480e-01 2.018338e-01 2.009024e-01 1.947505e-01 1.146739e-01 2.763637e-02 -1.597966e-02 1.702753e-02 -1.008624e-02
<VARIANCE> 52
 1.342054e+01 1.928437e+01 1.955341e+01 1.963631e+01 1.779278e+01 2.788547e+01 2.993650e+01 2.997429e+01 3.091402e+01 3.143090e+01 2.457676e+01 1.847068e+01 1.836998e+01 6.432949e-01 1.005813e+00 1.515616e+00 1.004012e+00 1.601145e+00 1.664986e+00 1.744332e+00 2.300722e+00 1.792203e+00 2.985828e+00 1.879142e+00 1.485300e+00 7.396507e-01 1.367832e-01 1.659577e-01 2.310401e-01 2.481673e-01 3.084693e-01 4.314042e-01 4.016812e-01 5.357282e-01 4.734482e-01 6.112915e-01 4.066734e-01 2.932737e-01 9.254811e-02 2.272483e-02 3.853346e-02 5.983248e-02 4.058192e-02 7.551680e-02 8.108028e-02 8.394927e-02 1.012513e-01 8.576141e-02 1.454361e-01 9.316950e-02 7.096028e-02 2.555165e-02
<GCONST> 8.880863e+01
<MIXTURE> 2 3.570916e-01
<MEAN> 52
 -1.103195e+01 -4.059893e+00 -3.079307e+00 -3.340050e+00 -2.222150e+00 -2.854158e+00 -2.568131e+00 -2.375392e-01 -1.250980e+00 -3.121502e+00 -2.693599e+00 -8.948855e-01 5.560184e+01 6.721430e-02 6.924763e-02 -8.240500e-04 1.583186e-01 2.467051e-01 4.148174e-01 6.412519e-01 7.365935e-01 8.054108e-01 1.235803e+00 6.552164e-01 1.561776e-01 -5.669496e-02 1.371637e-02 3.670218e-03 -4.514080e-02 -1.581285e-01 -1.407987e-01 -6.983767e-02 -1.693463e-01 -2.151147e-01 -8.700614e-02 1.269465e-01 2.198596e-01 8.993565e-02 -1.553827e-02 -2.861774e-02 2.850030e-03 -8.373572e-04 -4.609736e-02 -6.714372e-02 -8.854280e-02 -1.408117e-01 -1.607622e-01 -1.799436e-01 -2.735121e-01 -1.562498e-01 -3.620960e-02 6.595121e-04
<VARIANCE> 52
 1.440475e+01 1.697479e+01 1.428558e+01 2.133952e+01 1.402590e+01 2.033563e+01 2.334866e+01 2.638863e+01 2.523893e+01 2.290814e+01 2.032808e+01 1.739662e+01 1.599839e+01 3.676881e-01 5.662150e-01 6.727456e-01 9.000707e-01 1.106090e+00 1.102890e+00 1.550976e+00 1.687403e+00 1.779179e+00 1.353441e+00 1.144623e+00 1.380738e+00 2.013802e-01 8.318601e-02 1.228789e-01 1.565327e-01 1.927434e-01 2.190227e-01 2.583750e-01 3.338901e-01 3.494740e-01 4.219180e-01 3.965732e-01 2.667060e-01 2.358150e-01 4.811659e-02 1.495860e-02 2.755530e-02 3.324260e-02 4.139572e-02 5.456698e-02 5.175346e-02 7.270325e-02 7.814867e-02 8.152933e-02 6.473685e-02 5.470269e-02 6.282543e-02 9.417668e-03
<GCONST> 7.099206e+01
<MIXTURE> 3 3.671686e-01
<MEAN> 52
 -1.177503e+01 -4.701603e+00 -3.381180e+00 -4.848621e+00 -4.487987e+00 -4.672790e+00 -5.244655e+00 -2.178778e+00 -3.206639e+00 -3.469230e+00 -2.033527e+00 -6.270111e-01 5.656084e+01 9.171446e-02 1.006384e-01 6.917165e-02 4.006473e-01 4.392366e-01 4.068361e-01 1.861634e-01 -9.401707e-03 -3.160549e-01 -8.030857e-01 -7.223062e-01 -3.352748e-02 -7.246799e-02 7.467856e-02 6.676667e-02 2.721224e-02 1.078454e-01 2.058496e-01 2.203954e-01 2.262778e-01 1.177515e-01 1.895984e-01 2.251248e-01 1.109388e-01 2.992673e-02 -2.237318e-02 -2.879403e-02 -5.777574e-03 -1.985559e-02 -9.119800e-02 -1.190263e-01 -1.071686e-01 -3.316247e-02 1.106621e-02 8.081292e-02 1.871931e-01 1.431337e-01 -6.755825e-05 4.138817e-04
<VARIANCE> 52
 1.291500e+01 1.874758e+01 1.362447e+01 2.050675e+01 2.089136e+01 2.001731e+01 2.500581e+01 2.477516e+01 2.607080e+01 2.377066e+01 2.251338e+01 1.787827e+01 1.245559e+01 5.052168e-01 5.847984e-01 7.243308e-01 6.771283e-01 1.073982e+00 1.282376e+00 1.216151e+00 1.465975e+00 1.689822e+00 1.324616e+00 1.249541e+00 1.282347e+00 2.894319e-01 9.101497e-02 1.163451e-01 1.703162e-01 1.798083e-01 2.792660e-01 2.915986e-01 2.967195e-01 3.481937e-01 3.234006e-01 4.284982e-01 3.275747e-01 2.458338e-01 4.833196e-02 2.199077e-02 2.603779e-02 3.640812e-02 3.418184e-02 5.211883e-02 6.681738e-02 6.122154e-02 7.222056e-02 7.611688e-02 6.705084e-02 5.965650e-02 5.764807e-02 1.092955e-02
<GCONST> 7.207050e+01
<STATE> 7
<NUMMIXES> 3
<MIXTURE> 1 1.290878e-01
<MEAN> 52
 -1.108296e+01 -1.821457e+00 -8.902680e-01 -2.601825e+00 -1.770186e+00 -2.265736e+00 -2.695100e+00 -9.446875e-01 -1.131307e+00 -2.277285e+00 -3.821338e-01 1.089197e-01 5.693074e+01 2.618993e-01 7.788185e-02 7.533219e-01 4.540770e-01 -2.497891e-01 1.727261e-03 9.782349e-02 5.531083e-01 4.064288e-01 5.239832e-01 4.837476e-01 7.164276e-02 3.032911e-01 7.599790e-02 -9.493595e-02 -1.012441e-01 -8.744690e-02 -3.075743e-02 -6.479865e-02 -1.062432e-01 -1.883833e-02 -6.331787e-02 4.700918e-02 -1.723883e-02 -7.850385e-02 -5.281619e-02 -3.609867e-02 -7.604100e-04 -9.177816e-02 -7.521656e-02 5.961423e-03 -3.510689e-02 -4.920993e-02 -1.122646e-01 -8.243344e-02 -1.257067e-01 -3.798459e-02 8.234843e-03 -1.036951e-02
<VARIANCE> 52
 2.382998e+01 2.290570e+01 4.790026e+01 2.537097e+01 4.109028e+01 2.719605e+01 2.337964e+01 3.642896e+01 3.402102e+01 2.535554e+01 3.711135e+01 2.316145e+01 5.883566e+01 1.857787e+00 1.173397e+00 2.556551e+00 1.746349e+00 3.432410e+00 4.383578e+00 2.306307e+00 2.620667e+00 3.167455e+00 1.960350e+00 3.039509e+00 2.383218e+00 1.472826e+00 3.103446e-01 1.296975e-01 4.723611e-01 3.435793e-01 5.649130e-01 5.258656e-01 3.430367e-01 4.603093e-01 5.942519e-01 4.325544e-01 5.854461e-01 4.405771e-01 1.991869e-01 7.705097e-02 4.304932e-02 9.084748e-02 8.526421e-02 1.442415e-01 1.901888e-01 9.226193e-02 1.162131e-01 1.538658e-01 8.899973e-02 1.380524e-01 1.213561e-01 4.097816e-02
<GCONST> 1.086179e+02
<MIXTURE> 2 3.678062e-01
<MEAN> 52
 -6.072324e+00 -4.752326e+00 -7.663110e+00 -8.713470e+00 -3.605529e+00 -1.550645e-01 -3.823215e+00 -2.140739e+00 -1.028625e+00 4.895348e-01 -2.953537e+00 -4.182028e+00 5.506933e+01 -8.120501e-03 3.621082e-02 2.410400e-01 5.598803e-01 7.274008e-01 4.744195e-01 1.700161e-01 -2.003777e-01 -3.150199e-01 -2.390191e-01 -4.478706e-01 -1.856828e-01 -6.035442e-02 -4.692639e-02 2.155046e-02 1.000192e-01 6.633867e-02 -3.667168e-02 -9.564430e-02 -1.194669e-02 3.743567e-03 -7.585594e-03 -9.419546e-02 -4.119266e-02 7.733627e-02 -8.119632e-03 1.988181e-03 -8.559496e-03 -5.600477e-02 -1.156579e-01 -1.475656e-01 -1.040555e-01 -2.621943e-02 5.614094e-02 7.326298e-02 4.699064e-02 8.431488e-02 2.730871e-02 -1.536115e-03
<VARIANCE> 52
 4.629195e+00 8.881683e+00 1.891854e+01 2.852400e+01 1.479711e+01 2.303660e+01 2.124319e+01 1.953344e+01 1.891526e+01 3.121919e+01 2.674025e+01 2.005077e+01 1.412295e+01 2.234565e-01 4.449157e-01 6.564705e-01 6.931142e-01 6.595817e-01 1.340843e+00 1.259421e+00 1.428583e+00 1.411986e+00 1.840247e+00 1.281037e+00 1.597613e+00 6.176942e-02 3.515819e-02 7.445028e-02 1.402982e-01 1.763447e-01 2.260231e-01 2.801915e-01 2.685818e-01 2.987932e-01 3.094595e-01 3.841356e-01 2.941837e-01 2.986107e-01 1.163481e-02 7.880588e-03 1.605593e-02 3.094851e-02 3.065306e-02 3.396318e-02 6.165456e-02 5.939405e-02 7.276307e-02 6.747372e-02 8.991408e-02 5.474893e-02 7.402125e-02 2.296656e-03
<GCONST> 6.082484e+01
<MIXTURE> 3 5.031061e-01
<MEAN> 52
 -8.310962e+00 -4.024551e+00 -5.072037e+00 -6.144267e+00 -3.705183e+00 -2.114780e+00 -3.777686e+00 -2.307050e+00 -1.314558e+00 -8.339065e-01 -3.256727e+00 -2.430879e+00 5.444460e+01 8.166304e-02 -4.462013e-02 -2.898655e-01 -5.265409e-01 -6.604350e-01 -4.715115e-01 -3.602823e-01 -1.364295e-02 3.412901e-01 4.184465e-01 5.323315e-01 2.234623e-01 -1.227530e-01 5.990569e-03 2.258789e-02 1.034635e-02 3.223172e-02 5.203146e-02 6.682093e-02 1.395760e-02 -6.855738e-03 -4.136354e-02 -3.370972e-02 2.481670e-02 1.383966e-02 1.329619e-02 -1.252700e-02 1.509551e-02 6.933014e-02 1.265771e-01 1.498470e-01 1.134270e-01 7.716384e-02 4.582902e-03 -7.237756e-02 -7.927749e-02 -1.251675e-01 -4.415884e-02 1.037271e-02
<VARIANCE> 52
 1.209194e+01 1.151726e+01 1.982096e+01 2.328536e+01 1.553724e+01 2.282383e+01 2.081627e+01 2.012865e+01 2.039867e+01 2.301935e+01 2.235259e+01 2.052346e+01 1.255619e+01 2.610346e-01 3.803215e-01 5.615351e-01 6.081270e-01 6.531048e-01 9.996718e-01 1.314852e+00 1.374291e+00 1.508804e+00 1.446781e+00 1.316662e+00 1.257920e+00 8.821193e-02 4.635735e-02 6.946502e-02 1.357077e-01 1.902856e-01 2.289114e-01 2.913111e-01 2.630456e-01 2.931286e-01 3.126765e-01 3.384652e-01 2.672655e-01 2.760160e-01 1.410805e-02 9.981162e-03 1.805194e-02 2.608531e-02 3.126730e-02 3.303128e-02 4.479213e-02 5.903948e-02 6.568364e-02 7.238188e-02 6.940481e-02 5.736466e-02 5.938730e-02 4.078336e-03
<GCONST> 6.094008e+01
<STATE> 8
<NUMMIXES> 3
<MIXTURE> 1 1.666603e-01
<MEAN> 52
 -1.282001e+01 -6.217841e+00 -3.008958e+00 -2.373453e+00 -2.781579e+00 -4.220852e+00 -4.132804e+00 3.264541e+00 2.665121e-01 -7.504280e-01 -5.941320e-01 -1.286965e+00 5.792554e+01 2.946225e-01 8.761378e-02 -7.145954e-02 -1.024413e-01 -9.285168e-02 1.150332e-01 -8.130568e-02 -3.150853e-02 3.465496e-03 -9.159949e-03 8.952926e-04 2.071128e-02 -2.719122e-01 3.896603e-02 5.234636e-02 -6.506565e-03 4.869450e-03 1.001588e-01 1.174245e-01 -1.724247e-02 -2.199138e-01 -1.349276e-01 -7.984731e-02 -7.530419e-02 -3.911243e-03 -4.421006e-03 -2.331259e-02 -6.020400e-03 1.723620e-02 2.147403e-02 3.685420e-03 -5.650085e-03 4.153282e-03 -1.508589e-02 -1.059378e-02 -7.275108e-03 -2.028045e-02 -1.283313e-02 3.816715e-02
<VARIANCE> 52
 2.248742e+01 2.149399e+01 1.733994e+01 1.293792e+01 2.544687e+01 3.676612e+01 2.193318e+01 2.989845e+01 2.367793e+01 2.370556e+01 3.153768e+01 2.669724e+01 3.958375e+01 3.480907e-01 5.418003e-01 9.266478e-01 7.756585e-01 1.292854e+00 1.952927e+00 1.218428e+00 1.558745e+00 2.159877e+00 2.043560e+00 1.689902e+00 1.766907e+00 2.882856e-01 5.676078e-02 1.016718e-01 1.720439e-01 1.524011e-01 2.788888e-01 3.930270e-01 2.755798e-01 3.268541e-01 2.994173e-01 3.401214e-01 3.064836e-01 3.909194e-01 7.701919e-02 1.501764e-02 2.235910e-02 3.859640e-02 3.256887e-02 5.548742e-02 7.599013e-02 6.013399e-02 7.237051e-02 9.205960e-02 9.311752e-02 7.222797e-02 8.879285e-02 1.192755e-02
<GCONST> 7.793352e+01
<MIXTURE> 2 4.178267e-01
<MEAN> 52
 -9.825879e+00 -3.038994e+00 -3.631311e+00 -4.392410e+00 -2.911182e+00 -2.330846e+00 -3.910145e+00 -2.032991e+00 -1.235592e+00 -1.324157e+00 -2.398024e+00 -1.009171e+00 5.295996e+01 6.250693e-02 8.100140e-03 -2.208723e-03 -6.264063e-03 -1.430395e-01 -4.076003e-01 -7.047234e-01 -8.067032e-01 -5.577602e-01 -3.683519e-01 -1.998896e-01 -7.346644e-02 -9.759845e-02 -6.762226e-03 -1.400838e-02 -1.412720e-03 5.819593e-03 -7.685824e-03 -1.348954e-03 3.296215e-02 4.866972e-03 6.982776e-03 2.316285e-02 3.568934e-02 -1.133646e-03 1.308754e-02 1.701814e-03 6.658257e-03 9.566497e-04 9.102500e-03 3.015521e-02 9.693283e-02 1.595090e-01 1.760822e-01 1.340563e-01 9.503403e-02 5.025891e-02 1.580982e-02 4.079883e-03
<VARIANCE> 52
 1.027324e+01 6.501924e+00 7.114805e+00 1.129574e+01 1.036158e+01 1.522663e+01 1.374512e+01 2.037143e+01 1.943137e+01 1.641416e+01 1.445887e+01 1.490703e+01 8.733469e+00 1.361517e-01 2.292942e-01 4.684202e-01 6.704228e-01 7.309808e-01 9.928923e-01 8.397200e-01 9.204981e-01 1.234104e+00 1.214851e+00 1.085253e+00 1.280843e+00 6.155916e-02 2.548011e-02 4.649927e-02 9.098850e-02 1.441427e-01 1.537510e-01 2.321987e-01 2.677137e-01 3.059819e-01 3.368039e-01 2.811572e-01 2.133080e-01 2.635548e-01 9.099398e-03 5.705167e-03 1.012600e-02 2.078642e-02 3.178676e-02 3.454295e-02 4.841078e-02 3.882489e-02 4.321601e-02 5.925461e-02 5.579029e-02 4.571971e-02 6.205486e-02 2.329394e-03
<GCONST> 4.655653e+01
<MIXTURE> 3 4.155129e-01
<MEAN> 52
 -9.786809e+00 -3.124774e+00 -3.829812e+00 -4.448165e+00 -2.878388e+00 -2.485242e+00 -4.168472e+00 -2.544038e+00 -9.865109e-01 -9.926763e-01 -2.018143e+00 -1.230969e+00 5.326472e+01 8.682083e-02 8.523424e-02 9.931024e-02 1.598673e-01 2.560199e-01 5.860999e-01 7.773149e-01 7.391342e-01 5.107813e-01 2.993992e-01 2.098390e-01 9.894592e-02 -9.848645e-02 -1.335022e-02 -1.530479e-03 -9.770446e-03 -5.341343e-03 2.514488e-02 4.173769e-02 5.214429e-02 4.883198e-02 -4.607610e-02 -5.877567e-02 -4.601177e-02 -5.750601e-03 1.019578e-02 -3.938621e-03 -6.531291e-03 -1.684631e-02 -2.791431e-02 -5.444452e-02 -1.229081e-01 -1.833339e-01 -1.762237e-01 -1.146883e-01 -6.615382e-02 -4.124213e-02 -1.876476e-02 4.161022e-03
<VARIANCE> 52
 1.052537e+01 7.839948e+00 7.238967e+00 1.230847e+01 1.166317e+01 1.534018e+01 1.652374e+01 2.036547e+01 1.831012e+01 1.613238e+01 1.509848e+01 1.368525e+01 8.145811e+00 1.748621e-01 3.015728e-01 4.836380e-01 7.931809e-01 7.406907e-01 9.882793e-01 8.841899e-01 9.353829e-01 1.284589e+00 1.110324e+00 1.070954e+00 1.208195e+00 6.519894e-02 2.736379e-02 5.066764e-02 8.941784e-02 1.496387e-01 1.624725e-01 2.388461e-01 2.989447e-01 2.847677e-01 3.174435e-01 2.540224e-01 2.238047e-01 2.329350e-01 1.004280e-02 6.508224e-03 1.247269e-02 2.112910e-02 3.491727e-02 3.378413e-02 4.576939e-02 4.393186e-02 4.327657e-02 6.170402e-02 5.371327e-02 4.769218e-02 5.816359e-02 2.555993e-03
<GCONST> 4.846001e+01
<STATE> 9
<NUMMIXES> 3
<MIXTURE> 1 1.663260e-01
<MEAN> 52
 -5.464685e+00 8.704776e-01 2.630811e+00 -4.161177e+00 -7.431100e+00 -1.660977e+00 -5.276555e+00 -6.969355e+00 -2.697288e+00 -3.515034e+00 3.593242e-01 8.852913e-02 5.869552e+01 -8.998185e-02 -1.973083e-01 -2.186133e-01 2.110940e-01 1.811893e-01 3.480217e-01 1.667329e-01 1.766908e-02 3.691844e-01 -1.655569e-02 7.702717e-02 9.766825e-02 -2.435752e-01 -7.632333e-02 -8.137735e-02 2.477484e-02 1.123310e-01 1.032881e-01 4.505046e-02 9.227855e-02 2.536296e-02 -3.861527e-02 -7.454842e-03 -4.331550e-02 -2.135151e-02 4.857699e-02 2.443715e-02 1.758480e-02 2.612956e-02 -4.976289e-02 -5.186690e-02 -5.709672e-02 -7.133616e-02 -1.322207e-02 -7.470538e-02 1.234606e-03 -5.513575e-02 -2.475914e-02 3.319290e-02
<VARIANCE> 52
 2.425492e+01 3.811915e+01 1.033858e+02 8.821365e+01 3.589293e+01 2.858805e+01 2.277872e+01 5.875536e+01 2.938759e+01 3.253397e+01 3.156803e+01 1.800945e+01 1.006563e+02 5.226966e-01 1.214032e+00 1.877549e+00 1.449015e+00 1.734716e+00 3.100610e+00 2.614695e+00 1.891437e+00 1.418697e+00 2.158619e+00 2.193403e+00 1.649754e+00 1.037566e+00 1.043066e-01 1.705501e-01 2.488211e-01 1.897676e-01 4.350751e-01 7.076647e-01 4.855720e-01 4.556837e-01 3.390823e-01 4.150981e-01 3.289074e-01 4.011391e-01 1.402123e-01 2.137504e-02 3.641780e-02 5.702969e-02 4.614304e-02 9.777753e-02 1.481397e-01 1.159739e-01 8.337891e-02 6.629109e-02 9.308636e-02 6.619891e-02 7.606298e-02 2.070368e-02
<GCONST> 9.778888e+01
<MIXTURE> 2 4.555242e-01
<MEAN> 52
 -1.013475e+01 -1.436720e+00 -3.107331e+00 -2.008362e+00 8.483620e-02 1.057404e+00 -2.194833e+00 -4.705189e-01 -5.358303e-01 -1.081673e+00 -7.915232e-01 3.747328e-01 4.521830e+01 3.889289e-02 2.102500e-01 2.152106e-01 2.657746e-01 2.532229e-01 1.039612e-01 1.727571e-02 3.258469e-02 -1.355343e-02 1.791800e-01 1.333631e-01 9.213217e-02 3.443571e-02 -3.708715e-03 -4.314077e-02 -5.135283e-02 -1.169804e-01 -1.335812e-01 -1.882567e-01 -6.025810e-02 -6.062079e-02 -5.304392e-02 -3.240905e-02 -1.021557e-01 -5.784324e-02 4.717600e-02 -5.158492e-03 -3.057322e-02 -3.819407e-02 -5.953081e-02 -6.176953e-02 -2.411493e-02 -7.754212e-03 -6.585905e-03 -7.823786e-03 -3.172364e-02 -3.757521e-02 -2.656385e-02 7.608601e-03
<VARIANCE> 52
 7.988989e+00 5.148575e+00 1.296426e+01 1.399773e+01 1.139501e+01 1.255648e+01 1.312690e+01 1.717441e+01 1.623550e+01 1.644560e+01 1.537900e+01 1.356137e+01 5.239640e+01 2.287310e-01 3.749618e-01 5.690900e-01 8.777874e-01 1.211691e+00 1.575685e+00 1.242368e+00 1.256204e+00 1.773527e+00 1.819280e+00 1.612417e+00 1.410193e+00 1.022073e-01 5.108068e-02 9.876376e-02 1.200235e-01 1.778347e-01 2.580934e-01 3.103978e-01 2.426127e-01 2.846640e-01 3.726454e-01 3.741235e-01 3.473128e-01 2.699020e-01 2.338807e-02 1.167113e-02 1.796205e-02 2.178980e-02 4.204057e-02 6.360726e-02 8.086994e-02 6.036612e-02 6.401609e-02 9.271128e-02 9.840821e-02 8.263638e-02 6.765239e-02 6.970676e-03
<GCONST> 6.384147e+01
<MIXTURE> 3 3.781497e-01
<MEAN> 52
 -8.916540e+00 -2.989911e+00 -4.763073e+00 -3.950177e+00 -2.726647e+00 -1.802576e+00 -3.321928e+00 -1.948974e+00 -1.865809e+00 -1.349282e+00 -2.186015e+00 -9.535015e-01 5.131496e+01 -1.463711e-01 -3.401626e-01 -5.608890e-01 -6.074132e-01 -4.952350e-01 -1.167191e-01 -5.727054e-02 -2.150332e-01 -3.344835e-01 -3.818717e-01 -5.458227e-01 -2.272879e-01 -5.574995e-02 -1.919488e-02 5.115831e-02 1.007204e-01 1.109531e-01 9.561375e-02 7.153462e-02 -9.304606e-03 6.501441e-02 7.740220e-02 -6.238872e-03 -4.143047e-02 -4.153617e-02 9.013040e-02 6.104653e-02 1.258423e-01 1.655548e-01 1.589413e-01 1.219132e-01 3.110562e-02 -3.215848e-02 1.419880e-02 5.070627e-02 7.562782e-02 1.091525e-01 5.340756e-02 8.099267e-02
<VARIANCE> 52
 7.984411e+00 7.395989e+00 9.534596e+00 1.254493e+01 1.443933e+01 1.462389e+01 1.679235e+01 1.615195e+01 1.829235e+01 1.923189e+01 1.754266e+01 1.963863e+01 2.470075e+01 3.018761e-01 4.319805e-01 6.460399e-01 8.565536e-01 1.106983e+00 1.730620e+00 1.401140e+00 2.051094e+00 1.549824e+00 1.378390e+00 1.501243e+00 1.499876e+00 1.427995e-01 6.104051e-02 9.312510e-02 1.332454e-01 1.890946e-01 2.468247e-01 2.565349e-01 2.829236e-01 3.360985e-01 3.549480e-01 3.000467e-01 2.906364e-01 3.047971e-01 3.676169e-02 2.108205e-02 2.053504e-02 2.776207e-02 3.919033e-02 6.074083e-02 8.135755e-02 7.680839e-02 1.012545e-01 7.681054e-02 5.663459e-02 6.992155e-02 7.191157e-02 1.629507e-02
<GCONST> 6.748885e+01
<STATE> 10
<NUMMIXES> 3
<MIXTURE> 1 3.060190e-01
<MEAN> 52
 -9.318325e+00 -3.392305e+00 -4.424850e+00 -5.409805e+00 -4.201501e+00 -3.443835e+00 -3.929014e+00 -2.005114e+00 -1.830773e+00 -2.383758e+00 -3.221944e+00 -1.688869e+00 5.387881e+01 1.731206e-02 2.062781e-01 3.324031e-01 2.179907e-01 -1.626979e-02 -5.971477e-02 1.533831e-01 1.310023e-01 -1.450820e-01 9.998265e-02 2.299246e-01 1.633518e-01 -6.919416e-03 1.463231e-02 1.105732e-02 1.006960e-01 1.356214e-01 1.574278e-01 8.940180e-02 -1.400257e-02 8.276711e-02 7.442785e-02 1.371428e-01 1.117369e-01 7.820093e-02 5.015061e-02 7.566297e-04 -1.528797e-02 -3.134006e-02 -3.116175e-02 2.001108e-02 1.530230e-02 -3.409040e-02 -2.464552e-02 2.642879e-02 -1.512002e-02 -5.353953e-02 -3.365276e-02 3.164703e-02
<VARIANCE> 52
 8.289327e+00 9.263863e+00 1.044775e+01 8.742638e+00 1.578867e+01 2.218441e+01 1.948527e+01 1.863154e+01 1.549074e+01 1.936267e+01 2.284844e+01 1.813294e+01 1.103114e+01 3.147696e-01 2.894292e-01 6.550136e-01 7.393635e-01 9.849283e-01 1.174506e+00 1.326592e+00 1.749247e+00 1.349359e+00 1.902026e+00 2.488203e+00 1.565664e+00 1.253798e-01 5.532958e-02 8.557574e-02 1.528177e-01 2.095011e-01 2.459933e-01 2.563358e-01 2.386619e-01 4.135233e-01 2.559963e-01 3.328920e-01 5.182703e-01 2.627441e-01 2.408068e-02 1.335122e-02 1.480988e-02 3.623964e-02 3.177417e-02 3.622872e-02 4.172922e-02 5.200510e-02 6.412426e-02 4.415522e-02 7.959460e-02 1.134005e-01 5.886320e-02 6.349936e-03
<GCONST> 6.313290e+01
<MIXTURE> 2 3.250797e-01
<MEAN> 52
 -9.630282e+00 -3.946769e+00 -4.031950e+00 -4.131969e+00 -2.779107e+00 -1.661551e+00 -3.185191e+00 -8.839273e-01 -1.898190e+00 -1.665047e+00 -2.606525e+00 -7.057785e-01 5.292000e+01 -1.002832e-01 1.928562e-01 2.112067e-01 4.730299e-02 1.896744e-01 4.092425e-01 1.832637e-01 6.563649e-01 6.349420e-01 6.195056e-01 1.262463e-01 1.492437e-01 8.780455e-02 2.103530e-01 3.674585e-01 4.422621e-01 2.047126e-01 5.358036e-02 -1.282648e-01 -2.485301e-01 -3.091531e-01 -1.135408e-01 -6.868456e-02 2.809172e-02 -7.552440e-02 4.522872e-01 1.323987e-01 7.980570e-02 1.989511e-01 3.748705e-02 -1.328188e-01 -1.753733e-01 -2.044068e-01 -2.154381e-01 -2.443347e-01 -1.742268e-01 -3.306658e-02 -3.817141e-02 2.138335e-01
<VARIANCE> 52
 7.636850e+00 1.435038e+01 1.491159e+01 1.381135e+01 1.784516e+01 2.130588e+01 2.638498e+01 2.632899e+01 2.150395e+01 2.572236e+01 2.074086e+01 2.020642e+01 1.581558e+01 2.454655e-01 6.186118e-01 9.289770e-01 1.058414e+00 1.407788e+00 1.968430e+00 1.823460e+00 1.898538e+00 1.599167e+00 1.428154e+00 1.693166e+00 1.236404e+00 3.008058e-01 2.164200e-01 1.773732e-01 2.631409e-01 2.713867e-01 3.816983e-01 4.947481e-01 5.747948e-01 5.069306e-01 4.301625e-01 3.880730e-01 3.962927e-01 3.026532e-01 2.066101e-01 2.385362e-02 4.195132e-02 6.318229e-02 5.997120e-02 8.707810e-02 9.508064e-02 8.720942e-02 9.743961e-02 6.989776e-02 7.903244e-02 8.667964e-02 7.005704e-02 2.316844e-02
<GCONST> 8.351628e+01
<MIXTURE> 3 3.689013e-01
<MEAN> 52
 -9.737604e+00 -3.188101e+00 -2.810972e+00 -2.887214e+00 -1.609321e+00 -1.066700e+00 -2.999603e+00 -1.931211e+00 -2.375178e+00 -1.646372e+00 -1.915132e+00 -1.663370e-01 5.382119e+01 3.745617e-01 5.970008e-01 7.142485e-01 6.748814e-01 5.235909e-01 9.446563e-02 -5.939046e-01 -7.003338e-01 -7.484338e-01 -5.010085e-01 -5.803369e-01 -5.038731e-01 5.646690e-01 2.782207e-01 2.191812e-01 3.101209e-01 7.565606e-02 -1.971405e-01 -2.960600e-01 -3.901610e-01 -1.129682e-01 -2.178548e-01 -1.356303e-01 -1.462846e-01 -9.466299e-02 3.677836e-01 -3.655624e-02 -1.080895e-01 -2.351329e-02 -1.163326e-01 -1.761213e-01 -3.868388e-02 1.663994e-03 1.336955e-01 1.117863e-01 9.398827e-02 9.520078e-02 9.205778e-02 6.075265e-02
<VARIANCE> 52
 1.016495e+01 1.582887e+01 1.770071e+01 2.064215e+01 2.908805e+01 2.353029e+01 2.564215e+01 2.629704e+01 2.181240e+01 2.533490e+01 2.217850e+01 1.638023e+01 2.111612e+01 1.165485e+00 2.074826e+00 1.748523e+00 2.025743e+00 2.864991e+00 2.135943e+00 2.136832e+00 2.060064e+00 1.926954e+00 2.113535e+00 1.997458e+00 1.589628e+00 8.096142e-01 3.363128e-01 3.255950e-01 3.788309e-01 4.143601e-01 5.614026e-01 4.804498e-01 6.064373e-01 6.229299e-01 4.651939e-01 5.088442e-01 4.644297e-01 3.924429e-01 3.082902e-01 4.044002e-02 8.027465e-02 5.729841e-02 8.053572e-02 1.300293e-01 8.557960e-02 1.056870e-01 9.612405e-02 8.055088e-02 9.670621e-02 8.547494e-02 7.644531e-02 5.183263e-02
<GCONST> 9.893417e+01
<STATE> 11
<NUMMIXES> 3
<MIXTURE> 1 4.983976e-01
<MEAN> 52
 -8.145576e+00 1.731026e-01 3.169059e-02 -1.383824e+00 -5.856329e-01 -8.586840e-01 -4.436062e+00 -3.537472e+00 -4.267454e+00 -2.348099e+00 -2.845804e+00 -8.256254e-01 5.602706e+01 2.121994e+00 2.021055e+00 2.713217e+00 8.449354e-01 -8.282700e-01 -1.380872e+00 -2.173840e+00 -9.416965e-01 -1.308787e+00 -4.787805e-01 -5.997882e-01 -3.206406e-01 2.262099e+00 2.607305e-01 -1.471232e-01 4.573958e-01 -2.759381e-01 -7.083452e-01 -3.979477e-01 -5.288932e-01 4.571103e-02 -1.173339e-01 6.628197e-02 -8.919532e-03 4.692183e-02 6.727794e-01 -3.483623e-01 -3.869464e-01 -3.162810e-01 -2.115045e-01 -4.788658e-02 2.244040e-01 2.678120e-01 1.824505e-01 1.919521e-01 1.099637e-01 1.261232e-01 6.899540e-02 -1.340116e-01
<VARIANCE> 52
 2.029836e+01 3.331559e+01 3.163750e+01 2.467581e+01 3.347960e+01 3.678103e+01 3.521144e+01 2.991324e+01 2.776384e+01 2.841195e+01 3.115221e+01 2.499863e+01 4.001800e+01 1.783263e+00 2.478662e+00 4.516591e+00 4.039862e+00 5.368243e+00 5.568208e+00 5.664708e+00 5.036583e+00 4.358051e+00 3.370639e+00 3.551324e+00 3.481724e+00 3.500344e+00 4.351060e-01 8.698561e-01 7.282341e-01 4.870636e-01 7.024657e-01 7.112768e-01 8.666000e-01 6.671550e-01 6.136110e-01 6.426135e-01 6.075800e-01 4.784355e-01 6.338714e-01 6.748885e-02 9.884536e-02 1.506401e-01 1.131561e-01 2.298555e-01 2.267913e-01 2.223142e-01 2.110179e-01 1.628199e-01 1.610115e-01 1.357532e-01 1.557958e-01 1.406770e-01
<GCONST> 1.270070e+02
<MIXTURE> 2 2.295691e-01
<MEAN> 52
 -8.986145e+00 -2.620784e+00 -3.464573e+00 -3.351478e+00 -1.035487e+00 -5.296969e-01 -2.724323e+00 -2.153103e+00 -3.774538e-01 -8.824348e-01 -1.276119e+00 -3.676539e-01 5.390363e+01 2.496675e-02 -1.129050e-01 -5.110067e-02 1.384267e-01 6.557983e-01 3.079090e-01 4.829885e-03 1.055918e-01 2.440244e-01 -4.112564e-03 -1.477808e-02 7.698087e-02 2.954350e-01 -3.698421e-02 -5.747224e-02 -9.929840e-02 -6.269258e-02 -8.695195e-03 -1.032527e-05 -4.827043e-02 2.069382e-02 1.725153e-02 -1.250664e-01 -7.646146e-02 -2.832323e-02 -6.444936e-03 -7.560215e-03 9.056170e-03 3.490061e-03 -3.032521e-02 -6.790026e-02 -1.447117e-02 1.924762e-03 -8.413058e-03 -4.298251e-02 -2.024834e-02 -6.529694e-03 -9.828588e-03 -2.149676e-02
<VARIANCE> 52
 1.680423e+01 6.081775e+00 9.098501e+00 1.055711e+01 1.991294e+01 1.646595e+01 1.611778e+01 1.830488e+01 1.454821e+01 2.190772e+01 1.726715e+01 1.747925e+01 1.315217e+01 3.656152e-01 2.683955e-01 6.684864e-01 1.005840e+00 3.616591e+00 1.846870e+00 1.888606e+00 2.267352e+00 1.412240e+00 1.950557e+00 2.111813e+00 1.608034e+00 6.603550e-01 3.263831e-02 3.387339e-02 8.230620e-02 8.172092e-02 2.161687e-01 1.564744e-01 1.499201e-01 1.656114e-01 1.962337e-01 2.518770e-01 1.592693e-01 1.245205e-01 4.998084e-02 5.164819e-03 5.325931e-03 1.534175e-02 1.632857e-02 3.941493e-02 1.700422e-02 2.883227e-02 2.849074e-02 2.881316e-02 3.314588e-02 3.562026e-02 2.910076e-02 6.502724e-03
<GCONST> 5.186605e+01
<MIXTURE> 3 2.720333e-01
<MEAN> 52
 -9.766749e+00 -2.502656e+00 -3.414400e+00 -3.528420e+00 -2.732733e+00 -1.338532e+00 -3.094417e+00 -3.117252e+00 -2.354391e+00 -1.683818e+00 -2.882751e+00 -1.881217e+00 5.497091e+01 -1.343838e+00 -5.823505e-02 2.659251e-01 -5.752601e-02 -4.303813e-01 -3.537607e-01 2.416616e-02 -7.783506e-01 -1.304345e-01 -2.601750e-01 7.620823e-01 -1.565482e-02 2.783029e+00 2.461669e-01 3.194493e-01 9.488908e-01 4.539722e-02 -4.849879e-01 1.415364e-02 -3.440149e-01 -1.450578e-01 -5.235093e-01 -1.606728e-01 3.152710e-01 4.641525e-02 7.894177e-01 3.204834e-01 8.369218e-02 2.203466e-01 1.442194e-02 -1.245477e-01 6.722154e-02 -1.496859e-01 1.638124e-01 -1.782449e-01 7.696122e-03 -1.171088e-01 -3.597790e-02 -2.917696e-01
<VARIANCE> 52
 1.225483e+01 2.148585e+01 1.836978e+01 2.306790e+01 3.184304e+01 2.349830e+01 2.853642e+01 2.860686e+01 2.342681e+01 1.615476e+01 1.768515e+01 1.857270e+01 3.350424e+01 8.454145e-01 3.177291e+00 4.085357e+00 2.353352e+00 4.751993e+00 3.985671e+00 3.925300e+00 3.173926e+00 3.207950e+00 2.260538e+00 2.270859e+00 1.844650e+00 3.196132e+00 2.993002e-01 4.014534e-01 9.635460e-01 4.808169e-01 7.743991e-01 6.556042e-01 7.847024e-01 5.682482e-01 7.208418e-01 5.990177e-01 4.111657e-01 5.589446e-01 5.749015e-01 3.486361e-02 1.465623e-01 1.557190e-01 1.047416e-01 2.003234e-01 1.851925e-01 1.790848e-01 1.389516e-01 1.246463e-01 1.198205e-01 1.036479e-01 1.080508e-01 1.218096e-01
<GCONST> 1.146283e+02
<TRANSP> 12
 0.000000e+00 1.000000e+00 0.000000e+00 0.000000e+00 0.000000e+00 0.000000e+00 0.000000e+00 0.000000e+00 0.000000e+00 0.000000e+00 0.000000e+00 0.000000e+00
 0.000000e+00 6.307123e-01 3.692878e-01 0.000000e+00 0.000000e+00 0.000000e+00 0.000000e+00 0.000000e+00 0.000000e+00 0.000000e+00 0.000000e+00 0.000000e+00
 0.000000e+00 0.000000e+00 8.912162e-01 1.087838e-01 0.000000e+00 0.000000e+00 0.000000e+00 0.000000e+00 0.000000e+00 0.000000e+00 0.000000e+00 0.000000e+00
 0.000000e+00 0.000000e+00 0.000000e+00 7.352443e-01 2.647558e-01 0.000000e+00 0.000000e+00 0.000000e+00 0.000000e+00 0.000000e+00 0.000000e+00 0.000000e+00
 0.000000e+00 0.000000e+00 0.000000e+00 0.000000e+00 7.462940e-01 2.537060e-01 0.000000e+00 0.000000e+00 0.000000e+00 0.000000e+00 0.000000e+00 0.000000e+00
 0.000000e+00 0.000000e+00 0.000000e+00 0.000000e+00 0.000000e+00 8.111585e-01 1.888415e-01 0.000000e+00 0.000000e+00 0.000000e+00 0.000000e+00 0.000000e+00
 0.000000e+00 0.000000e+00 0.000000e+00 0.000000e+00 0.000000e+00 0.000000e+00 7.808186e-01 2.191814e-01 0.000000e+00 0.000000e+00 0.000000e+00 0.000000e+00
 0.000000e+00 0.000000e+00 0.000000e+00 0.000000e+00 0.000000e+00 0.000000e+00 0.000000e+00 8.660300e-01 1.339700e-01 0.000000e+00 0.000000e+00 0.000000e+00
 0.000000e+00 0.000000e+00 0.000000e+00 0.000000e+00 0.000000e+00 0.000000e+00 0.000000e+00 0.000000e+00 7.361087e-01 2.638913e-01 0.000000e+00 0.000000e+00
 0.000000e+00 0.000000e+00 0.000000e+00 0.000000e+00 0.000000e+00 0.000000e+00 0.000000e+00 0.000000e+00 0.000000e+00 6.870322e-01 3.129679e-01 0.000000e+00
 0.000000e+00 0.000000e+00 0.000000e+00 0.000000e+00 0.000000e+00 0.000000e+00 0.000000e+00 0.000000e+00 0.000000e+00 0.000000e+00 5.222100e-01 4.777900e-01
 0.000000e+00 0.000000e+00 0.000000e+00 0.000000e+00 0.000000e+00 0.000000e+00 0.000000e+00 0.000000e+00 0.000000e+00 0.000000e+00 0.000000e+00 0.000000e+00
<ENDHMM>
