~o
<STREAMINFO> 1 52
<VECSIZE> 52<NULLD><MFCC_D_A_T_0><DIAGC>
~h "dd"
<BEGINHMM>
<NUMSTATES> 12
<STATE> 2
<NUMMIXES> 3
<MIXTURE> 1 3.597009e-01
<MEAN> 52
 -6.199898e+00 2.597163e+00 1.624193e+01 -2.025920e+00 -1.784218e+01 -4.128777e+00 -1.159355e+01 -5.819631e+00 -1.094625e+01 -4.966424e+00 3.711493e+00 -3.424624e+00 7.146126e+01 1.499356e+00 -5.746816e-01 3.399945e+00 -9.119007e-01 -3.360374e+00 8.035471e-01 -2.550914e+00 3.788962e-01 -1.860725e+00 -4.378310e-01 1.492152e+00 -7.794682e-01 1.975803e+00 8.083139e-02 -1.230495e-01 -1.353074e+00 -1.637129e-01 8.728006e-01 3.259325e-01 5.784740e-01 -2.098974e-02 3.855473e-01 5.897515e-01 -4.091396e-01 -1.817917e-01 -8.385159e-01 -2.698402e-01 1.652617e-01 -5.966938e-01 1.888893e-01 5.284619e-01 -1.723953e-01 5.135024e-01 -8.013711e-02 2.716782e-01 1.050969e-01 -2.391204e-01 7.292457e-02 -1.595496e-01
<VARIANCE> 52
 1.134539e+01 2.837686e+01 3.145674e+01 5.206940e+01 3.935585e+01 3.694384e+01 4.913191e+01 4.079077e+01 4.726270e+01 3.861494e+01 2.713412e+01 2.798935e+01 1.498132e+01 2.756187e+00 2.277387e+00 7.680408e+00 3.511983e+00 3.303056e+00 4.086027e+00 4.799739e+00 3.554571e+00 4.921808e+00 4.601708e+00 3.114588e+00 3.069328e+00 1.097747e+00 3.830841e-01 4.384013e-01 8.504577e-01 4.857948e-01 7.641836e-01 6.542991e-01 8.913057e-01 5.814481e-01 6.913788e-01 5.918232e-01 5.816055e-01 4.421743e-01 1.735948e-01 9.549663e-02 9.113282e-02 2.842369e-01 1.343012e-01 1.671724e-01 1.908745e-01 1.959805e-01 1.637457e-01 1.998524e-01 1.937872e-01 1.474307e-01 1.183697e-01 5.164640e-02
<GCONST> 1.233430e+02
<MIXTURE> 2 1.541234e-01
<MEAN> 52
 -1.213876e+01 -5.569960e-01 6.437569e+00 -1.897514e+01 -1.871403e+01 -6.869310e+00 -1.698602e+01 -1.460032e+01 -1.045131e+01 2.268357e+00 -1.295783e+01 5.959795e-01 7.096516e+01 -2.231830e-01 -4.078210e-02 2.405263e+00 -5.067666e+00 -1.355626e+00 -2.908674e-01 -3.311251e+00 -1.011824e+00 -1.294525e+00 -4.040695e-01 -4.344079e+00 1.036627e+00 2.297545e+00 2.472777e-01 -8.258084e-02 -8.762285e-01 3.549793e-01 1.516891e+00 6.446940e-01 5.865418e-01 9.630889e-01 6.234825e-01 -7.602737e-01 -5.141212e-02 -1.179779e-01 -1.198009e+00 9.263878e-03 3.380967e-02 -3.943559e-01 6.883466e-01 1.345713e-01 8.591258e-02 3.978767e-01 1.562368e-01 1.919307e-01 5.342622e-02 6.546617e-01 -1.653435e-01 -1.580682e-01
<VARIANCE> 52
 8.767554e+00 2.180195e+01 2.417195e+01 4.783602e+01 2.350631e+01 2.364193e+01 4.465596e+01 3.022453e+01 3.437506e+01 4.076385e+01 6.678085e+01 4.065171e+01 1.719120e+01 9.901332e-01 1.599691e+00 3.393446e+00 2.401258e+00 7.298474e+00 4.035688e+00 4.622849e+00 5.377514e+00 3.503665e+00 4.924843e+00 3.016409e+00 4.575390e+00 3.658520e+00 1.853055e-01 2.476234e-01 6.240963e-01 9.710324e-01 5.443777e-01 5.985326e-01 8.566420e-01 5.779939e-01 4.924574e-01 5.639803e-01 1.354300e+00 6.467088e-01 2.104685e-01 3.878565e-02 6.074298e-02 1.377249e-01 7.414136e-02 3.217710e-01 1.861845e-01 2.178656e-01 2.043151e-01 1.595779e-01 2.010570e-01 1.079381e-01 1.787216e-01 1.547944e-01
<GCONST> 1.211293e+02
<MIXTURE> 3 4.861757e-01
<MEAN> 52
 -1.152399e+01 -2.099314e-01 -1.954434e+00 -4.233193e+00 -5.296425e+00 -2.867252e+00 -3.652026e+00 -5.966709e+00 -3.459961e+00 -1.210197e+00 -2.426751e+00 -2.419244e+00 6.192719e+01 -3.505956e-01 6.313640e-01 2.539917e+00 -4.148335e-01 -2.524196e+00 -4.343124e-01 -1.107443e+00 -7.679788e-01 -1.081492e+00 -1.951574e-01 5.411694e-01 -1.355160e-01 3.256122e+00 5.703790e-01 4.528541e-02 9.633505e-01 -2.276373e-01 -6.490006e-01 6.259915e-02 -7.759482e-01 -7.286162e-02 -4.834278e-01 -1.601022e-01 -1.382101e-01 -7.663166e-02 1.526623e-01 6.047473e-02 -1.163069e-01 -3.661554e-01 -4.150417e-02 3.248009e-01 8.912989e-02 1.133388e-01 1.288616e-01 1.331391e-01 2.872215e-02 -1.213225e-01 -1.163407e-02 -3.962744e-01
<VARIANCE> 52
 2.361949e+01 3.305093e+01 4.958646e+01 3.546962e+01 4.201169e+01 3.065358e+01 3.575721e+01 3.400877e+01 3.084693e+01 3.015008e+01 3.720825e+01 2.926533e+01 5.299954e+01 2.760635e+00 2.544258e+00 7.747694e+00 4.671146e+00 5.928646e+00 3.383010e+00 5.504450e+00 4.391456e+00 4.241587e+00 3.988541e+00 3.594698e+00 2.997214e+00 3.849815e+00 6.484749e-01 4.536262e-01 1.043820e+00 9.361776e-01 7.810800e-01 6.769259e-01 9.205056e-01 7.844147e-01 6.959493e-01 7.882755e-01 8.355919e-01 5.576733e-01 6.186236e-01 1.097243e-01 9.813649e-02 3.288759e-01 1.561376e-01 2.836479e-01 1.409342e-01 2.375108e-01 1.768803e-01 1.683409e-01 1.796280e-01 1.311003e-01 1.066064e-01 1.562689e-01
<GCONST> 1.324714e+02
<STATE> 3
<NUMMIXES> 3
<MIXTURE> 1 4.158826e-01
<MEAN> 52
 -5.857574e+00 1.011692e+00 1.611217e+01 -8.525743e+00 -1.970191e+01 -2.417206e-01 -1.286952e+01 -6.193789e+00 -1.201660e+01 -2.658260e+00 3.682531e+00 -5.449522e+00 7.315824e+01 7.089403e-01 3.200584e-01 -1.290871e+00 -6.757414e-03 5.326282e-01 4.971093e-01 7.562228e-01 3.436998e-02 -4.241990e-01 9.081905e-01 -1.148265e-01 -8.179137e-01 -2.773531e-01 1.833411e-01 1.416367e-01 -8.843655e-01 8.112946e-01 8.126550e-01 -4.670769e-01 4.903926e-01 -2.440605e-01 2.331299e-01 2.154067e-01 -4.917413e-01 6.268957e-02 -5.640935e-01 3.620080e-02 -6.665902e-02 3.557246e-01 8.267583e-02 -2.198794e-01 -7.732799e-02 -2.432313e-01 -1.098522e-01 -6.446652e-04 -1.314968e-01 -7.641254e-03 1.014822e-01 1.380272e-01
<VARIANCE> 52
 1.375254e+01 2.840122e+01 4.530237e+01 8.003737e+01 3.153133e+01 4.991621e+01 5.822639e+01 4.883708e+01 4.908978e+01 5.370746e+01 4.733438e+01 4.095342e+01 1.566509e+01 5.758946e-01 7.490748e-01 1.698092e+00 3.097770e+00 2.065438e+00 3.407320e+00 2.287356e+00 1.940307e+00 1.886392e+00 2.205472e+00 1.912650e+00 1.618293e+00 5.461466e-01 1.912081e-01 2.300018e-01 5.693119e-01 4.495224e-01 5.072167e-01 7.956155e-01 8.759879e-01 6.069238e-01 6.082864e-01 5.951188e-01 5.705297e-01 3.961527e-01 9.799809e-02 3.579683e-02 4.746209e-02 9.440807e-02 1.327493e-01 1.105427e-01 1.696130e-01 1.167115e-01 1.162321e-01 1.191628e-01 1.103292e-01 1.031619e-01 7.085601e-02 2.087574e-02
<GCONST> 1.064517e+02
<MIXTURE> 2 1.865293e-01
<MEAN> 52
 -1.234583e+01 -6.575545e-01 5.097628e+00 -2.981465e+01 -1.158253e+01 -2.391257e+00 -2.134808e+01 -1.040342e+01 -8.307369e+00 -2.741296e+00 -2.210223e+01 1.497108e+00 7.196095e+01 6.739624e-01 1.294546e-01 -9.480098e-01 -4.297352e-02 1.189785e+00 7.096028e-01 -1.041286e+00 8.587695e-01 3.339810e-01 -1.306422e+00 -4.583809e-01 -3.498158e-02 -4.370338e-01 2.501942e-01 -1.072996e-01 -3.508231e-01 1.162869e+00 -1.930677e-01 -4.267899e-01 4.714574e-01 -8.092392e-02 -1.502745e-01 1.237953e-01 6.113936e-01 -1.546848e-01 -2.564859e-01 -1.871238e-02 -2.770830e-02 1.669497e-01 -1.050949e-01 -2.323361e-01 -2.408844e-01 4.489342e-02 -2.251090e-01 -1.764918e-01 1.710775e-01 -1.478938e-01 3.454167e-02 1.469641e-01
<VARIANCE> 52
 9.935637e+00 1.856551e+01 2.144595e+01 3.975365e+01 3.200106e+01 2.202635e+01 3.767292e+01 4.520378e+01 3.883571e+01 3.684872e+01 2.855438e+01 3.958628e+01 1.110834e+01 5.522956e-01 7.547075e-01 1.131876e+00 3.847347e+00 1.848365e+00 2.022745e+00 1.687051e+00 2.568054e+00 1.496115e+00 2.126190e+00 1.713860e+00 2.274126e+00 2.005068e-01 7.066216e-02 1.389369e-01 3.550748e-01 3.107800e-01 4.106403e-01 5.432795e-01 5.623157e-01 4.650356e-01 3.800075e-01 4.377615e-01 4.993569e-01 4.134592e-01 7.674570e-02 1.810591e-02 3.282219e-02 7.497680e-02 8.141568e-02 1.386480e-01 9.897271e-02 1.221608e-01 1.003262e-01 7.817845e-02 1.045757e-01 9.144983e-02 9.370531e-02 3.035584e-02
<GCONST> 9.264318e+01
<MIXTURE> 3 3.975881e-01
<MEAN> 52
 -2.058923e-01 2.980182e+00 6.975203e+00 4.155258e-01 -1.488288e+01 -3.589286e+00 -8.171474e+00 -7.771924e+00 -1.225375e+01 1.967797e-01 5.167217e-01 -7.494563e+00 6.938780e+01 1.582264e+00 7.425358e-03 -1.542088e+00 2.268130e+00 1.225271e+00 -5.567898e-01 5.044711e-01 -1.832211e+00 6.374077e-01 1.078923e+00 -1.912843e+00 1.445832e-02 -1.312136e+00 -2.105911e-01 -1.252904e-02 5.670367e-01 -2.829155e-01 -2.641022e-01 2.968316e-01 -3.156098e-01 -2.657896e-01 2.460238e-01 -1.340314e-01 -1.105499e-01 3.177696e-01 1.287640e-02 -1.740194e-01 4.880727e-02 1.985603e-01 -3.497562e-01 -1.809348e-01 1.402629e-01 -7.414290e-02 2.669021e-01 -1.160557e-01 -1.272109e-01 2.881516e-01 -3.873156e-02 1.698135e-01
<VARIANCE> 52
 1.377683e+01 2.477786e+01 4.927847e+01 7.642899e+01 4.378785e+01 4.530526e+01 6.678259e+01 5.883965e+01 5.433781e+01 6.223953e+01 5.555183e+01 4.491198e+01 2.002332e+01 6.110761e-01 9.303879e-01 2.398711e+00 3.171254e+00 3.041795e+00 5.024690e+00 4.020679e+00 4.443642e+00 3.473380e+00 4.167193e+00 3.121782e+00 2.438518e+00 5.219912e-01 1.369744e-01 1.622362e-01 2.991034e-01 5.881361e-01 4.785392e-01 6.612282e-01 4.582282e-01 7.284203e-01 5.452126e-01 5.986705e-01 5.887769e-01 3.334088e-01 1.103689e-01 2.564375e-02 4.313565e-02 1.354847e-01 1.358463e-01 1.439413e-01 2.036297e-01 1.634991e-01 1.757343e-01 1.458821e-01 1.733695e-01 1.307695e-01 9.255227e-02 2.268759e-02
<GCONST> 1.130737e+02
<STATE> 4
<NUMMIXES> 3
<MIXTURE> 1 5.488635e-01
<MEAN> 52
 1.954910e+00 3.273468e+00 7.838037e+00 2.723692e+00 -1.379734e+01 -1.033992e+00 -1.067526e+01 -1.331165e+01 -8.889210e+00 2.740903e+00 -3.715170e+00 -5.764910e+00 6.675771e+01 1.142063e-01 5.197306e-01 2.492962e-01 5.579608e-03 1.575331e-01 3.997527e-01 -2.563170e-01 -3.259777e-01 2.392166e-01 1.973908e-02 -4.967717e-01 2.940229e-01 -6.027009e-01 -2.413348e-01 1.035363e-01 1.329820e-01 -2.858367e-01 1.472925e-01 -5.038685e-02 1.316222e-02 4.089413e-01 -7.350006e-02 -1.731329e-01 2.113975e-01 -2.461676e-02 1.607041e-02 1.071329e-02 -6.834926e-02 -1.577954e-01 6.446411e-02 1.441473e-01 -1.070967e-01 6.724517e-02 3.861983e-02 6.164262e-02 1.281118e-02 -1.323837e-02 -3.273040e-02 6.329324e-03
<VARIANCE> 52
 6.489416e+00 2.576911e+01 2.934824e+01 5.267202e+01 3.088112e+01 3.207169e+01 6.795131e+01 3.299509e+01 3.854296e+01 3.975499e+01 3.653682e+01 3.349805e+01 1.131665e+01 2.046208e-01 5.442275e-01 7.040366e-01 7.753810e-01 9.854164e-01 1.075246e+00 1.333257e+00 1.585827e+00 1.542188e+00 1.210263e+00 1.163789e+00 8.677922e-01 2.281538e-01 8.136467e-02 1.139579e-01 1.627670e-01 3.076360e-01 2.897199e-01 3.148815e-01 3.378922e-01 3.687761e-01 3.336543e-01 3.947132e-01 3.146001e-01 2.284431e-01 7.004400e-02 1.467308e-02 2.746584e-02 3.839910e-02 4.987309e-02 5.112412e-02 5.782283e-02 6.481026e-02 6.942450e-02 8.130421e-02 6.449668e-02 5.961098e-02 4.975438e-02 1.983269e-02
<GCONST> 7.691390e+01
<MIXTURE> 2 1.563920e-01
<MEAN> 52
 -6.024069e+00 -1.461302e+00 -3.825784e-01 -1.842863e+01 -1.084854e+01 -6.816133e+00 -2.037266e+01 -1.164437e+01 -1.115321e+01 -6.206076e+00 -2.206822e+01 -2.587183e-01 6.863118e+01 1.367022e+00 -3.651979e-01 -1.507598e+00 2.984276e+00 -2.562784e-01 -2.655350e+00 2.169736e+00 -9.291661e-01 -1.010026e+00 2.528055e-01 6.680880e-02 -2.236022e-01 -8.530516e-01 -9.862524e-02 6.664366e-02 1.504261e-01 -1.686224e-01 -3.525561e-02 -2.882808e-02 1.440015e-01 -1.377095e-01 -9.379209e-03 1.973759e-01 7.240225e-02 4.468092e-02 1.750946e-02 -9.519705e-02 7.710017e-02 1.500015e-01 -3.361289e-01 5.913005e-02 3.865908e-01 -3.840419e-01 1.705527e-01 1.287207e-01 -1.327892e-01 -1.320798e-02 2.476481e-02 4.458301e-02
<VARIANCE> 52
 1.558941e+01 2.700114e+01 2.167249e+01 5.907185e+01 3.763250e+01 4.814265e+01 4.870711e+01 7.209089e+01 3.427932e+01 5.897475e+01 3.248193e+01 4.526612e+01 1.043878e+01 2.965845e-01 6.325315e-01 1.186963e+00 1.375395e+00 1.775961e+00 2.639725e+00 1.543469e+00 1.802893e+00 2.258444e+00 2.844811e+00 1.523794e+00 1.742927e+00 2.218095e-01 7.811032e-02 1.163347e-01 2.346817e-01 5.405074e-01 3.165947e-01 8.225608e-01 7.491570e-01 4.153296e-01 4.076267e-01 5.234982e-01 2.311973e-01 2.885437e-01 3.543373e-02 1.076432e-02 2.294124e-02 4.266455e-02 7.537833e-02 7.542121e-02 1.087476e-01 7.602423e-02 6.439734e-02 7.216435e-02 8.992479e-02 5.323501e-02 7.487179e-02 6.746065e-03
<GCONST> 8.779839e+01
<MIXTURE> 3 2.947445e-01
<MEAN> 52
 -8.499294e-01 -2.304922e+00 -2.981241e+00 -1.189279e+01 -1.305240e+01 -1.338709e+01 -1.579393e+01 -1.347083e+01 -1.300700e+01 -6.061064e+00 -2.156655e+01 6.544542e-01 6.396628e+01 3.677186e-01 4.896716e-01 8.257070e-02 2.563934e-01 -3.498272e-01 7.866678e-02 -2.819903e-01 -2.457280e-01 2.299071e-01 -3.055703e-01 4.399256e-01 -3.429044e-01 -6.080113e-01 -1.668761e-01 1.308952e-01 1.870305e-01 -6.411771e-02 -4.183735e-02 2.691095e-01 -1.408568e-01 1.314100e-01 5.151688e-02 -1.143359e-01 1.443377e-01 -1.406881e-01 -2.810846e-02 -7.988876e-03 -4.037971e-02 -4.085248e-02 1.387624e-01 9.420556e-02 -9.402940e-02 1.418940e-01 1.897271e-03 -2.025910e-02 2.658539e-02 1.411484e-02 7.776223e-03 -2.318809e-02
<VARIANCE> 52
 1.121410e+01 3.168099e+01 1.211068e+01 3.206152e+01 4.704199e+01 3.172901e+01 2.562013e+01 5.893778e+01 3.730376e+01 4.748358e+01 7.098593e+01 5.608127e+01 3.161962e+01 1.814313e-01 4.188211e-01 5.200417e-01 6.348671e-01 9.918450e-01 1.043541e+00 8.842682e-01 1.237604e+00 1.155323e+00 1.467513e+00 1.272265e+00 1.194905e+00 9.937660e-02 5.277452e-02 5.890608e-02 1.372605e-01 2.474898e-01 2.339402e-01 2.942370e-01 2.678961e-01 2.616965e-01 2.339554e-01 2.557085e-01 2.651149e-01 1.761307e-01 2.940397e-02 1.127461e-02 1.399775e-02 2.590008e-02 3.632912e-02 4.395122e-02 4.709399e-02 4.301885e-02 4.751052e-02 4.625110e-02 5.119138e-02 5.238205e-02 4.276337e-02 5.427853e-03
<GCONST> 6.697623e+01
<STATE> 5
<NUMMIXES> 3
<MIXTURE> 1 2.942007e-01
<MEAN> 52
 -6.399872e-01 7.747792e+00 7.580642e+00 4.442749e+00 -5.071007e+00 -1.579541e+00 -7.056180e+00 -1.050015e+01 -7.779042e+00 9.511119e-01 -5.406216e+00 -4.753980e+00 6.235918e+01 -1.705066e+00 -1.507529e+00 -1.787236e+00 -2.271516e+00 1.866562e+00 -1.311038e+00 -9.286018e-01 2.140829e+00 2.730363e+00 -8.314490e-01 6.639911e-01 1.506412e-01 2.160696e+00 3.109730e-01 -7.644785e-01 -5.908744e-01 -9.135019e-01 -6.675160e-01 2.280084e-01 -7.675232e-01 2.867884e-01 5.152376e-01 3.449531e-01 4.545893e-01 -2.419829e-01 1.133205e+00 3.700958e-01 2.222023e-01 2.082314e-01 1.363868e-01 -2.781080e-01 4.633402e-01 7.365765e-02 -3.653937e-01 -4.695388e-01 1.859983e-01 -2.762062e-02 -2.509633e-02 -3.388563e-01
<VARIANCE> 52
 1.262066e+01 1.034447e+01 1.178765e+01 1.535820e+01 3.741533e+01 2.929750e+01 3.555930e+01 3.760439e+01 3.475422e+01 3.089152e+01 2.181733e+01 2.709510e+01 1.947565e+01 1.126774e+00 1.637214e+00 1.813426e+00 3.039335e+00 3.700495e+00 3.421923e+00 3.913632e+00 3.046459e+00 3.706922e+00 4.600231e+00 3.353827e+00 2.905799e+00 1.719332e+00 3.097036e-01 3.303102e-01 2.720876e-01 4.428505e-01 5.842279e-01 8.230071e-01 8.056555e-01 8.961321e-01 7.215733e-01 6.891463e-01 5.913188e-01 4.264758e-01 2.875759e-01 4.834735e-02 7.202715e-02 6.622096e-02 1.154990e-01 1.520162e-01 1.338262e-01 1.967783e-01 1.324983e-01 1.343144e-01 1.953756e-01 1.310487e-01 1.199755e-01 7.784399e-02
<GCONST> 1.119616e+02
<MIXTURE> 2 2.628543e-01
<MEAN> 52
 -1.868112e+00 2.751274e+00 -4.185878e-01 -8.334297e+00 -1.365794e+01 -1.074386e+01 -1.628156e+01 -1.501495e+01 -1.202671e+01 -8.681821e+00 -1.452242e+01 -4.412858e+00 5.988708e+01 -9.205147e-01 3.220433e-01 7.373176e-01 1.493893e+00 1.221434e+00 3.529176e-01 1.057497e+00 6.801284e-01 5.427623e-01 -4.988984e-01 1.300565e+00 -2.542808e-01 -9.688646e-01 -3.789957e-01 -4.277472e-01 -3.209050e-01 -5.203142e-02 4.078955e-01 4.362338e-03 4.444096e-01 4.852860e-01 3.561328e-01 3.017535e-01 2.897025e-01 2.774167e-01 4.106313e-01 6.304831e-02 -1.465887e-01 -2.515416e-01 -3.451656e-01 -1.885652e-01 -7.881062e-02 -1.322982e-01 8.618539e-02 6.429025e-02 1.045901e-01 -6.936390e-02 5.568727e-02 3.336340e-01
<VARIANCE> 52
 2.187741e+01 1.861962e+01 1.585750e+01 3.542341e+01 3.401038e+01 2.263364e+01 2.751127e+01 2.199866e+01 2.028314e+01 3.824905e+01 4.158470e+01 3.177928e+01 2.684124e+01 9.407007e-01 1.439266e+00 1.629330e+00 1.807845e+00 2.744991e+00 2.263347e+00 2.521049e+00 2.717922e+00 2.475967e+00 2.845611e+00 2.927461e+00 2.224076e+00 5.822728e-01 2.480185e-01 1.883299e-01 3.540554e-01 5.109129e-01 5.035045e-01 3.403264e-01 3.716609e-01 2.986950e-01 3.623780e-01 4.826770e-01 4.639436e-01 3.715850e-01 4.117250e-01 5.934571e-02 5.136027e-02 6.165981e-02 1.012665e-01 1.312232e-01 9.804103e-02 1.159794e-01 8.615304e-02 9.002393e-02 1.130402e-01 1.295314e-01 7.996376e-02 4.908429e-02
<GCONST> 1.013868e+02
<MIXTURE> 3 4.429451e-01
<MEAN> 52
 1.681702e+00 6.402024e+00 8.686219e+00 2.727728e+00 -1.072764e+01 -8.974859e-01 -9.134524e+00 -1.119725e+01 -8.681265e+00 2.018331e+00 -4.653732e+00 -5.221805e+00 6.302295e+01 -7.685672e-01 3.445465e-01 5.546081e-03 -3.315977e-01 1.912642e+00 -2.198472e-01 4.002909e-01 8.761973e-01 4.492534e-01 -3.348104e-01 -1.202652e-01 2.422017e-01 -1.072494e+00 -4.580976e-01 -4.938116e-01 -5.475761e-01 -3.719596e-01 2.980228e-01 -3.476433e-01 -3.988756e-02 3.538067e-01 4.716288e-01 -2.435611e-01 2.400875e-01 3.709286e-02 5.854242e-01 1.000560e-01 -1.618317e-01 -1.671685e-01 -1.379594e-01 -2.606306e-01 6.070385e-02 -2.236504e-01 -8.567242e-02 1.056938e-01 1.095484e-01 1.850521e-02 -4.811722e-02 3.342881e-01
<VARIANCE> 52
 7.025929e+00 1.611216e+01 2.076534e+01 4.299249e+01 2.906624e+01 2.772086e+01 4.119841e+01 3.038768e+01 3.304395e+01 3.255298e+01 2.901375e+01 3.098265e+01 1.352014e+01 6.190528e-01 1.091121e+00 8.015424e-01 1.219289e+00 1.538274e+00 1.969207e+00 2.529757e+00 2.615843e+00 2.044542e+00 2.058917e+00 2.077117e+00 1.683264e+00 5.479497e-01 1.078464e-01 1.816663e-01 2.612619e-01 3.816404e-01 4.349520e-01 4.395843e-01 5.109483e-01 5.777128e-01 5.300219e-01 3.802460e-01 4.031886e-01 3.505748e-01 2.940456e-01 4.233360e-02 5.296152e-02 4.777281e-02 7.974287e-02 7.475928e-02 1.114524e-01 1.430094e-01 1.324611e-01 9.819133e-02 1.084879e-01 9.610416e-02 8.631184e-02 3.577577e-02
<GCONST> 9.498940e+01
<STATE> 6
<NUMMIXES> 3
<MIXTURE> 1 4.626675e-01
<MEAN> 52
 -7.801841e+00 -1.555902e+00 -2.763764e+00 -6.937452e+00 -6.560476e+00 -1.070945e+01 -9.911691e+00 -2.714341e+00 -7.259116e-01 -2.767571e+00 -5.554331e+00 -1.694539e+00 7.219147e+01 4.252480e-01 -2.557593e+00 -2.585946e+00 -3.971853e+00 3.966294e-01 3.473715e-01 -2.499594e+00 1.947744e+00 2.139637e+00 1.217305e+00 -4.576719e-01 -7.124003e-01 3.996974e+00 9.752244e-01 1.739501e-01 2.164025e-01 -4.155815e-01 2.825871e-02 1.325317e+00 -4.888394e-01 -8.142384e-01 -7.504024e-01 3.673266e-01 -4.293654e-02 -5.198848e-01 -6.321627e-01 -1.127288e-01 4.068481e-01 2.997533e-01 5.135788e-01 1.086893e-01 8.817755e-02 5.392408e-01 -2.670325e-01 -4.079625e-01 -2.670978e-01 2.187784e-01 1.463088e-01 -6.751674e-01
<VARIANCE> 52
 2.220629e+01 2.786804e+01 3.912226e+01 6.245302e+01 3.973197e+01 4.331050e+01 4.081073e+01 5.238058e+01 4.560442e+01 4.033030e+01 3.298429e+01 2.510652e+01 2.615416e+01 2.027781e+00 1.590788e+00 1.596051e+00 2.750750e+00 4.683705e+00 5.548078e+00 6.528205e+00 6.562431e+00 4.673536e+00 3.846969e+00 6.569983e+00 3.086504e+00 2.108742e+00 4.308513e-01 3.863830e-01 4.524433e-01 7.794533e-01 1.171696e+00 7.671568e-01 1.065203e+00 8.009756e-01 5.615368e-01 8.311326e-01 1.274601e+00 5.375661e-01 5.625049e-01 9.264083e-02 7.233857e-02 7.347258e-02 1.177814e-01 1.829853e-01 2.394721e-01 2.537470e-01 2.589315e-01 1.615274e-01 1.587660e-01 3.009585e-01 1.355451e-01 9.134082e-02
<GCONST> 1.290501e+02
<MIXTURE> 2 2.272801e-01
<MEAN> 52
 -5.627945e+00 9.901093e-01 2.921944e+00 -5.162371e+00 -7.098789e+00 -6.427516e+00 -1.061739e+01 -1.006239e+01 -7.398123e+00 -6.123688e+00 -6.753205e+00 -3.801255e+00 5.708041e+01 -2.457072e+00 -1.358577e+00 -2.314863e+00 -4.270565e-01 4.493494e-01 -1.238536e+00 1.476041e+00 2.021937e+00 1.595509e+00 2.754222e-01 1.578997e+00 1.033615e+00 2.743921e+00 4.065688e-01 -5.243595e-01 -7.995862e-01 -1.232861e+00 -4.945310e-01 -2.682834e-01 -9.123225e-01 2.943003e-01 1.604409e-01 3.979786e-01 -5.971659e-01 -1.070297e-01 1.607038e+00 4.702473e-01 1.094692e-01 2.632881e-01 -1.691883e-01 1.409729e-01 3.748938e-01 -3.592155e-01 -1.920870e-01 -1.919153e-01 5.249927e-02 -2.857519e-01 -2.995268e-01 -3.555000e-01
<VARIANCE> 52
 2.901288e+01 1.745399e+01 4.437218e+01 2.047495e+01 3.364745e+01 3.558832e+01 3.265225e+01 3.507337e+01 2.394992e+01 3.404556e+01 5.104388e+01 1.692196e+01 2.358022e+01 1.673881e+00 1.836831e+00 2.304724e+00 3.186079e+00 3.203880e+00 4.569964e+00 3.072175e+00 3.806251e+00 2.220110e+00 3.036737e+00 5.150079e+00 2.072133e+00 4.179901e+00 5.041887e-01 3.973649e-01 3.418446e-01 6.497421e-01 6.733885e-01 9.455466e-01 9.055408e-01 8.738598e-01 5.057392e-01 6.620086e-01 9.032708e-01 4.893905e-01 2.005860e-01 7.764915e-02 7.170676e-02 1.015334e-01 1.475662e-01 1.783908e-01 2.187860e-01 1.236335e-01 1.546638e-01 8.872878e-02 1.423234e-01 2.428361e-01 8.398507e-02 1.967155e-01
<GCONST> 1.195344e+02
<MIXTURE> 3 3.100524e-01
<MEAN> 52
 -5.297309e-01 -2.482970e+00 -8.088453e-01 -1.085932e+01 -6.707754e+00 1.192384e+00 -1.960049e+01 -4.693677e+00 7.184576e-01 4.063224e+00 1.980674e-01 -9.113609e+00 7.505392e+01 2.173087e+00 -1.258702e+00 -1.242645e+00 -3.784899e+00 -9.847378e-01 3.867451e+00 -1.973216e+00 -6.329035e-02 -5.922397e-01 1.047326e+00 2.142663e+00 -9.562948e-01 1.286956e+00 1.588059e-01 7.365665e-01 4.530611e-01 6.130831e-01 -1.301015e-01 4.339883e-01 1.463188e+00 -3.641041e-01 -1.222937e+00 -6.361256e-01 -9.584506e-02 5.397390e-01 -1.166830e+00 -4.359762e-01 1.492875e-01 6.011559e-02 4.619398e-01 2.166168e-01 -6.628297e-01 4.009973e-01 1.634080e-01 1.727863e-01 -2.991315e-01 -3.563680e-01 1.847497e-01 -9.735575e-02
<VARIANCE> 52
 1.127442e+01 2.493632e+01 3.008158e+01 5.407077e+01 3.123781e+01 3.785922e+01 5.426166e+01 4.216018e+01 4.052116e+01 4.403093e+01 4.151775e+01 2.501762e+01 1.643005e+01 1.710926e+00 1.709839e+00 2.214071e+00 3.057557e+00 3.420740e+00 3.629843e+00 6.616598e+00 4.708423e+00 3.827847e+00 5.481938e+00 3.230478e+00 3.328176e+00 1.574574e+00 3.007152e-01 2.682101e-01 2.663416e-01 4.237730e-01 5.488553e-01 7.171787e-01 6.182364e-01 6.706831e-01 5.852001e-01 6.678167e-01 6.392069e-01 4.846286e-01 2.098664e-01 6.820541e-02 7.886893e-02 1.082147e-01 1.088865e-01 1.358371e-01 1.429386e-01 2.485378e-01 1.896988e-01 1.541542e-01 2.025015e-01 1.346755e-01 1.676517e-01 8.251683e-02
<GCONST> 1.188624e+02
<STATE> 7
<NUMMIXES> 3
<MIXTURE> 1 4.660024e-01
<MEAN> 52
 1.406909e+00 -2.004549e+00 -5.084373e+00 -1.640519e+01 -5.628230e+00 6.611694e+00 -1.564481e+01 -6.864936e+00 -3.774816e+00 1.815881e+00 2.318430e+00 -6.140940e+00 7.414765e+01 8.541830e-01 6.386835e-01 -5.790591e-01 -1.181148e+00 -4.437146e-01 1.774483e+00 2.004951e+00 1.017675e-01 -2.215300e+00 -1.444025e+00 1.070567e+00 8.651542e-01 -6.866756e-01 -3.347106e-01 3.144279e-01 4.707914e-01 9.798827e-01 -1.426104e-01 -9.615104e-01 7.736300e-01 3.267926e-01 -5.879254e-02 -5.236585e-01 -7.492993e-01 1.495834e-01 -3.574955e-01 -7.763205e-02 -2.375789e-01 -5.504543e-03 -2.558663e-03 5.658203e-02 -2.094644e-01 -4.562848e-01 5.039214e-02 4.485970e-01 2.659155e-01 -1.891884e-01 -2.385107e-01 2.864979e-01
<VARIANCE> 52
 9.028798e+00 2.376767e+01 4.647831e+01 5.671936e+01 3.368045e+01 4.299956e+01 7.126765e+01 6.309078e+01 7.083192e+01 6.743447e+01 5.417213e+01 2.940491e+01 1.396437e+01 2.406810e-01 6.928678e-01 8.362687e-01 1.475754e+00 1.227032e+00 2.094673e+00 2.092514e+00 2.298621e+00 1.631196e+00 2.868947e+00 2.018538e+00 1.610993e+00 3.253765e-01 1.133531e-01 2.043541e-01 2.295789e-01 2.664036e-01 4.335291e-01 4.297328e-01 6.789324e-01 5.741042e-01 5.914096e-01 5.914164e-01 5.383440e-01 5.794773e-01 1.487766e-01 2.259484e-02 2.786702e-02 4.670051e-02 5.282562e-02 7.424091e-02 1.191964e-01 1.134025e-01 1.239715e-01 8.094963e-02 1.299790e-01 1.197447e-01 7.276352e-02 2.350318e-02
<GCONST> 9.680189e+01
<MIXTURE> 2 3.062818e-01
<MEAN> 52
 -4.676322e+00 -8.735815e+00 -1.133626e+01 -2.038145e+01 7.917649e-02 -7.224027e+00 -1.538994e+01 -1.916395e+00 -1.251862e+00 -7.273260e-01 -1.310234e+01 -4.452681e+00 7.504108e+01 6.919669e-01 -9.097181e-02 -1.390143e+00 -1.683726e+00 2.171580e+00 2.172373e+00 -6.512542e-01 -1.492522e+00 -1.480260e+00 4.413878e-01 5.962503e-01 -1.107068e+00 -2.497217e-01 -6.959932e-02 6.687678e-01 4.299538e-01 7.782167e-01 -5.106786e-01 -6.929947e-02 6.506175e-01 -4.571239e-01 -9.249595e-01 -4.918159e-01 9.420936e-01 2.303447e-01 -7.474509e-01 -9.809016e-02 -1.618319e-01 3.654477e-02 1.803225e-02 -2.792198e-01 -4.068248e-01 1.387324e-01 4.613254e-01 1.773518e-01 -7.380825e-02 -1.015706e-01 2.048506e-01 3.062187e-01
<VARIANCE> 52
 1.274332e+01 1.935413e+01 4.553170e+01 5.014342e+01 4.632538e+01 3.496758e+01 5.388948e+01 8.317068e+01 7.842422e+01 5.464093e+01 2.753847e+01 2.341514e+01 2.961132e+01 4.965624e-01 9.376504e-01 8.698834e-01 1.024717e+00 2.796603e+00 2.151302e+00 2.161141e+00 2.049628e+00 3.107850e+00 3.195606e+00 4.217193e+00 1.383619e+00 3.891584e-01 1.563548e-01 1.924325e-01 1.812439e-01 1.907379e-01 5.004339e-01 6.997759e-01 6.249057e-01 1.065424e+00 5.653408e-01 5.454508e-01 6.230192e-01 4.320587e-01 2.621913e-01 3.664223e-02 4.075263e-02 3.824789e-02 5.341709e-02 1.396712e-01 1.234464e-01 1.123770e-01 9.527222e-02 1.020933e-01 1.360066e-01 2.611639e-01 6.759368e-02 2.505004e-02
<GCONST> 1.028979e+02
<MIXTURE> 3 2.277159e-01
<MEAN> 52
 1.347584e+00 -4.521374e+00 -2.638646e+00 -2.526838e+01 -5.889441e+00 9.738641e+00 -1.991833e+01 -4.344699e+00 -8.769898e+00 3.600293e+00 2.521141e+00 -5.543533e+00 7.428474e+01 4.407746e-01 2.401209e-01 -1.179089e-01 -2.088618e-01 9.198204e-02 4.221507e-01 1.245432e+00 4.922629e-01 -8.924998e-01 -1.766970e+00 7.015475e-01 5.875659e-01 -4.853873e-01 -9.232720e-02 -5.065994e-02 8.829960e-02 6.313396e-01 -6.136690e-02 -5.912230e-01 8.605680e-02 1.021409e-01 1.573792e-01 -8.918113e-02 -2.505569e-01 -3.270107e-01 -2.647897e-02 4.987046e-02 -7.129115e-02 1.370038e-03 -8.784717e-02 -4.929886e-02 1.180313e-01 -1.887850e-01 -7.122073e-02 2.922644e-02 2.651045e-01 -5.203987e-02 -1.597296e-01 7.531283e-02
<VARIANCE> 52
 1.010362e+01 8.962629e+00 3.098330e+01 2.825975e+01 2.776804e+01 4.071365e+01 1.281926e+01 2.124623e+01 1.791539e+01 3.405876e+01 2.361967e+01 2.442136e+01 6.540848e+00 5.210744e-02 2.482611e-01 1.819621e-01 1.143440e+00 4.873579e-01 9.912137e-01 6.626402e-01 9.340270e-01 7.349074e-01 1.237032e+00 7.012239e-01 9.186333e-01 3.997887e-02 1.626747e-02 5.585046e-02 5.186579e-02 7.559786e-02 9.839551e-02 1.595960e-01 1.904261e-01 1.605607e-01 1.642851e-01 3.137401e-01 1.319265e-01 1.595303e-01 1.030923e-02 1.068038e-02 1.748337e-02 1.472813e-02 2.510255e-02 2.105041e-02 2.784835e-02 5.745989e-02 3.404788e-02 2.678178e-02 5.474843e-02 3.840884e-02 6.070776e-02 7.370785e-03
<GCONST> 4.400673e+01
<STATE> 8
<NUMMIXES> 3
<MIXTURE> 1 3.035858e-01
<MEAN> 52
 2.470957e+00 -4.065173e+00 -2.822077e-01 -1.876264e+01 -9.773332e+00 7.232984e+00 -1.292260e+01 -1.528728e+00 -9.459081e+00 -4.831548e+00 5.111933e-01 -8.613053e+00 7.179945e+01 -2.587765e-02 3.639333e-02 5.041384e-01 1.124210e+00 -2.207052e-01 -6.274797e-01 2.111857e-01 3.044825e-01 1.461349e-02 -2.151282e-01 -6.553172e-01 -4.129659e-01 -4.219983e-01 -2.703284e-02 6.985013e-02 1.795887e-02 4.061933e-02 5.159119e-02 -5.213998e-02 -1.312801e-01 -8.533176e-02 1.333266e-01 1.717276e-01 -8.310514e-02 3.010737e-02 -4.965251e-02 1.031197e-02 2.887379e-02 -1.879863e-02 -4.314298e-02 3.277874e-02 3.400364e-02 4.484916e-02 -2.225792e-02 -4.680882e-03 -3.863110e-02 3.350030e-02 5.631479e-02 -2.479528e-02
<VARIANCE> 52
 4.327635e+00 1.942029e+01 1.677818e+01 2.525869e+01 6.379615e+01 2.244589e+01 4.910824e+01 2.127201e+01 2.710765e+01 2.735584e+01 2.759028e+01 2.159364e+01 8.534234e+00 8.334529e-02 2.297850e-01 4.413565e-01 4.631537e-01 7.793665e-01 5.197871e-01 1.359471e+00 7.096049e-01 1.010681e+00 9.427999e-01 1.195843e+00 9.228985e-01 6.648155e-02 1.009568e-02 3.430692e-02 6.932007e-02 8.247381e-02 1.167079e-01 1.013112e-01 2.114281e-01 1.299735e-01 1.743368e-01 1.443624e-01 2.055324e-01 1.619787e-01 1.067054e-02 2.231389e-03 7.142348e-03 1.528541e-02 2.027651e-02 2.549366e-02 2.663727e-02 3.693695e-02 3.151867e-02 3.775859e-02 2.581380e-02 3.911633e-02 4.221069e-02 1.556798e-03
<GCONST> 4.049762e+01
<MIXTURE> 2 2.755610e-01
<MEAN> 52
 -4.629807e+00 -9.715569e+00 -1.567530e+01 -2.501103e+01 4.988338e+00 -7.109565e+00 -9.828228e+00 -3.022415e+00 -1.749602e+01 -3.697173e+00 -9.040538e+00 -7.690854e+00 7.312237e+01 3.562376e-01 6.249866e-02 1.945330e-01 2.987581e-01 -2.910854e-01 -3.736813e-01 1.156623e+00 -4.673501e-02 -1.820170e+00 1.023196e-01 -3.499675e-01 1.280363e-02 -4.683537e-01 -1.132087e-03 7.609191e-03 1.642725e-01 1.109668e-01 -2.362784e-01 -1.717381e-01 -5.555904e-02 5.975108e-02 4.112161e-01 8.929431e-02 -3.632838e-01 1.210762e-01 -4.623836e-03 -1.183887e-02 -8.231867e-03 -2.609654e-02 -6.461960e-02 6.855736e-02 6.646113e-02 -1.097562e-01 -4.032889e-02 7.995882e-02 -1.094898e-02 9.664490e-03 -4.572530e-02 9.692742e-03
<VARIANCE> 52
 8.740746e+00 9.338299e+00 1.799092e+01 1.913313e+01 3.367907e+01 1.270214e+01 3.009165e+01 3.889997e+01 5.382037e+01 1.792617e+01 2.157146e+01 1.774299e+01 1.592549e+01 1.426298e-01 1.806726e-01 5.710493e-01 4.963589e-01 9.496299e-01 9.289137e-01 7.985036e-01 5.257995e-01 2.616642e+00 1.150586e+00 2.870538e+00 1.031881e+00 5.675845e-02 2.410137e-02 3.576814e-02 4.830335e-02 1.015978e-01 1.001983e-01 2.202774e-01 1.531498e-01 1.131701e-01 2.162061e-01 2.038921e-01 3.178507e-01 1.428381e-01 7.878051e-03 5.569669e-03 8.025303e-03 1.052852e-02 2.065717e-02 2.420998e-02 3.793677e-02 2.536366e-02 2.289280e-02 7.082237e-02 4.786253e-02 9.370825e-02 3.222360e-02 3.303240e-03
<GCONST> 4.653559e+01
<MIXTURE> 3 4.208532e-01
<MEAN> 52
 3.708599e+00 7.106494e-01 -5.487058e+00 -1.444699e+01 -8.712981e+00 7.511013e+00 -7.260188e+00 -4.123772e+00 -7.694883e+00 -4.582815e+00 1.317495e+00 -5.986447e+00 7.158316e+01 1.504869e-01 3.200489e-01 7.942758e-01 1.272660e+00 -8.527728e-01 -6.876858e-01 1.523347e+00 2.254283e-01 -4.892521e-01 -5.563051e-01 -1.809008e+00 -2.926403e-01 -6.350857e-01 -2.357165e-01 -1.318285e-01 4.154297e-01 4.485444e-01 1.311666e-01 -3.777531e-01 -5.033201e-01 -3.380493e-01 5.254475e-01 4.144579e-01 -4.386471e-01 6.851023e-03 5.520659e-02 4.552493e-02 -2.401372e-02 -1.025502e-01 -1.794059e-01 9.914432e-02 2.174377e-01 -2.072625e-01 -8.667944e-02 -3.852264e-02 5.394137e-02 3.138978e-01 8.912630e-02 3.361961e-02
<VARIANCE> 52
 7.805721e+00 2.212906e+01 4.229214e+01 5.194340e+01 3.987711e+01 5.022214e+01 6.296111e+01 6.604451e+01 6.836749e+01 7.746908e+01 5.381159e+01 3.220256e+01 1.153394e+01 2.505346e-01 7.031344e-01 1.158952e+00 1.490611e+00 1.682980e+00 1.901659e+00 2.157914e+00 3.039817e+00 3.235234e+00 3.004859e+00 2.505880e+00 2.477562e+00 2.227356e-01 4.005335e-02 9.181911e-02 1.833913e-01 2.360726e-01 2.935858e-01 3.461996e-01 4.399743e-01 4.097923e-01 3.549584e-01 5.042383e-01 5.187526e-01 4.156436e-01 4.036815e-02 1.086049e-02 2.834593e-02 5.082719e-02 4.340380e-02 7.752724e-02 7.525752e-02 1.092092e-01 1.086454e-01 1.038444e-01 1.124570e-01 1.110388e-01 1.011727e-01 1.460559e-02
<GCONST> 9.112700e+01
<STATE> 9
<NUMMIXES> 3
<MIXTURE> 1 6.230252e-01
<MEAN> 52
 2.540510e+00 1.831283e+00 3.003191e+00 -6.232420e+00 -1.077705e+01 4.347553e+00 -7.428338e+00 -6.542376e+00 -5.053046e+00 -1.874826e+00 -4.910743e+00 -5.489540e+00 6.815616e+01 -2.204462e-01 2.479472e-01 7.129643e-01 1.081121e+00 4.525349e-01 -4.326436e-01 -3.290859e-01 -5.883384e-01 1.382748e-01 3.071771e-01 -4.725552e-01 1.996755e-01 -6.065895e-01 5.337305e-05 9.337609e-02 -1.092624e-01 3.168330e-02 1.479317e-01 3.327027e-02 -4.871192e-02 -1.132688e-02 -8.189131e-02 4.032200e-02 2.060180e-01 -1.856773e-02 -8.195039e-02 1.476979e-02 2.688858e-02 -3.505473e-02 -2.399859e-02 -3.538434e-02 2.294431e-02 1.011064e-01 4.888497e-02 -4.132375e-02 -4.989250e-02 -7.723266e-03 -5.844501e-03 -2.570544e-02
<VARIANCE> 52
 7.114522e+00 1.893370e+01 3.426289e+01 3.907983e+01 4.310819e+01 3.238130e+01 5.320038e+01 5.667533e+01 4.687741e+01 5.561320e+01 2.654606e+01 3.589195e+01 1.771415e+01 2.059435e-01 5.118192e-01 1.412525e+00 1.123675e+00 1.185095e+00 1.212661e+00 2.285286e+00 1.833904e+00 1.643453e+00 1.782887e+00 1.765172e+00 1.534229e+00 2.007733e-01 4.128203e-02 9.899502e-02 2.401004e-01 1.979943e-01 2.720635e-01 2.377028e-01 4.107790e-01 3.262628e-01 2.871249e-01 2.962682e-01 4.151961e-01 2.924400e-01 4.203544e-02 9.537945e-03 2.067135e-02 5.178898e-02 4.130120e-02 5.397601e-02 5.334955e-02 8.763035e-02 7.068408e-02 6.738999e-02 7.148030e-02 8.300602e-02 6.810241e-02 6.839304e-03
<GCONST> 7.885217e+01
<MIXTURE> 2 1.360160e-01
<MEAN> 52
 -4.275592e+00 -1.142641e+01 -4.671916e+00 -2.354791e+01 -2.540611e+00 -1.468047e+01 -9.216311e+00 2.311491e+00 -1.715590e+01 -3.569050e+00 -1.846990e+01 -3.527435e+00 7.239275e+01 7.384680e-02 4.495005e-02 6.847240e-01 4.966114e-01 -4.845413e-01 -5.796966e-01 -1.027409e-01 3.995417e-02 1.147857e-01 -5.354908e-01 -4.739565e-01 -1.999444e-01 -4.400266e-01 -2.153954e-02 4.103421e-02 -1.542642e-01 6.503919e-02 5.228680e-02 1.533094e-01 -7.398126e-02 -1.023193e-01 -3.219878e-02 -1.036079e-01 2.490529e-01 -8.822763e-02 -4.339922e-02 6.632109e-03 2.915451e-02 -3.544153e-02 -8.087062e-03 -1.076431e-02 1.223678e-02 1.630327e-02 -1.207533e-02 -2.538397e-02 1.112945e-02 1.765076e-03 3.196191e-02 -1.825915e-02
<VARIANCE> 52
 2.863652e+00 1.129899e+01 8.064429e+01 2.045195e+01 5.358250e+01 1.646446e+01 2.219370e+01 1.432664e+01 6.334605e+00 1.396696e+01 1.160150e+01 6.729661e+00 2.694638e+00 1.217257e-01 2.098905e-01 4.915384e-01 5.157174e-01 4.021406e-01 9.344669e-01 6.045468e-01 9.825102e-01 6.166555e-01 6.961616e-01 1.342706e+00 6.149180e-01 6.631686e-02 2.465433e-02 4.633205e-02 6.390382e-02 8.682056e-02 8.437119e-02 1.074836e-01 9.554629e-02 1.272672e-01 1.037896e-01 1.101643e-01 1.876522e-01 1.018365e-01 1.491928e-02 4.956515e-03 8.928239e-03 1.206063e-02 2.140952e-02 1.633559e-02 3.301475e-02 1.556758e-02 3.362731e-02 2.871201e-02 2.379008e-02 4.528659e-02 2.244810e-02 2.112387e-03
<GCONST> 3.111777e+01
<MIXTURE> 3 2.409588e-01
<MEAN> 52
 -1.618281e-01 -5.789057e+00 -8.840621e+00 -1.451117e+01 -6.920329e+00 -7.227752e+00 -1.495615e+01 -5.560830e+00 -2.066087e+01 -1.468116e+01 -1.273471e+01 -6.617755e+00 6.430907e+01 -1.188597e-01 3.137728e-01 8.518690e-01 7.001764e-01 -2.458230e-01 -5.565578e-01 -7.422429e-01 -9.983777e-02 2.889119e-02 -3.640315e-01 -3.997972e-01 1.742083e-01 -5.655213e-01 -7.649955e-03 6.052430e-02 -4.040859e-02 -6.072073e-02 4.506766e-02 2.916220e-02 -8.123276e-02 -1.002376e-01 1.774601e-01 1.265226e-01 1.279992e-01 -2.374730e-02 -4.676471e-02 1.947400e-02 2.931272e-02 -1.846754e-02 7.884834e-03 -2.246722e-02 1.660671e-02 9.143010e-02 -3.350045e-02 -1.928610e-02 5.231026e-03 3.623711e-02 -8.377045e-03 -2.052127e-02
<VARIANCE> 52
 4.213690e+00 2.170186e+01 3.761128e+01 2.435766e+01 4.580928e+01 2.918713e+01 7.974728e+01 3.394845e+01 6.699299e+01 1.397691e+02 3.040861e+01 6.451231e+01 5.520839e+01 2.085204e-01 4.077117e-01 1.243188e+00 1.199097e+00 1.609442e+00 1.624323e+00 2.125901e+00 1.207706e+00 2.288657e+00 1.691668e+00 1.112677e+00 1.605886e+00 1.273473e-01 3.064162e-02 6.118601e-02 1.796587e-01 1.612823e-01 2.416546e-01 2.976636e-01 4.230226e-01 2.658041e-01 3.547828e-01 3.396757e-01 2.168944e-01 3.661681e-01 1.903114e-02 6.924342e-03 1.139097e-02 3.525772e-02 4.127594e-02 5.955462e-02 6.979690e-02 8.131527e-02 5.263346e-02 5.790744e-02 8.013278e-02 4.740473e-02 8.277006e-02 4.014346e-03
<GCONST> 7.585897e+01
<STATE> 10
<NUMMIXES> 3
<MIXTURE> 1 4.374069e-01
<MEAN> 52
 2.245344e+00 3.434278e+00 5.030210e+00 -4.834862e-01 -8.259711e+00 8.573120e-01 -9.722462e+00 -9.803203e+00 -7.511144e+00 2.143490e+00 -5.678837e+00 -5.400134e+00 6.595898e+01 -1.387656e-01 1.264208e+00 6.637509e-01 1.610047e+00 5.054955e-01 -6.507092e-01 4.524269e-01 -5.324253e-01 -6.243690e-02 6.991296e-02 -4.131782e-01 1.848641e-01 -1.586936e+00 -2.155239e-01 -1.271441e-01 -1.573978e-01 -3.285110e-01 1.814332e-01 3.899432e-02 1.744079e-01 4.187972e-01 1.395023e-01 -3.794005e-01 2.841104e-01 9.820360e-02 4.122026e-02 -8.919498e-02 -2.135858e-01 -4.362268e-02 -1.758384e-01 -6.645412e-02 6.760508e-03 -3.665605e-02 1.059357e-01 4.036187e-02 -3.782427e-02 9.336344e-02 1.121857e-02 2.057169e-01
<VARIANCE> 52
 5.394975e+00 2.766814e+01 2.905912e+01 4.910063e+01 4.244231e+01 3.291282e+01 6.825458e+01 6.472610e+01 5.286428e+01 5.988570e+01 3.986486e+01 3.958423e+01 1.759852e+01 4.059831e-01 7.632533e-01 2.245668e+00 2.275958e+00 3.203401e+00 2.183205e+00 2.799072e+00 3.559597e+00 2.902704e+00 3.112342e+00 3.295814e+00 2.145224e+00 3.717250e-01 1.137110e-01 2.453176e-01 3.245171e-01 3.998112e-01 5.282780e-01 4.363216e-01 4.917834e-01 6.137960e-01 5.095769e-01 5.245886e-01 5.221441e-01 4.484810e-01 1.762470e-01 2.162533e-02 2.544156e-02 8.866539e-02 7.984477e-02 1.427460e-01 1.077315e-01 9.805857e-02 1.352402e-01 1.093749e-01 1.243669e-01 1.216815e-01 9.507273e-02 2.567274e-02
<GCONST> 1.034705e+02
<MIXTURE> 2 2.564835e-01
<MEAN> 52
 -3.416054e+00 -5.281287e+00 -9.523305e+00 -1.704503e+01 -4.189325e+00 -1.253022e+01 -1.024659e+01 -4.430821e+00 -1.682550e+01 -9.513287e+00 -1.490792e+01 -6.505415e+00 6.528773e+01 8.715378e-02 8.098261e-01 1.438021e-01 1.245507e+00 -6.880196e-01 4.003736e-02 -4.577453e-01 -1.023200e+00 5.210928e-01 -4.802455e-01 9.719930e-01 3.958648e-02 -1.124898e+00 -4.106203e-02 2.655705e-03 1.082955e-01 1.886701e-01 5.057750e-02 5.522348e-02 2.667962e-02 -7.585236e-02 4.351993e-02 6.365609e-02 1.598039e-01 1.724906e-01 -3.446679e-02 -2.889820e-02 -6.184636e-02 2.452926e-02 -5.718404e-02 7.259662e-02 2.697978e-02 3.508868e-02 8.735077e-02 1.467633e-02 4.685587e-02 -9.259599e-02 1.316672e-02 4.394411e-02
<VARIANCE> 52
 1.127894e+01 1.755455e+01 7.096876e+01 4.493224e+01 3.470864e+01 3.418811e+01 2.986211e+01 3.512292e+01 4.604685e+01 5.817949e+01 2.696124e+01 2.708538e+01 2.792062e+01 4.030605e-01 7.103058e-01 1.385534e+00 1.424343e+00 1.655506e+00 1.900167e+00 1.376596e+00 2.182472e+00 1.668380e+00 1.809296e+00 1.578144e+00 1.371092e+00 3.171210e-01 7.078301e-02 1.282956e-01 2.439040e-01 2.851052e-01 3.702697e-01 3.418118e-01 2.756771e-01 3.736891e-01 3.020689e-01 3.013565e-01 3.365588e-01 2.884844e-01 4.408460e-02 1.395776e-02 2.256852e-02 4.948185e-02 7.139006e-02 6.773648e-02 7.634292e-02 5.389041e-02 8.366679e-02 7.049125e-02 6.173724e-02 5.828940e-02 6.787345e-02 5.948115e-03
<GCONST> 8.315198e+01
<MIXTURE> 3 3.061095e-01
<MEAN> 52
 -2.007762e+00 6.872433e-01 -3.642957e+00 -8.257277e+00 -7.333783e+00 -1.127760e+01 -1.537256e+01 -1.294435e+01 -1.509393e+01 -1.221957e+01 -1.034403e+01 -2.074337e+00 5.775769e+01 -4.423391e-01 6.241722e-02 1.135570e-01 8.750903e-01 2.608963e-01 8.666931e-01 6.123177e-01 -1.138032e-01 1.070935e+00 7.028835e-01 6.409541e-01 3.665442e-01 -9.191457e-01 -1.231508e-01 -2.528073e-01 -1.217899e-01 -2.135421e-01 9.836078e-02 2.156141e-01 3.019679e-01 4.398350e-01 2.069515e-01 2.541975e-01 -4.000747e-02 -5.782059e-02 1.438452e-01 1.005961e-02 -3.182164e-05 1.857576e-02 -5.420133e-02 -8.059366e-02 -9.999582e-02 -6.213784e-02 2.719479e-03 -2.851698e-02 -1.849096e-02 -1.976271e-02 -2.553191e-02 5.461700e-02
<VARIANCE> 52
 1.614604e+01 2.247858e+01 2.823948e+01 2.578634e+01 2.864963e+01 4.817830e+01 4.703283e+01 4.074509e+01 6.966702e+01 5.147285e+01 3.235223e+01 4.284425e+01 3.103805e+01 8.657141e-01 1.671275e+00 1.824365e+00 1.690549e+00 2.985540e+00 3.080542e+00 3.627700e+00 4.830800e+00 4.541604e+00 2.704250e+00 2.704403e+00 2.458986e+00 5.268216e-01 1.488353e-01 1.780680e-01 2.574688e-01 2.846382e-01 3.827979e-01 4.533441e-01 4.645517e-01 5.207999e-01 6.900778e-01 4.113921e-01 4.571703e-01 3.829303e-01 9.380785e-02 3.408023e-02 5.496598e-02 6.447016e-02 7.704805e-02 1.239106e-01 1.151157e-01 1.298601e-01 1.768997e-01 1.674914e-01 9.752085e-02 1.162185e-01 1.017315e-01 1.921009e-02
<GCONST> 1.051413e+02
<STATE> 11
<NUMMIXES> 3
<MIXTURE> 1 3.030188e-01
<MEAN> 52
 -3.297302e+00 4.576980e+00 4.088611e+00 8.099112e-01 -5.673571e+00 -3.975651e+00 -6.288981e+00 -7.902234e+00 -6.486174e+00 -2.183543e+00 -4.505436e+00 -3.516482e+00 6.211849e+01 -1.778294e+00 -9.662629e-01 6.781461e-01 -1.039204e+00 -7.760115e-01 -6.681601e-01 2.921908e-01 1.181104e+00 4.087728e-01 -7.941417e-01 1.529966e+00 5.954793e-01 1.522351e+00 1.350937e-01 -2.499387e-01 4.883565e-01 -3.982481e-01 -9.725776e-01 1.813146e-01 -5.364257e-01 -1.589750e-01 -2.598138e-01 1.724748e-01 1.423516e-01 -4.967852e-02 7.292162e-01 2.565916e-01 1.808112e-01 2.133261e-02 1.644830e-01 3.862860e-02 1.108756e-01 -7.294728e-02 -1.472402e-01 -1.091661e-01 1.161769e-01 -2.221446e-01 -1.104238e-01 -2.463158e-01
<VARIANCE> 52
 3.107226e+01 3.265082e+01 4.096074e+01 3.764859e+01 4.142644e+01 4.763146e+01 5.664712e+01 3.731067e+01 3.967916e+01 4.590602e+01 3.474185e+01 2.480231e+01 5.063668e+01 2.245886e+00 2.330015e+00 4.466142e+00 4.217589e+00 7.694978e+00 4.822027e+00 6.010430e+00 4.404964e+00 4.632095e+00 5.485420e+00 3.121333e+00 2.761770e+00 3.565426e+00 6.585045e-01 5.741239e-01 6.206293e-01 7.929271e-01 1.016965e+00 8.415271e-01 1.006419e+00 9.064999e-01 8.024166e-01 8.313919e-01 7.529000e-01 6.402166e-01 5.038587e-01 8.992252e-02 1.052104e-01 1.961647e-01 1.765415e-01 3.895530e-01 1.732212e-01 2.394258e-01 1.859329e-01 1.981048e-01 2.131087e-01 1.504993e-01 1.187251e-01 1.393426e-01
<GCONST> 1.346674e+02
<MIXTURE> 2 3.036619e-01
<MEAN> 52
 -4.580034e-01 5.276949e+00 4.045598e+00 7.993218e-01 1.892967e-01 3.457331e+00 -3.381622e+00 -5.635678e+00 -5.067641e+00 -2.598372e+00 -5.765031e+00 -4.269442e+00 5.874660e+01 -7.666025e-01 -3.945179e-01 -4.911699e-01 2.093369e-01 6.632602e-01 1.080448e-01 6.183758e-01 4.012578e-01 4.948393e-01 9.643471e-02 2.801921e-01 3.155150e-01 -9.027512e-01 -4.624812e-02 -3.432102e-01 -2.743165e-01 -4.489620e-01 -3.881429e-01 -2.107418e-01 -2.289885e-01 -2.099800e-02 2.368484e-03 1.495740e-01 7.100737e-02 3.035691e-02 1.583924e-01 4.258557e-02 4.974423e-02 4.113296e-02 2.198116e-02 -7.070023e-02 -1.044674e-01 -1.009192e-01 -8.890533e-02 -4.777550e-02 -2.072723e-03 -3.265708e-02 -2.682139e-02 3.767693e-02
<VARIANCE> 52
 9.820213e+00 1.483855e+01 1.691351e+01 2.480448e+01 2.422422e+01 2.923834e+01 4.359994e+01 3.658170e+01 2.399212e+01 2.678718e+01 2.719964e+01 2.120159e+01 1.117935e+01 4.978209e-01 1.019833e+00 8.439487e-01 1.609840e+00 2.037454e+00 2.069025e+00 2.363971e+00 2.477054e+00 2.157238e+00 2.079628e+00 1.540875e+00 1.777163e+00 3.701264e-01 6.901883e-02 1.568059e-01 1.533249e-01 2.489746e-01 3.126215e-01 4.645779e-01 4.185166e-01 4.469026e-01 3.617026e-01 3.636957e-01 3.218823e-01 3.302948e-01 3.425460e-02 1.463003e-02 3.265927e-02 3.627089e-02 6.042358e-02 7.911936e-02 9.553639e-02 9.369161e-02 9.743170e-02 8.046006e-02 9.222894e-02 6.969628e-02 7.986083e-02 7.510772e-03
<GCONST> 8.273611e+01
<MIXTURE> 3 3.933193e-01
<MEAN> 52
 -6.407844e+00 -2.056202e+00 -3.492398e+00 -6.527376e+00 -3.057337e+00 -5.301200e-01 -5.220705e+00 -3.525760e+00 -4.049741e+00 -2.288742e+00 -2.944532e+00 -2.603138e+00 5.449511e+01 -5.278838e-01 -5.788299e-01 -6.545548e-01 -4.699020e-01 -4.428841e-01 -4.772094e-01 -9.937396e-02 1.259469e-02 5.240671e-01 4.443218e-01 3.359305e-01 2.776618e-01 -4.338404e-01 1.794121e-01 1.584805e-01 1.851371e-01 1.389804e-01 6.092885e-02 -1.941056e-02 -1.663393e-01 -1.833137e-01 -1.666524e-01 -1.069244e-01 -1.811808e-01 -8.077548e-02 1.491254e-01 6.992513e-03 3.088091e-02 4.856217e-02 9.867944e-02 7.803298e-02 7.215665e-02 4.553609e-02 8.184688e-03 1.557766e-02 -3.620213e-02 -2.181912e-02 -3.332038e-03 -1.720920e-02
<VARIANCE> 52
 1.497443e+01 1.880118e+01 1.809993e+01 2.887561e+01 1.757878e+01 2.399804e+01 4.147849e+01 2.384792e+01 2.784736e+01 2.476904e+01 1.954581e+01 1.797498e+01 1.634705e+01 4.946906e-01 8.783684e-01 1.156458e+00 1.543743e+00 1.679727e+00 2.149709e+00 2.620813e+00 2.316468e+00 2.420819e+00 2.241338e+00 1.722310e+00 1.757408e+00 2.119232e-01 6.966331e-02 1.400138e-01 1.650145e-01 2.253671e-01 3.232448e-01 4.106864e-01 5.247246e-01 4.127618e-01 4.015782e-01 4.073072e-01 2.726820e-01 3.330784e-01 2.911672e-02 1.785415e-02 3.580122e-02 4.140539e-02 5.199718e-02 7.602035e-02 8.793468e-02 1.149531e-01 8.853407e-02 9.758931e-02 8.996788e-02 7.067183e-02 8.087669e-02 6.128851e-03
<GCONST> 8.238014e+01
<TRANSP> 12
 0.000000e+00 1.000000e+00 0.000000e+00 0.000000e+00 0.000000e+00 0.000000e+00 0.000000e+00 0.000000e+00 0.000000e+00 0.000000e+00 0.000000e+00 0.000000e+00
 0.000000e+00 7.874929e-01 2.125071e-01 0.000000e+00 0.000000e+00 0.000000e+00 0.000000e+00 0.000000e+00 0.000000e+00 0.000000e+00 0.000000e+00 0.000000e+00
 0.000000e+00 0.000000e+00 8.393402e-01 1.606599e-01 0.000000e+00 0.000000e+00 0.000000e+00 0.000000e+00 0.000000e+00 0.000000e+00 0.000000e+00 0.000000e+00
 0.000000e+00 0.000000e+00 0.000000e+00 8.382918e-01 1.617081e-01 0.000000e+00 0.000000e+00 0.000000e+00 0.000000e+00 0.000000e+00 0.000000e+00 0.000000e+00
 0.000000e+00 0.000000e+00 0.000000e+00 0.000000e+00 7.511687e-01 2.488312e-01 0.000000e+00 0.000000e+00 0.000000e+00 0.000000e+00 0.000000e+00 0.000000e+00
 0.000000e+00 0.000000e+00 0.000000e+00 0.000000e+00 0.000000e+00 7.446574e-01 2.553426e-01 0.000000e+00 0.000000e+00 0.000000e+00 0.000000e+00 0.000000e+00
 0.000000e+00 0.000000e+00 0.000000e+00 0.000000e+00 0.000000e+00 0.000000e+00 7.194630e-01 2.805370e-01 0.000000e+00 0.000000e+00 0.000000e+00 0.000000e+00
 0.000000e+00 0.000000e+00 0.000000e+00 0.000000e+00 0.000000e+00 0.000000e+00 0.000000e+00 7.965257e-01 2.034743e-01 0.000000e+00 0.000000e+00 0.000000e+00
 0.000000e+00 0.000000e+00 0.000000e+00 0.000000e+00 0.000000e+00 0.000000e+00 0.000000e+00 0.000000e+00 8.405415e-01 1.594585e-01 0.000000e+00 0.000000e+00
 0.000000e+00 0.000000e+00 0.000000e+00 0.000000e+00 0.000000e+00 0.000000e+00 0.000000e+00 0.000000e+00 0.000000e+00 7.981789e-01 2.018212e-01 0.000000e+00
 0.000000e+00 0.000000e+00 0.000000e+00 0.000000e+00 0.000000e+00 0.000000e+00 0.000000e+00 0.000000e+00 0.000000e+00 0.000000e+00 8.144488e-01 1.855512e-01
 0.000000e+00 0.000000e+00 0.000000e+00 0.000000e+00 0.000000e+00 0.000000e+00 0.000000e+00 0.000000e+00 0.000000e+00 0.000000e+00 0.000000e+00 0.000000e+00
<ENDHMM>
