~o
<STREAMINFO> 1 13
<VECSIZE> 13<NULLD><MFCC_0><DIAGC>
~h "\347\221\236"
<BEGINHMM>
<NUMSTATES> 6
<STATE> 2
<MEAN> 13
 -1.409944e+00 -1.970868e+00 3.803402e+00 -5.142874e+00 -5.732692e+00 -1.243704e+01 3.051124e+00 -5.334863e+00 -3.801869e+00 -3.561127e+00 -6.489837e+00 -2.015636e+00 5.864612e+01
<VARIANCE> 13
 1.231601e+01 6.891445e+00 6.670355e+00 1.155870e+01 3.293073e+01 2.322997e+01 1.936308e+01 3.271313e+01 2.207910e+01 1.996950e+01 1.586569e+01 1.245669e+01 5.502909e+00
<GCONST> 5.885022e+01
<STATE> 3
<MEAN> 13
 2.046767e+00 -5.913812e+00 3.983617e+00 -1.434458e+01 -2.033381e+01 -1.537799e+01 4.585045e+00 -6.371549e+00 -2.445479e+00 -3.919664e+00 2.277703e+00 -6.784177e+00 6.608821e+01
<VARIANCE> 13
 2.077335e+00 4.704503e+00 2.420125e+00 2.459083e+01 9.155507e+00 2.846627e+01 7.645353e+00 7.008507e+00 8.824195e+00 2.066685e+01 3.290385e+01 9.650459e+00 7.678213e+00
<GCONST> 5.280751e+01
<STATE> 4
<MEAN> 13
 -2.746612e+00 -2.470595e+00 -1.279738e+00 -2.278836e+01 -1.101681e+01 -6.023792e+00 4.659924e+00 9.390953e-01 2.331929e+00 -6.529770e+00 -1.126541e+01 -2.173446e+00 6.734760e+01
<VARIANCE> 13
 4.905141e+00 9.851856e+00 6.684330e+00 6.031093e+00 1.682648e+01 8.923712e+00 7.656675e+00 1.713791e+01 1.027817e+01 1.277852e+01 1.469572e+01 1.874522e+01 1.413822e+01
<GCONST> 5.450074e+01
<STATE> 5
<MEAN> 13
 -4.323520e+00 8.379864e-01 5.389948e-01 -1.097545e+01 -4.796223e+00 -7.407657e+00 3.139540e+00 -1.661646e+00 1.144092e+00 -6.606297e-01 -5.472310e+00 -3.108914e+00 5.870521e+01
<VARIANCE> 13
 3.128467e+00 8.454340e+00 1.292124e+01 1.829000e+01 3.246278e+01 1.938211e+01 4.344644e+01 2.670985e+01 2.123312e+01 2.973308e+01 2.791492e+01 5.457973e+01 4.568200e+00
<GCONST> 6.142963e+01
<TRANSP> 6
 0.000000e+00 1.000000e+00 0.000000e+00 0.000000e+00 0.000000e+00 0.000000e+00
 0.000000e+00 7.906699e-01 2.093301e-01 0.000000e+00 0.000000e+00 0.000000e+00
 0.000000e+00 0.000000e+00 8.323947e-01 1.676053e-01 0.000000e+00 0.000000e+00
 0.000000e+00 0.000000e+00 0.000000e+00 8.572505e-01 1.427495e-01 0.000000e+00
 0.000000e+00 0.000000e+00 0.000000e+00 0.000000e+00 8.333661e-01 1.666339e-01
 0.000000e+00 0.000000e+00 0.000000e+00 0.000000e+00 0.000000e+00 0.000000e+00
<ENDHMM>
