~o
<STREAMINFO> 1 13
<VECSIZE> 13<NULLD><MFCC_0><DIAGC>
~h "lx"
<BEGINHMM>
<NUMSTATES> 12
<STATE> 2
<MEAN> 13
 -3.364933e+00 3.787444e+00 9.759569e+00 1.031940e+00 -4.579586e+00 -6.804771e+00 -8.753597e+00 -4.788726e+00 -6.900296e+00 -2.874254e+00 -3.107021e+00 -1.541767e+00 6.344598e+01
<VARIANCE> 13
 1.500474e+01 2.363140e+01 5.057716e+01 4.557070e+01 5.094469e+01 7.596268e+01 7.364565e+01 4.713382e+01 5.014478e+01 4.056891e+01 3.972055e+01 2.561124e+01 5.423540e+01
<GCONST> 7.245549e+01
<STATE> 3
<MEAN> 13
 -3.952504e+00 2.335818e+00 1.682507e+01 -5.824512e+00 -1.529519e+01 -7.505351e-01 -1.211708e+01 -2.140506e+00 -1.218374e+01 -1.813811e-01 4.097532e+00 -3.242738e+00 7.251778e+01
<VARIANCE> 13
 1.062610e+01 2.595129e+01 3.658062e+01 7.473214e+01 3.910579e+01 4.720143e+01 4.061919e+01 4.729451e+01 4.169795e+01 4.827675e+01 2.766963e+01 3.858582e+01 1.343250e+01
<GCONST> 6.968500e+01
<STATE> 4
<MEAN> 13
 -4.359889e+00 7.414449e+00 8.185202e+00 -8.630750e+00 -1.338416e+01 -3.907743e+00 -1.215351e+01 -1.115007e+01 -9.864313e+00 -8.514620e-01 -5.660845e+00 -4.285640e+00 6.889302e+01
<VARIANCE> 13
 1.859670e+01 2.931672e+01 2.591150e+01 1.163773e+02 4.088323e+01 4.604418e+01 1.092559e+02 6.056906e+01 3.709004e+01 5.554845e+01 1.041065e+02 3.701532e+01 2.812658e+01
<GCONST> 7.376694e+01
<STATE> 5
<MEAN> 13
 -1.595161e+01 1.497666e+01 6.320177e+00 1.105534e+00 -1.997879e+00 -5.183420e+00 -8.185741e-01 -7.916642e+00 -5.490549e+00 -4.031901e+00 -1.855822e+00 -9.643739e-01 6.981953e+01
<VARIANCE> 13
 4.263293e+01 1.561507e+01 3.029305e+01 3.240833e+01 3.321199e+01 5.504000e+01 4.169817e+01 3.884895e+01 2.507703e+01 3.536040e+01 2.931118e+01 2.838534e+01 1.663700e+01
<GCONST> 6.850673e+01
<STATE> 6
<MEAN> 13
 -2.883267e+01 8.384152e+00 -4.745578e-01 -6.011568e+00 -2.825791e+00 -5.077213e+00 -1.486610e+00 -5.277517e+00 -3.647928e+00 -5.868151e-01 -1.321185e+00 -7.800006e-01 6.931111e+01
<VARIANCE> 13
 1.066010e+01 2.019696e+01 3.046529e+01 2.688539e+01 1.920198e+01 2.935994e+01 4.270710e+01 3.468443e+01 2.694788e+01 2.093353e+01 2.433760e+01 1.747154e+01 1.880530e+01
<GCONST> 6.492990e+01
<STATE> 7
<MEAN> 13
 -1.858759e+01 1.069257e+01 9.707540e+00 -2.946307e+00 -4.015789e+00 -6.646101e+00 -4.921705e+00 -7.466578e+00 -6.962685e+00 -3.928480e+00 -2.949995e+00 -1.194757e+00 7.015295e+01
<VARIANCE> 13
 2.437746e+01 1.973115e+01 2.100649e+01 2.087095e+01 2.779954e+01 3.025330e+01 3.406015e+01 4.035061e+01 2.243646e+01 2.009442e+01 1.892570e+01 1.656021e+01 2.688658e+01
<GCONST> 6.526208e+01
<STATE> 8
<MEAN> 13
 -1.119873e+01 6.840856e+00 1.301380e+01 -3.716497e+00 -1.289324e+01 -9.055936e+00 -1.126599e+01 -1.238766e+01 -1.035594e+01 -4.877720e+00 -6.420802e-01 -8.660616e-01 7.324595e+01
<VARIANCE> 13
 1.218918e+01 1.664530e+01 3.417487e+01 4.108458e+01 2.488483e+01 4.621848e+01 4.448376e+01 5.372735e+01 2.540489e+01 3.836725e+01 2.111687e+01 5.414595e+01 1.569637e+01
<GCONST> 6.795622e+01
<STATE> 9
<MEAN> 13
 -7.237000e+00 1.024605e+00 1.961527e+01 -5.353953e+00 -1.684484e+01 -4.489162e+00 -1.670038e+01 -6.661956e+00 -1.332329e+01 -5.634858e+00 3.248417e+00 -2.243864e+00 7.358328e+01
<VARIANCE> 13
 1.052695e+01 2.208565e+01 2.346012e+01 5.574109e+01 2.509649e+01 4.567599e+01 3.045059e+01 4.780106e+01 4.794146e+01 5.113960e+01 2.505070e+01 1.991943e+01 1.112705e+01
<GCONST> 6.727126e+01
<STATE> 10
<MEAN> 13
 -8.561473e+00 2.081052e+00 1.141064e+01 -1.288034e+01 -1.457131e+01 -7.360961e+00 -1.719590e+01 -1.027955e+01 -1.262334e+01 -3.846651e+00 -7.376258e+00 -3.659157e+00 6.523811e+01
<VARIANCE> 13
 1.978731e+01 2.785372e+01 2.597677e+01 1.047170e+02 3.004335e+01 3.853427e+01 5.578393e+01 4.385611e+01 2.694703e+01 2.581883e+01 9.637780e+01 3.829501e+01 3.765438e+01
<GCONST> 7.135648e+01
<STATE> 11
<MEAN> 13
 -5.914124e+00 2.313424e+00 7.516963e+00 -1.259645e+00 -6.315865e+00 -2.325011e+00 -6.709157e+00 -5.764812e+00 -5.587792e+00 -2.245368e+00 -1.974799e+00 -2.925572e+00 6.001214e+01
<VARIANCE> 13
 1.791783e+01 3.136580e+01 5.000740e+01 4.462427e+01 4.897164e+01 3.997113e+01 4.509019e+01 3.656309e+01 3.255483e+01 3.256668e+01 2.735715e+01 2.093096e+01 4.731170e+01
<GCONST> 7.009466e+01
<TRANSP> 12
 0.000000e+00 1.000000e+00 0.000000e+00 0.000000e+00 0.000000e+00 0.000000e+00 0.000000e+00 0.000000e+00 0.000000e+00 0.000000e+00 0.000000e+00 0.000000e+00
 0.000000e+00 7.202747e-01 2.797253e-01 0.000000e+00 0.000000e+00 0.000000e+00 0.000000e+00 0.000000e+00 0.000000e+00 0.000000e+00 0.000000e+00 0.000000e+00
 0.000000e+00 0.000000e+00 8.776279e-01 1.223721e-01 0.000000e+00 0.000000e+00 0.000000e+00 0.000000e+00 0.000000e+00 0.000000e+00 0.000000e+00 0.000000e+00
 0.000000e+00 0.000000e+00 0.000000e+00 8.262185e-01 1.737815e-01 0.000000e+00 0.000000e+00 0.000000e+00 0.000000e+00 0.000000e+00 0.000000e+00 0.000000e+00
 0.000000e+00 0.000000e+00 0.000000e+00 0.000000e+00 7.169503e-01 2.830497e-01 0.000000e+00 0.000000e+00 0.000000e+00 0.000000e+00 0.000000e+00 0.000000e+00
 0.000000e+00 0.000000e+00 0.000000e+00 0.000000e+00 0.000000e+00 8.641701e-01 1.358298e-01 0.000000e+00 0.000000e+00 0.000000e+00 0.000000e+00 0.000000e+00
 0.000000e+00 0.000000e+00 0.000000e+00 0.000000e+00 0.000000e+00 0.000000e+00 3.064668e-01 6.935332e-01 0.000000e+00 0.000000e+00 0.000000e+00 0.000000e+00
 0.000000e+00 0.000000e+00 0.000000e+00 0.000000e+00 0.000000e+00 0.000000e+00 0.000000e+00 5.716967e-01 4.283033e-01 0.000000e+00 0.000000e+00 0.000000e+00
 0.000000e+00 0.000000e+00 0.000000e+00 0.000000e+00 0.000000e+00 0.000000e+00 0.000000e+00 0.000000e+00 8.887618e-01 1.112382e-01 0.000000e+00 0.000000e+00
 0.000000e+00 0.000000e+00 0.000000e+00 0.000000e+00 0.000000e+00 0.000000e+00 0.000000e+00 0.000000e+00 0.000000e+00 7.858361e-01 2.141639e-01 0.000000e+00
 0.000000e+00 0.000000e+00 0.000000e+00 0.000000e+00 0.000000e+00 0.000000e+00 0.000000e+00 0.000000e+00 0.000000e+00 0.000000e+00 8.049221e-01 1.950779e-01
 0.000000e+00 0.000000e+00 0.000000e+00 0.000000e+00 0.000000e+00 0.000000e+00 0.000000e+00 0.000000e+00 0.000000e+00 0.000000e+00 0.000000e+00 0.000000e+00
<ENDHMM>
