~o
<STREAMINFO> 1 13
<VECSIZE> 13<NULLD><MFCC_0><DIAGC>
~h "sil"
<BEGINHMM>
<NUMSTATES> 12
<STATE> 2
<MEAN> 13
 -7.597758e+00 -2.326237e+00 -4.153146e+00 -3.172000e+00 1.353860e+00 -8.119421e-01 -1.363248e+00 -4.831050e-01 -9.489028e-01 1.999254e+00 -2.437142e+00 -4.798217e+00 5.804930e+01
<VARIANCE> 13
 3.227285e+01 1.951849e+01 1.662196e+01 2.343587e+01 3.811813e+01 3.053070e+01 2.984089e+01 2.826149e+01 2.755569e+01 2.903291e+01 2.090088e+01 2.684970e+01 2.187925e+01
<GCONST> 6.620001e+01
<STATE> 3
<MEAN> 13
 -7.105845e+00 -4.132944e+00 -6.331836e+00 -6.525248e+00 -3.643372e+00 -1.612791e+00 -3.502054e+00 -2.428390e+00 -5.664442e-01 -2.971891e-01 -2.082826e+00 -2.877894e+00 5.443659e+01
<VARIANCE> 13
 7.988081e+00 1.016704e+01 2.066465e+01 2.132488e+01 2.089802e+01 2.349496e+01 2.004082e+01 2.311521e+01 2.467877e+01 2.394677e+01 2.061342e+01 2.151813e+01 1.232729e+01
<GCONST> 6.170094e+01
<STATE> 4
<MEAN> 13
 -8.848536e+00 -3.006738e+00 -2.615927e+00 -1.897385e+00 -9.440381e-01 -1.621069e+00 -2.256600e+00 -1.206256e+00 -1.048645e+00 -1.492973e+00 -2.240366e+00 -7.941000e-01 5.257814e+01
<VARIANCE> 13
 5.249720e+00 7.845179e+00 9.380116e+00 1.133253e+01 1.672175e+01 2.085421e+01 1.817553e+01 1.872052e+01 1.685897e+01 1.624624e+01 1.673902e+01 1.487724e+01 8.817390e+00
<GCONST> 5.726775e+01
<STATE> 5
<MEAN> 13
 -1.228409e+01 -7.211136e+00 -3.722323e+00 -2.284480e+00 1.070928e-01 -3.184610e+00 -2.285048e+00 -2.543657e-01 -1.921408e+00 -2.148501e+00 -7.452902e-01 6.357685e-02 5.887160e+01
<VARIANCE> 13
 1.454858e+01 2.101300e+01 1.963847e+01 1.723710e+01 4.052486e+01 4.272026e+01 3.257333e+01 3.510600e+01 3.201103e+01 2.666330e+01 2.785017e+01 2.250682e+01 2.502344e+01
<GCONST> 6.634789e+01
<STATE> 6
<MEAN> 13
 -8.416801e+00 -3.203178e+00 -3.641603e+00 -5.069227e+00 -3.184099e+00 -2.430166e+00 -4.479378e+00 -2.713741e+00 -1.847471e+00 -1.770870e+00 -2.773426e+00 -1.002854e+00 5.414796e+01
<VARIANCE> 13
 4.162622e+00 7.349713e+00 8.277330e+00 1.186506e+01 1.388556e+01 1.647791e+01 1.664600e+01 1.949151e+01 2.052473e+01 1.943044e+01 1.719349e+01 1.574778e+01 4.310956e+00
<GCONST> 5.616621e+01
<STATE> 7
<MEAN> 13
 -1.216747e+01 -2.502483e+00 -3.939335e+00 -5.020254e+00 -2.749415e+00 -2.814777e+00 -4.859746e+00 -2.234047e+00 -2.347357e+00 -2.224183e+00 -2.074590e+00 -1.890714e+00 5.551548e+01
<VARIANCE> 13
 1.103689e+01 8.490807e+00 9.666802e+00 1.516179e+01 1.280952e+01 1.958779e+01 1.723161e+01 2.540161e+01 1.941983e+01 2.181737e+01 1.926394e+01 1.520332e+01 1.010810e+01
<GCONST> 5.906884e+01
<STATE> 8
<MEAN> 13
 -7.311060e+00 -2.307048e+00 -1.850218e+00 -5.920052e+00 -5.540367e+00 -2.497220e+00 -5.555211e+00 -3.373251e+00 -1.135265e+00 -2.213204e+00 -1.606255e+00 -2.155181e+00 5.767775e+01
<VARIANCE> 13
 1.569036e+01 2.604343e+01 5.596107e+01 5.260429e+01 2.724509e+01 2.967539e+01 2.829566e+01 4.100019e+01 2.638047e+01 3.152011e+01 3.870611e+01 2.370403e+01 3.099413e+01
<GCONST> 6.862284e+01
<STATE> 9
<MEAN> 13
 -1.057264e+01 -1.746814e+00 -3.785238e+00 -1.654290e+00 -5.624700e-01 1.860311e-01 -2.335470e+00 -4.054441e-01 -1.291671e+00 -1.364025e+00 -1.624753e+00 2.560555e-01 4.579689e+01
<VARIANCE> 13
 1.142538e+01 9.453036e+00 1.668500e+01 1.869473e+01 1.798802e+01 2.073535e+01 1.802449e+01 2.474942e+01 2.135979e+01 1.832924e+01 1.851229e+01 1.609059e+01 5.331519e+01
<GCONST> 6.198231e+01
<STATE> 10
<MEAN> 13
 -8.521099e+00 -2.758296e+00 -3.117086e+00 -3.429024e+00 -3.091153e+00 -1.470853e+00 -3.009626e+00 -1.455518e+00 -8.778280e-01 -1.040629e+00 -1.553447e+00 -5.512414e-01 4.984047e+01
<VARIANCE> 13
 7.267676e+00 4.960907e+00 7.578410e+00 1.066374e+01 1.229237e+01 1.520838e+01 1.589708e+01 1.771879e+01 1.689373e+01 1.718180e+01 1.739558e+01 1.574985e+01 6.961474e+00
<GCONST> 5.596540e+01
<STATE> 11
<MEAN> 13
 -9.223071e+00 -1.968771e+00 -2.648469e+00 -2.621179e+00 -6.849929e-01 -1.467137e+00 -3.571481e+00 -2.640752e+00 -2.636057e+00 -2.003618e+00 -1.586870e+00 -5.860940e-01 5.523166e+01
<VARIANCE> 13
 1.740049e+01 3.239621e+01 3.169314e+01 2.300313e+01 3.818000e+01 3.406760e+01 3.131205e+01 2.904648e+01 2.773519e+01 2.783521e+01 3.018434e+01 2.531065e+01 3.030266e+01
<GCONST> 6.750101e+01
<TRANSP> 12
 0.000000e+00 1.000000e+00 0.000000e+00 0.000000e+00 0.000000e+00 0.000000e+00 0.000000e+00 0.000000e+00 0.000000e+00 0.000000e+00 0.000000e+00 0.000000e+00
 0.000000e+00 7.148957e-01 2.851043e-01 0.000000e+00 0.000000e+00 0.000000e+00 0.000000e+00 0.000000e+00 0.000000e+00 0.000000e+00 0.000000e+00 0.000000e+00
 0.000000e+00 0.000000e+00 7.600639e-01 2.399361e-01 0.000000e+00 0.000000e+00 0.000000e+00 0.000000e+00 0.000000e+00 0.000000e+00 0.000000e+00 0.000000e+00
 0.000000e+00 0.000000e+00 0.000000e+00 8.316937e-01 1.683063e-01 0.000000e+00 0.000000e+00 0.000000e+00 0.000000e+00 0.000000e+00 0.000000e+00 0.000000e+00
 0.000000e+00 0.000000e+00 0.000000e+00 0.000000e+00 8.054764e-01 1.945236e-01 0.000000e+00 0.000000e+00 0.000000e+00 0.000000e+00 0.000000e+00 0.000000e+00
 0.000000e+00 0.000000e+00 0.000000e+00 0.000000e+00 0.000000e+00 8.595413e-01 1.404586e-01 0.000000e+00 0.000000e+00 0.000000e+00 0.000000e+00 0.000000e+00
 0.000000e+00 0.000000e+00 0.000000e+00 0.000000e+00 0.000000e+00 0.000000e+00 7.547069e-01 2.452931e-01 0.000000e+00 0.000000e+00 0.000000e+00 0.000000e+00
 0.000000e+00 0.000000e+00 0.000000e+00 0.000000e+00 0.000000e+00 0.000000e+00 0.000000e+00 6.676608e-01 3.323391e-01 0.000000e+00 0.000000e+00 0.000000e+00
 0.000000e+00 0.000000e+00 0.000000e+00 0.000000e+00 0.000000e+00 0.000000e+00 0.000000e+00 0.000000e+00 6.946878e-01 3.053122e-01 0.000000e+00 0.000000e+00
 0.000000e+00 0.000000e+00 0.000000e+00 0.000000e+00 0.000000e+00 0.000000e+00 0.000000e+00 0.000000e+00 0.000000e+00 8.687435e-01 1.312566e-01 0.000000e+00
 0.000000e+00 0.000000e+00 0.000000e+00 0.000000e+00 0.000000e+00 0.000000e+00 0.000000e+00 0.000000e+00 0.000000e+00 0.000000e+00 5.727665e-01 4.272335e-01
 0.000000e+00 0.000000e+00 0.000000e+00 0.000000e+00 0.000000e+00 0.000000e+00 0.000000e+00 0.000000e+00 0.000000e+00 0.000000e+00 0.000000e+00 0.000000e+00
<ENDHMM>
