~o
<STREAMINFO> 1 13
<VECSIZE> 13<NULLD><MFCC_0><DIAGC>
~h "dd"
<BEGINHMM>
<NUMSTATES> 12
<STATE> 2
<MEAN> 13
 -1.126309e+01 1.978306e+00 1.199919e+00 -3.154736e+00 -6.477755e+00 -3.767428e+00 -3.796502e+00 -6.859892e+00 -4.805914e+00 -1.768468e+00 -1.165446e+00 -1.752389e+00 6.359431e+01
<VARIANCE> 13
 2.368679e+01 2.807274e+01 5.423552e+01 3.460865e+01 3.852601e+01 3.113944e+01 3.773036e+01 3.184974e+01 3.235392e+01 3.305619e+01 3.518597e+01 2.289155e+01 4.547810e+01
<GCONST> 6.959445e+01
<STATE> 3
<MEAN> 13
 -5.947960e+00 1.507506e+00 1.554426e+01 -7.804032e+00 -1.900705e+01 -1.162283e+00 -1.433803e+01 -6.779104e+00 -1.230928e+01 -2.893290e+00 1.860380e+00 -4.381936e+00 7.283498e+01
<VARIANCE> 13
 1.255307e+01 2.991976e+01 4.410393e+01 8.719507e+01 3.311731e+01 4.543383e+01 6.574053e+01 5.563102e+01 5.301892e+01 6.076760e+01 7.427872e+01 4.932906e+01 1.007600e+01
<GCONST> 7.219056e+01
<STATE> 4
<MEAN> 13
 1.677126e+00 3.672510e+00 5.348745e+00 2.760933e+00 -1.560414e+01 -3.717143e+00 -7.870048e+00 -1.212526e+01 -1.048891e+01 8.922327e-01 -3.499594e+00 -7.386446e+00 6.848154e+01
<VARIANCE> 13
 9.042286e+00 1.787795e+01 3.259548e+01 5.828689e+01 3.099280e+01 4.701318e+01 6.548109e+01 5.600161e+01 5.078978e+01 6.331911e+01 7.620153e+01 4.622116e+01 1.045470e+01
<GCONST> 7.060851e+01
<STATE> 5
<MEAN> 13
 3.704928e-01 5.260365e+00 9.336660e+00 1.209056e+00 -8.835851e+00 -7.866687e-01 -1.125155e+01 -1.062048e+01 -8.344215e+00 1.785762e+00 -4.519527e+00 -3.823812e+00 6.240125e+01
<VARIANCE> 13
 1.096142e+01 2.967727e+01 2.041361e+01 5.330167e+01 3.384435e+01 2.336322e+01 5.500266e+01 2.242004e+01 2.887407e+01 2.642516e+01 3.359390e+01 2.119208e+01 1.315094e+01
<GCONST> 6.624133e+01
<STATE> 6
<MEAN> 13
 -5.584249e+00 9.092897e-01 -9.826986e-01 -4.501492e+00 -5.309034e+00 -7.850129e+00 -9.387047e+00 -7.176034e+00 -4.136921e-02 -1.651385e+00 -5.074071e+00 -2.648974e+00 7.122998e+01
<VARIANCE> 13
 2.492144e+01 1.789921e+01 3.344019e+01 4.589867e+01 4.904182e+01 3.808178e+01 5.218628e+01 6.184173e+01 7.561161e+01 4.563455e+01 3.511575e+01 2.997535e+01 2.961038e+01
<GCONST> 7.143431e+01
<STATE> 7
<MEAN> 13
 1.158374e-01 -4.660399e+00 -4.371050e-02 -1.761663e+01 -3.881562e+00 3.566851e+00 -1.978333e+01 -1.768254e+00 -7.522546e+00 4.184312e+00 -9.691290e-01 -6.335330e+00 7.340559e+01
<VARIANCE> 13
 7.605985e+00 2.343374e+01 2.651542e+01 5.556630e+01 2.384878e+01 2.893249e+01 3.295180e+01 4.271304e+01 5.816912e+01 4.469036e+01 4.176992e+01 2.779622e+01 1.609552e+01
<GCONST> 6.785580e+01
<STATE> 8
<MEAN> 13
 3.310236e+00 -9.787771e-02 -2.579571e+00 -1.297335e+01 -1.203430e+01 8.607516e+00 -9.039863e+00 -5.266726e+00 -4.517040e+00 -4.318364e+00 1.176284e+00 -7.560338e+00 7.225478e+01
<VARIANCE> 13
 7.802505e+00 1.562368e+01 3.613540e+01 5.945309e+01 3.795072e+01 4.003087e+01 6.308817e+01 4.931147e+01 5.484218e+01 4.707506e+01 5.436992e+01 3.681577e+01 1.298078e+01
<GCONST> 6.975813e+01
<STATE> 9
<MEAN> 13
 -2.392359e-01 -1.322347e+00 -5.188083e+00 -1.278504e+01 -8.914160e+00 -7.634265e+00 -1.514140e+01 -8.712679e+00 -1.289646e+01 -7.426932e+00 -1.063466e+01 -4.611735e+00 6.220267e+01
<VARIANCE> 13
 1.398811e+01 3.690012e+01 5.988048e+01 5.551221e+01 6.125944e+01 6.661932e+01 5.979370e+01 8.037915e+01 7.324075e+01 5.286475e+01 4.853457e+01 6.328122e+01 7.004414e+01
<GCONST> 7.558002e+01
<STATE> 10
<MEAN> 13
 1.935332e+00 5.355091e+00 5.382959e+00 -5.835761e-01 -7.064208e+00 2.032371e+00 -6.524535e+00 -9.263927e+00 -6.697195e+00 -1.644034e-01 -6.237218e+00 -4.503244e+00 6.312415e+01
<VARIANCE> 13
 7.432790e+00 1.443132e+01 2.349171e+01 4.121767e+01 4.345425e+01 3.385967e+01 4.752275e+01 4.823706e+01 3.942085e+01 5.395235e+01 2.390089e+01 2.799649e+01 2.068097e+01
<GCONST> 6.767210e+01
<STATE> 11
<MEAN> 13
 -5.354978e+00 9.709837e-01 6.924432e-01 -3.114281e+00 -2.733005e+00 -8.688503e-01 -4.648382e+00 -4.334034e+00 -3.590544e+00 -1.778718e+00 -2.608590e+00 -2.623417e+00 5.834376e+01
<VARIANCE> 13
 2.032483e+01 3.107951e+01 2.936242e+01 4.321835e+01 3.178747e+01 3.569470e+01 4.619942e+01 2.894894e+01 2.715181e+01 2.532006e+01 2.344207e+01 2.032295e+01 3.769416e+01
<GCONST> 6.804817e+01
<TRANSP> 12
 0.000000e+00 1.000000e+00 0.000000e+00 0.000000e+00 0.000000e+00 0.000000e+00 0.000000e+00 0.000000e+00 0.000000e+00 0.000000e+00 0.000000e+00 0.000000e+00
 0.000000e+00 5.833108e-01 4.166892e-01 0.000000e+00 0.000000e+00 0.000000e+00 0.000000e+00 0.000000e+00 0.000000e+00 0.000000e+00 0.000000e+00 0.000000e+00
 0.000000e+00 0.000000e+00 8.239915e-01 1.760084e-01 0.000000e+00 0.000000e+00 0.000000e+00 0.000000e+00 0.000000e+00 0.000000e+00 0.000000e+00 0.000000e+00
 0.000000e+00 0.000000e+00 0.000000e+00 8.358436e-01 1.641565e-01 0.000000e+00 0.000000e+00 0.000000e+00 0.000000e+00 0.000000e+00 0.000000e+00 0.000000e+00
 0.000000e+00 0.000000e+00 0.000000e+00 0.000000e+00 7.984427e-01 2.015574e-01 0.000000e+00 0.000000e+00 0.000000e+00 0.000000e+00 0.000000e+00 0.000000e+00
 0.000000e+00 0.000000e+00 0.000000e+00 0.000000e+00 0.000000e+00 5.603129e-01 4.396871e-01 0.000000e+00 0.000000e+00 0.000000e+00 0.000000e+00 0.000000e+00
 0.000000e+00 0.000000e+00 0.000000e+00 0.000000e+00 0.000000e+00 0.000000e+00 7.755734e-01 2.244266e-01 0.000000e+00 0.000000e+00 0.000000e+00 0.000000e+00
 0.000000e+00 0.000000e+00 0.000000e+00 0.000000e+00 0.000000e+00 0.000000e+00 0.000000e+00 8.338761e-01 1.661239e-01 0.000000e+00 0.000000e+00 0.000000e+00
 0.000000e+00 0.000000e+00 0.000000e+00 0.000000e+00 0.000000e+00 0.000000e+00 0.000000e+00 0.000000e+00 8.101484e-01 1.898516e-01 0.000000e+00 0.000000e+00
 0.000000e+00 0.000000e+00 0.000000e+00 0.000000e+00 0.000000e+00 0.000000e+00 0.000000e+00 0.000000e+00 0.000000e+00 8.286788e-01 1.713211e-01 0.000000e+00
 0.000000e+00 0.000000e+00 0.000000e+00 0.000000e+00 0.000000e+00 0.000000e+00 0.000000e+00 0.000000e+00 0.000000e+00 0.000000e+00 7.306303e-01 2.693697e-01
 0.000000e+00 0.000000e+00 0.000000e+00 0.000000e+00 0.000000e+00 0.000000e+00 0.000000e+00 0.000000e+00 0.000000e+00 0.000000e+00 0.000000e+00 0.000000e+00
<ENDHMM>
