~o
<STREAMINFO> 1 26
<VECSIZE> 26<NULLD><MFCC_D_0><DIAGC>
~h "lx"
<BEGINHMM>
<NUMSTATES> 12
<STATE> 2
<MEAN> 26
 -3.857194e+00 2.558406e+00 1.220479e+01 -1.209313e+00 -8.202601e+00 -5.669193e+00 -1.059317e+01 -3.387533e+00 -8.090782e+00 -2.453605e+00 -1.854925e+00 -1.418790e+00 6.572703e+01 2.089130e-01 -2.835810e-02 1.737815e+00 -8.095217e-01 -2.191019e+00 -6.865752e-02 -6.909278e-01 2.515514e-01 -8.342797e-01 1.338551e-01 9.529975e-01 1.159901e-01 2.279100e+00
<VARIANCE> 26
 1.397654e+01 3.063155e+01 5.285220e+01 6.654790e+01 7.571606e+01 4.961845e+01 6.018018e+01 5.081729e+01 4.412922e+01 3.985334e+01 4.968964e+01 2.982425e+01 5.638612e+01 2.075064e+00 3.204924e+00 3.886724e+00 4.319078e+00 4.693232e+00 4.553717e+00 4.787613e+00 4.347415e+00 3.190976e+00 3.916178e+00 3.816558e+00 2.969490e+00 1.778102e+00
<GCONST> 1.134139e+02
<STATE> 3
<MEAN> 26
 -3.568074e+00 3.121609e+00 1.523483e+01 -5.116075e+00 -1.566516e+01 -5.558627e-01 -1.068275e+01 -3.955806e+00 -1.097069e+01 -5.846856e-01 4.063026e+00 -4.072336e+00 7.281020e+01 4.782293e-02 6.335412e-01 -3.993008e-01 -2.115526e-01 4.671803e-01 4.305035e-01 1.276295e-01 -6.973661e-01 -2.646824e-01 4.318784e-01 -2.478575e-01 -5.312520e-01 -1.665307e-01
<VARIANCE> 26
 1.241322e+01 2.638193e+01 4.799146e+01 7.745824e+01 3.558189e+01 6.441246e+01 5.538433e+01 6.413622e+01 5.079453e+01 4.756184e+01 3.379847e+01 3.686837e+01 1.177782e+01 3.720243e-01 7.312601e-01 1.155243e+00 1.496602e+00 1.564964e+00 2.382197e+00 2.179915e+00 2.135226e+00 2.168320e+00 1.654194e+00 1.753247e+00 1.631058e+00 2.807264e-01
<GCONST> 9.825033e+01
<STATE> 4
<MEAN> 26
 -4.069869e+00 6.872856e+00 9.307076e+00 -1.062227e+01 -1.252028e+01 -3.218739e+00 -1.465636e+01 -1.009770e+01 -1.171422e+01 3.803302e-01 -6.489660e+00 -3.908147e+00 6.844532e+01 -5.145847e-01 1.281680e+00 -7.810404e-01 7.819784e-01 8.536088e-01 -6.717484e-01 9.067554e-01 -4.776161e-01 4.495553e-01 -6.137956e-01 -9.301530e-02 3.688833e-01 -3.908640e-01
<VARIANCE> 26
 1.390281e+01 2.200852e+01 3.853039e+01 1.128171e+02 4.434240e+01 3.951301e+01 9.137483e+01 5.718381e+01 3.539963e+01 5.970172e+01 1.013004e+02 4.040722e+01 2.744920e+01 2.240077e+00 1.516008e+00 2.445948e+00 3.140119e+00 3.200732e+00 2.897508e+00 4.168411e+00 2.510870e+00 2.539247e+00 2.241140e+00 3.139507e+00 2.487181e+00 4.355725e-01
<GCONST> 1.080005e+02
<STATE> 5
<MEAN> 26
 -1.455566e+01 1.442335e+01 7.072816e+00 -5.073806e-01 -3.990724e+00 -4.800147e+00 -1.325484e+00 -8.446978e+00 -6.856224e+00 -3.021530e+00 -1.694594e+00 -1.863646e+00 6.972980e+01 -4.263315e+00 5.356727e-01 -1.712618e+00 6.135059e-01 2.245525e+00 7.613448e-02 1.750277e+00 8.621392e-01 1.664886e+00 -2.058099e-01 -4.408036e-01 4.888580e-01 -6.378981e-02
<VARIANCE> 26
 4.811477e+01 1.630219e+01 2.807239e+01 4.370845e+01 4.459921e+01 3.607668e+01 5.062547e+01 4.637023e+01 3.078341e+01 3.575856e+01 3.779561e+01 2.393738e+01 2.097320e+01 1.810771e+00 4.090737e+00 2.713654e+00 3.976656e+00 3.907355e+00 3.373056e+00 4.262020e+00 3.403853e+00 3.102334e+00 3.469847e+00 3.053275e+00 2.995564e+00 5.246617e-01
<GCONST> 1.071403e+02
<STATE> 6
<MEAN> 26
 -2.881507e+01 9.102941e+00 -7.369225e-01 -5.449698e+00 -2.593333e+00 -5.176669e+00 -1.637833e+00 -5.330498e+00 -3.643951e+00 -7.004697e-01 -1.311327e+00 -8.608141e-01 6.951162e+01 -5.249075e-01 -8.746186e-01 -1.569206e-01 -6.939083e-01 -3.006398e-01 -6.701459e-02 -1.962180e-01 1.122679e-01 8.038364e-02 1.295141e-01 1.686471e-02 1.150897e-01 -9.692456e-02
<VARIANCE> 26
 1.134714e+01 2.086600e+01 3.117664e+01 3.087501e+01 1.899139e+01 2.954485e+01 4.388936e+01 3.519099e+01 2.703785e+01 2.207442e+01 2.476202e+01 1.785491e+01 1.849854e+01 2.254169e+00 1.139247e+00 2.768782e+00 1.723196e+00 1.687981e+00 1.801974e+00 1.693479e+00 1.764133e+00 2.037582e+00 1.959701e+00 1.773906e+00 1.616403e+00 2.396121e-01
<GCONST> 9.491662e+01
<STATE> 7
<MEAN> 26
 -2.087332e+01 8.289525e+00 6.975695e+00 -4.478703e+00 -5.259830e+00 -6.190582e+00 -4.030599e+00 -7.244459e+00 -6.007605e+00 -3.231245e+00 -2.200914e+00 -9.726269e-01 6.949189e+01 4.451972e+00 -1.458401e-01 3.575495e+00 5.012696e-01 -2.419324e+00 -9.497430e-01 -2.986520e+00 -1.340919e+00 -2.004558e+00 -1.259182e+00 1.444566e-01 -8.818749e-02 9.221162e-01
<VARIANCE> 26
 4.788457e+01 2.484849e+01 4.465582e+01 2.756816e+01 3.524659e+01 3.489699e+01 4.619916e+01 4.351277e+01 2.978942e+01 2.463468e+01 2.018717e+01 1.908746e+01 2.252755e+01 1.623573e+00 2.967983e+00 3.243875e+00 3.644491e+00 3.378707e+00 3.021093e+00 3.115386e+00 2.997784e+00 2.986356e+00 2.347530e+00 2.986045e+00 2.095880e+00 7.571877e-01
<GCONST> 1.044730e+02
<STATE> 8
<MEAN> 26
 -9.813880e+00 3.844105e+00 1.574649e+01 -5.166408e+00 -1.390142e+01 -5.999261e+00 -1.463011e+01 -8.945711e+00 -1.194893e+01 -5.688243e+00 -3.973556e-01 -1.202744e+00 7.338482e+01 1.581556e+00 -1.672979e+00 1.531705e+00 -5.443808e-01 -1.754310e+00 7.790056e-01 -2.110719e+00 2.678479e-01 -9.515086e-01 -3.827599e-01 6.800061e-01 -3.808556e-01 6.879128e-01
<VARIANCE> 26
 1.342188e+01 2.628023e+01 3.364027e+01 5.666941e+01 3.048012e+01 3.820860e+01 4.038929e+01 5.367507e+01 3.616640e+01 4.082951e+01 4.075373e+01 2.811258e+01 1.766107e+01 1.609159e+00 1.201820e+00 2.224197e+00 1.920301e+00 3.477076e+00 2.493200e+00 3.214731e+00 2.002268e+00 2.425437e+00 2.300336e+00 3.077165e+00 2.230989e+00 5.804241e-01
<GCONST> 1.023925e+02
<STATE> 9
<MEAN> 26
 -8.697965e+00 1.126036e+00 1.820655e+01 -9.152108e+00 -1.620264e+01 -4.867692e+00 -1.740093e+01 -8.362974e+00 -1.354609e+01 -5.126419e+00 -7.175809e-03 -2.850634e+00 7.301469e+01 2.018347e-01 -5.128051e-02 5.979922e-02 -1.343081e-01 -1.960436e-01 1.792980e-01 -6.019264e-02 1.057634e-01 -7.469396e-03 1.378538e-01 5.878011e-02 -1.596226e-01 -1.960856e-01
<VARIANCE> 26
 1.379497e+01 2.488634e+01 3.583035e+01 8.486744e+01 2.447198e+01 3.836147e+01 3.628031e+01 4.534600e+01 3.921690e+01 4.553051e+01 7.645938e+01 3.159043e+01 1.884111e+01 1.084228e-01 2.526687e-01 4.364952e-01 5.623259e-01 5.705484e-01 6.059951e-01 7.839639e-01 6.061261e-01 5.769774e-01 7.576312e-01 5.665351e-01 5.113820e-01 1.194827e-01
<GCONST> 8.310756e+01
<STATE> 10
<MEAN> 26
 -5.568310e+00 3.515826e+00 1.465862e+01 -4.044576e+00 -1.490563e+01 -6.230779e+00 -1.408493e+01 -7.671839e+00 -1.117807e+01 -4.179309e+00 -9.125014e-01 -2.812781e+00 6.874623e+01 5.165541e-01 3.506148e-01 -8.855475e-01 9.024009e-01 1.020322e+00 -2.985703e-01 1.025413e+00 2.254513e-01 5.081496e-01 2.444473e-01 -6.399439e-01 -2.328958e-02 -1.280954e+00
<VARIANCE> 26
 1.296467e+01 2.952694e+01 3.558253e+01 8.728398e+01 4.680984e+01 7.486583e+01 6.397573e+01 5.830257e+01 4.727724e+01 5.044551e+01 5.874515e+01 3.353439e+01 2.611625e+01 7.021351e-01 1.055187e+00 1.339963e+00 2.128821e+00 2.910291e+00 2.185772e+00 2.865329e+00 2.306719e+00 2.249684e+00 1.991436e+00 2.400994e+00 1.643171e+00 9.900831e-01
<GCONST> 1.041338e+02
<STATE> 11
<MEAN> 26
 -6.913763e+00 1.389493e+00 6.757917e+00 -3.265167e+00 -6.721449e+00 -3.975364e+00 -7.991423e+00 -6.564917e+00 -6.440079e+00 -2.871463e+00 -1.959081e+00 -2.345372e+00 5.866356e+01 -5.631561e-01 -8.971865e-01 -1.097780e+00 -5.449668e-01 3.231064e-01 2.264327e-01 3.664345e-01 2.535887e-01 4.164710e-01 2.586516e-01 2.963620e-01 2.159669e-01 -6.060075e-01
<VARIANCE> 26
 1.609857e+01 2.801270e+01 4.554400e+01 4.999654e+01 4.906857e+01 4.538235e+01 4.766628e+01 4.079971e+01 3.427032e+01 2.558752e+01 3.844927e+01 2.148867e+01 4.048152e+01 9.341863e-01 1.322670e+00 2.470481e+00 2.672426e+00 4.261914e+00 2.621034e+00 3.100551e+00 2.802968e+00 2.518175e+00 2.356029e+00 3.045321e+00 1.796058e+00 1.854999e+00
<GCONST> 1.048743e+02
<TRANSP> 12
 0.000000e+00 1.000000e+00 0.000000e+00 0.000000e+00 0.000000e+00 0.000000e+00 0.000000e+00 0.000000e+00 0.000000e+00 0.000000e+00 0.000000e+00 0.000000e+00
 0.000000e+00 8.045977e-01 1.954023e-01 0.000000e+00 0.000000e+00 0.000000e+00 0.000000e+00 0.000000e+00 0.000000e+00 0.000000e+00 0.000000e+00 0.000000e+00
 0.000000e+00 0.000000e+00 8.602466e-01 1.397534e-01 0.000000e+00 0.000000e+00 0.000000e+00 0.000000e+00 0.000000e+00 0.000000e+00 0.000000e+00 0.000000e+00
 0.000000e+00 0.000000e+00 0.000000e+00 7.771536e-01 2.228464e-01 0.000000e+00 0.000000e+00 0.000000e+00 0.000000e+00 0.000000e+00 0.000000e+00 0.000000e+00
 0.000000e+00 0.000000e+00 0.000000e+00 0.000000e+00 7.427027e-01 2.572973e-01 0.000000e+00 0.000000e+00 0.000000e+00 0.000000e+00 0.000000e+00 0.000000e+00
 0.000000e+00 0.000000e+00 0.000000e+00 0.000000e+00 0.000000e+00 8.454546e-01 1.545455e-01 0.000000e+00 0.000000e+00 0.000000e+00 0.000000e+00 0.000000e+00
 0.000000e+00 0.000000e+00 0.000000e+00 0.000000e+00 0.000000e+00 0.000000e+00 6.671329e-01 3.328671e-01 0.000000e+00 0.000000e+00 0.000000e+00 0.000000e+00
 0.000000e+00 0.000000e+00 0.000000e+00 0.000000e+00 0.000000e+00 0.000000e+00 0.000000e+00 6.304348e-01 3.695652e-01 0.000000e+00 0.000000e+00 0.000000e+00
 0.000000e+00 0.000000e+00 0.000000e+00 0.000000e+00 0.000000e+00 0.000000e+00 0.000000e+00 0.000000e+00 8.622685e-01 1.377315e-01 0.000000e+00 0.000000e+00
 0.000000e+00 0.000000e+00 0.000000e+00 0.000000e+00 0.000000e+00 0.000000e+00 0.000000e+00 0.000000e+00 0.000000e+00 8.270349e-01 1.729651e-01 0.000000e+00
 0.000000e+00 0.000000e+00 0.000000e+00 0.000000e+00 0.000000e+00 0.000000e+00 0.000000e+00 0.000000e+00 0.000000e+00 0.000000e+00 8.034682e-01 1.965318e-01
 0.000000e+00 0.000000e+00 0.000000e+00 0.000000e+00 0.000000e+00 0.000000e+00 0.000000e+00 0.000000e+00 0.000000e+00 0.000000e+00 0.000000e+00 0.000000e+00
<ENDHMM>
