~o
<STREAMINFO> 1 26
<VECSIZE> 26<NULLD><MFCC_D_0><DIAGC>
~h "dd"
<BEGINHMM>
<NUMSTATES> 12
<STATE> 2
<MEAN> 26
 -9.093315e+00 1.898389e+00 7.624517e+00 -3.447664e+00 -1.190161e+01 -3.926668e+00 -7.728474e+00 -6.715587e+00 -7.722091e+00 -2.797004e+00 5.116919e-01 -2.557677e+00 6.706391e+01 5.395175e-01 9.147389e-02 3.243459e+00 -7.872905e-01 -3.027764e+00 1.316329e-01 -1.948149e+00 -1.239268e-01 -1.648214e+00 -4.521538e-01 9.639320e-01 -3.475412e-01 2.715671e+00
<VARIANCE> 26
 2.531768e+01 2.879944e+01 1.016377e+02 4.996294e+01 7.526079e+01 3.289752e+01 6.363386e+01 3.900826e+01 4.955351e+01 3.933224e+01 4.115479e+01 2.891135e+01 4.870571e+01 3.779358e+00 3.099770e+00 7.404482e+00 4.857537e+00 4.348143e+00 4.366287e+00 5.794812e+00 4.065670e+00 4.666840e+00 4.479127e+00 4.377969e+00 3.621483e+00 2.659801e+00
<GCONST> 1.160114e+02
<STATE> 3
<MEAN> 26
 -3.585063e+00 2.055066e+00 1.095832e+01 -6.319308e+00 -1.714546e+01 -2.113990e+00 -1.227365e+01 -7.884208e+00 -1.223325e+01 -1.744993e+00 -6.476903e-01 -5.429144e+00 7.097603e+01 1.126032e+00 1.637251e-01 -1.376014e+00 1.087230e+00 7.232800e-01 -6.105536e-02 5.593669e-01 -7.841441e-01 1.078869e-01 7.763055e-01 -9.011947e-01 -3.927798e-01 -7.388178e-01
<VARIANCE> 26
 2.172075e+01 2.792245e+01 6.720067e+01 1.247348e+02 4.430409e+01 5.073970e+01 8.285481e+01 5.868574e+01 5.306557e+01 6.495107e+01 1.124617e+02 5.582956e+01 2.158608e+01 7.691633e-01 8.634633e-01 2.030905e+00 4.884356e+00 2.888245e+00 4.559872e+00 3.534419e+00 3.882205e+00 2.864395e+00 3.407497e+00 3.576669e+00 2.269817e+00 7.833334e-01
<GCONST> 1.106060e+02
<STATE> 4
<MEAN> 26
 1.911498e+00 3.686531e+00 6.357135e+00 1.034191e+00 -1.394701e+01 -2.441462e+00 -1.105664e+01 -1.360760e+01 -9.733514e+00 1.145108e+00 -5.648062e+00 -5.063700e+00 6.511837e+01 1.148052e-02 5.339482e-01 2.023360e-01 1.436406e-02 4.526955e-01 1.889151e-01 -1.298648e-01 -6.138342e-02 2.889626e-01 -8.933090e-02 -3.474696e-01 2.251640e-01 -6.952093e-01
<VARIANCE> 26
 5.666264e+00 2.617393e+01 3.720603e+01 6.905361e+01 3.548716e+01 4.261563e+01 6.313420e+01 3.670977e+01 3.937458e+01 5.297094e+01 5.280423e+01 4.443661e+01 2.607445e+01 2.850278e-01 5.756086e-01 6.760250e-01 7.820997e-01 1.352423e+00 1.260681e+00 1.443299e+00 1.928247e+00 1.608106e+00 1.379674e+00 1.561827e+00 1.086391e+00 2.467936e-01
<GCONST> 9.340833e+01
<STATE> 5
<MEAN> 26
 -7.868054e-01 5.976408e+00 6.980154e+00 8.045608e-01 -7.891754e+00 -3.085930e+00 -9.022009e+00 -1.055837e+01 -8.178739e+00 -9.837817e-01 -5.646134e+00 -4.705713e+00 6.091525e+01 -1.747823e+00 -9.947824e-01 -1.330781e+00 -1.098102e+00 1.764865e+00 -1.056271e+00 1.155435e-01 1.670276e+00 1.651467e+00 -6.017791e-01 5.123553e-01 3.232088e-01 1.185146e+00
<VARIANCE> 26
 1.653495e+01 1.899010e+01 2.869921e+01 4.446558e+01 4.034837e+01 4.054853e+01 4.222032e+01 3.472962e+01 2.977619e+01 4.161361e+01 3.161386e+01 2.674770e+01 2.468329e+01 1.444694e+00 2.140534e+00 2.740151e+00 3.608579e+00 3.400656e+00 3.626155e+00 4.623571e+00 3.529891e+00 3.947720e+00 3.424438e+00 3.354158e+00 2.693523e+00 4.598786e+00
<GCONST> 1.075004e+02
<STATE> 6
<MEAN> 26
 -4.143232e+00 -1.587261e+00 -1.498547e+00 -7.938304e+00 -5.789670e+00 -5.360588e+00 -1.453213e+01 -3.415993e+00 -1.483414e-01 3.007316e-01 -3.685734e+00 -5.053377e+00 7.313117e+01 1.144127e+00 -1.938795e+00 -1.958945e+00 -3.697319e+00 -1.523523e-01 2.131308e+00 -2.591894e+00 8.353997e-01 9.833059e-01 1.266504e+00 9.126785e-01 -1.034037e+00 2.612917e+00
<VARIANCE> 26
 2.719407e+01 2.856817e+01 3.709659e+01 5.988832e+01 3.787854e+01 6.137875e+01 6.763719e+01 5.124770e+01 5.204752e+01 5.683181e+01 4.739132e+01 3.853252e+01 2.622495e+01 2.637313e+00 1.970985e+00 2.384145e+00 2.993580e+00 5.011219e+00 6.496984e+00 6.423257e+00 6.891200e+00 5.969121e+00 4.368665e+00 5.594491e+00 3.096503e+00 3.337113e+00
<GCONST> 1.150223e+02
<STATE> 7
<MEAN> 26
 9.301218e-01 -3.034578e+00 -4.368322e+00 -1.822430e+01 -5.208132e+00 5.834584e+00 -1.690601e+01 -5.534915e+00 -4.596744e+00 2.833595e+00 1.014423e+00 -5.676196e+00 7.421171e+01 8.046053e-01 4.234098e-01 -5.752786e-01 -1.118204e+00 -1.605834e-01 1.677178e+00 1.487075e+00 8.275934e-02 -1.857481e+00 -1.203919e+00 1.066724e+00 5.300056e-01 -5.824587e-01
<VARIANCE> 26
 1.014683e+01 2.298623e+01 4.155380e+01 6.189744e+01 3.486312e+01 5.999224e+01 6.703086e+01 5.435711e+01 7.420615e+01 5.421227e+01 5.713553e+01 2.795053e+01 1.310903e+01 2.396272e-01 6.058218e-01 7.006351e-01 1.715533e+00 1.486807e+00 2.500238e+00 2.002124e+00 2.535678e+00 1.833887e+00 3.155508e+00 1.852749e+00 1.864685e+00 2.576396e-01
<GCONST> 9.801558e+01
<STATE> 8
<MEAN> 26
 2.943491e+00 -1.392430e+00 -1.751787e+00 -1.421351e+01 -1.050374e+01 7.451230e+00 -9.841256e+00 -3.272435e+00 -6.928631e+00 -4.173146e+00 4.548684e-01 -7.462149e+00 7.184018e+01 -1.316441e-02 1.155063e-01 6.369272e-01 1.166583e+00 -1.776204e-01 -6.082963e-01 5.354226e-01 -5.742825e-02 -1.300430e-01 -9.975491e-02 -1.052596e+00 -2.122350e-01 -4.997606e-01
<VARIANCE> 26
 6.983382e+00 2.381521e+01 3.457528e+01 5.725136e+01 5.079404e+01 3.698845e+01 6.925027e+01 4.491780e+01 5.145425e+01 4.592878e+01 3.874187e+01 2.971273e+01 1.007270e+01 1.875827e-01 4.462467e-01 8.420119e-01 8.760278e-01 1.333709e+00 1.060606e+00 2.781228e+00 1.849615e+00 1.841269e+00 1.823398e+00 2.211437e+00 1.576388e+00 1.583202e-01
<GCONST> 9.301305e+01
<STATE> 9
<MEAN> 26
 9.713398e-01 -1.440830e+00 -3.152490e+00 -1.072074e+01 -7.632514e+00 -4.212338e+00 -1.423077e+01 -7.153947e+00 -1.307064e+01 -4.682891e+00 -8.889593e+00 -5.410405e+00 6.515804e+01 -9.202061e-04 6.889783e-01 1.102835e+00 1.416802e+00 -3.764564e-01 -5.601339e-01 -4.845144e-02 -9.729149e-01 1.920069e-01 1.197632e-01 -6.299384e-01 2.842215e-01 -1.018050e+00
<VARIANCE> 26
 7.096975e+00 3.199721e+01 7.292993e+01 6.150736e+01 4.674665e+01 7.708459e+01 7.825514e+01 6.936282e+01 9.035331e+01 8.823202e+01 4.849543e+01 6.502740e+01 4.923833e+01 3.411991e-01 6.658179e-01 2.030417e+00 1.997961e+00 2.277437e+00 2.299002e+00 3.182586e+00 2.238482e+00 3.437062e+00 2.693492e+00 3.057919e+00 2.238042e+00 4.004363e-01
<GCONST> 1.061154e+02
<STATE> 10
<MEAN> 26
 1.961565e+00 5.181311e+00 4.929650e+00 -1.087046e+00 -7.171032e+00 1.946133e+00 -6.612031e+00 -9.123137e+00 -6.176839e+00 -5.188353e-01 -6.166378e+00 -4.663999e+00 6.321877e+01 -3.931610e-01 5.222869e-01 1.252254e-01 7.998093e-01 9.281185e-01 -2.563339e-01 3.383506e-01 3.849585e-02 1.141083e-01 -7.077900e-02 1.191457e-01 1.062804e-01 -9.851146e-01
<VARIANCE> 26
 7.717292e+00 1.269979e+01 2.240934e+01 4.038993e+01 4.939539e+01 3.941460e+01 4.767459e+01 5.130449e+01 3.641234e+01 5.243148e+01 2.422960e+01 2.915493e+01 1.909744e+01 4.295858e-01 1.004164e+00 1.136381e+00 1.318304e+00 1.859839e+00 1.915710e+00 2.398558e+00 2.703669e+00 2.038941e+00 2.304009e+00 1.713490e+00 1.812209e+00 4.882978e-01
<GCONST> 9.628506e+01
<STATE> 11
<MEAN> 26
 -4.569735e+00 1.535430e+00 1.092725e+00 -2.692824e+00 -3.544483e+00 -1.422852e+00 -5.544567e+00 -5.437826e+00 -4.613449e+00 -2.125530e+00 -3.288801e+00 -2.967616e+00 5.818140e+01 -1.192127e+00 -9.850093e-01 -3.328042e-01 -7.962787e-01 -6.730903e-01 -5.151928e-01 1.144510e-01 4.576048e-01 3.657311e-01 -2.616487e-02 9.107375e-01 4.647276e-01 3.786583e-01
<VARIANCE> 26
 2.371449e+01 3.339721e+01 3.399509e+01 4.725270e+01 3.230324e+01 3.830146e+01 5.185270e+01 3.713919e+01 3.471173e+01 2.966030e+01 2.619317e+01 2.144699e+01 3.971191e+01 1.572140e+00 1.389215e+00 3.100711e+00 2.654262e+00 4.011166e+00 3.321386e+00 4.415024e+00 3.572390e+00 3.345921e+00 3.451197e+00 2.645564e+00 2.282728e+00 2.727029e+00
<GCONST> 1.069590e+02
<TRANSP> 12
 0.000000e+00 1.000000e+00 0.000000e+00 0.000000e+00 0.000000e+00 0.000000e+00 0.000000e+00 0.000000e+00 0.000000e+00 0.000000e+00 0.000000e+00 0.000000e+00
 0.000000e+00 7.633974e-01 2.366026e-01 0.000000e+00 0.000000e+00 0.000000e+00 0.000000e+00 0.000000e+00 0.000000e+00 0.000000e+00 0.000000e+00 0.000000e+00
 0.000000e+00 0.000000e+00 8.540237e-01 1.459763e-01 0.000000e+00 0.000000e+00 0.000000e+00 0.000000e+00 0.000000e+00 0.000000e+00 0.000000e+00 0.000000e+00
 0.000000e+00 0.000000e+00 0.000000e+00 8.415707e-01 1.584293e-01 0.000000e+00 0.000000e+00 0.000000e+00 0.000000e+00 0.000000e+00 0.000000e+00 0.000000e+00
 0.000000e+00 0.000000e+00 0.000000e+00 0.000000e+00 6.833559e-01 3.166441e-01 0.000000e+00 0.000000e+00 0.000000e+00 0.000000e+00 0.000000e+00 0.000000e+00
 0.000000e+00 0.000000e+00 0.000000e+00 0.000000e+00 0.000000e+00 6.759003e-01 3.240997e-01 0.000000e+00 0.000000e+00 0.000000e+00 0.000000e+00 0.000000e+00
 0.000000e+00 0.000000e+00 0.000000e+00 0.000000e+00 0.000000e+00 0.000000e+00 7.075000e-01 2.925000e-01 0.000000e+00 0.000000e+00 0.000000e+00 0.000000e+00
 0.000000e+00 0.000000e+00 0.000000e+00 0.000000e+00 0.000000e+00 0.000000e+00 0.000000e+00 8.221884e-01 1.778115e-01 0.000000e+00 0.000000e+00 0.000000e+00
 0.000000e+00 0.000000e+00 0.000000e+00 0.000000e+00 0.000000e+00 0.000000e+00 0.000000e+00 0.000000e+00 7.629179e-01 2.370821e-01 0.000000e+00 0.000000e+00
 0.000000e+00 0.000000e+00 0.000000e+00 0.000000e+00 0.000000e+00 0.000000e+00 0.000000e+00 0.000000e+00 0.000000e+00 8.201383e-01 1.798616e-01 0.000000e+00
 0.000000e+00 0.000000e+00 0.000000e+00 0.000000e+00 0.000000e+00 0.000000e+00 0.000000e+00 0.000000e+00 0.000000e+00 0.000000e+00 7.645875e-01 2.354125e-01
 0.000000e+00 0.000000e+00 0.000000e+00 0.000000e+00 0.000000e+00 0.000000e+00 0.000000e+00 0.000000e+00 0.000000e+00 0.000000e+00 0.000000e+00 0.000000e+00
<ENDHMM>
