~o
<STREAMINFO> 1 26
<VECSIZE> 26<NULLD><MFCC_D_0><DIAGC>
~h "dd"
<BEGINHMM>
<NUMSTATES> 12
<STATE> 2
<MEAN> 26
 -9.084408e+00 1.909447e+00 7.691157e+00 -3.459070e+00 -1.193653e+01 -3.895004e+00 -7.791035e+00 -6.709619e+00 -7.740051e+00 -2.787084e+00 5.294484e-01 -2.570491e+00 6.709029e+01 5.355757e-01 9.594608e-02 3.226853e+00 -7.870314e-01 -3.022534e+00 1.404016e-01 -1.938255e+00 -1.262055e-01 -1.631209e+00 -4.478135e-01 9.625775e-01 -3.556102e-01 2.705585e+00
<VARIANCE> 26
 2.529125e+01 2.888147e+01 1.021255e+02 5.024466e+01 7.529031e+01 3.283653e+01 6.416682e+01 3.898858e+01 4.996563e+01 3.952956e+01 4.112287e+01 2.888080e+01 4.867043e+01 3.757877e+00 3.089365e+00 7.436186e+00 4.832907e+00 4.344765e+00 4.374385e+00 5.811587e+00 4.051645e+00 4.678419e+00 4.481045e+00 4.368971e+00 3.604552e+00 2.675997e+00
<GCONST> 1.160336e+02
<STATE> 3
<MEAN> 26
 -3.560834e+00 2.046106e+00 1.091591e+01 -6.305437e+00 -1.714123e+01 -2.110081e+00 -1.224510e+01 -7.891777e+00 -1.226331e+01 -1.751572e+00 -6.553912e-01 -5.423607e+00 7.095694e+01 1.128326e+00 1.617053e-01 -1.373517e+00 1.087456e+00 7.268090e-01 -5.808927e-02 5.552068e-01 -7.871538e-01 1.047103e-01 7.721612e-01 -9.010246e-01 -3.842254e-01 -7.415268e-01
<VARIANCE> 26
 2.178464e+01 2.787482e+01 6.704627e+01 1.248648e+02 4.425449e+01 5.076105e+01 8.278791e+01 5.850389e+01 5.284576e+01 6.451401e+01 1.124122e+02 5.608959e+01 2.164457e+01 7.704374e-01 8.612583e-01 2.044158e+00 4.881021e+00 2.866939e+00 4.543104e+00 3.531866e+00 3.874581e+00 2.883577e+00 3.393620e+00 3.553745e+00 2.276560e+00 7.796538e-01
<GCONST> 1.105829e+02
<STATE> 4
<MEAN> 26
 1.876971e+00 3.736691e+00 6.410040e+00 8.927093e-01 -1.384289e+01 -2.491881e+00 -1.113114e+01 -1.354462e+01 -9.681146e+00 1.095705e+00 -5.592904e+00 -5.055656e+00 6.495480e+01 -9.141445e-03 5.178599e-01 2.007319e-01 1.475705e-02 4.830417e-01 1.503864e-01 -1.214726e-01 -4.912475e-02 2.853749e-01 -9.191526e-02 -3.360887e-01 2.336803e-01 -7.069760e-01
<VARIANCE> 26
 5.839217e+00 2.587871e+01 3.686123e+01 6.896851e+01 3.534779e+01 4.280655e+01 6.227947e+01 3.692546e+01 3.858738e+01 5.233749e+01 5.200595e+01 4.395127e+01 2.658653e+01 3.178359e-01 5.859486e-01 6.690091e-01 8.316629e-01 1.399919e+00 1.380509e+00 1.483246e+00 1.968933e+00 1.632095e+00 1.397198e+00 1.603753e+00 1.116985e+00 2.552982e-01
<GCONST> 9.383711e+01
<STATE> 5
<MEAN> 26
 -9.159895e-01 6.005693e+00 6.881617e+00 1.106321e+00 -7.626363e+00 -3.080460e+00 -8.715405e+00 -1.050564e+01 -8.067063e+00 -9.589884e-01 -5.785454e+00 -4.704782e+00 6.110699e+01 -1.804523e+00 -1.068673e+00 -1.435340e+00 -1.189544e+00 1.778150e+00 -1.056142e+00 8.835611e-02 1.774753e+00 1.740473e+00 -6.247094e-01 5.366979e-01 2.976794e-01 1.350967e+00
<VARIANCE> 26
 1.682783e+01 1.916102e+01 2.889644e+01 4.265455e+01 4.140671e+01 4.025249e+01 4.166908e+01 3.480111e+01 3.060350e+01 4.317749e+01 3.184702e+01 2.627254e+01 2.611392e+01 1.393263e+00 2.198480e+00 2.739701e+00 3.692193e+00 3.483955e+00 3.596798e+00 4.838100e+00 3.472485e+00 3.900526e+00 3.580473e+00 3.459179e+00 2.715802e+00 4.523001e+00
<GCONST> 1.077230e+02
<STATE> 6
<MEAN> 26
 -4.116241e+00 -1.679220e+00 -1.578877e+00 -8.106825e+00 -5.854167e+00 -5.305687e+00 -1.466210e+01 -3.418240e+00 -1.356622e-01 3.270940e-01 -3.684886e+00 -5.084759e+00 7.315237e+01 1.164519e+00 -1.919232e+00 -1.945681e+00 -3.690423e+00 -1.567890e-01 2.154464e+00 -2.562851e+00 7.936800e-01 9.505435e-01 1.284516e+00 9.225568e-01 -1.030417e+00 2.579635e+00
<VARIANCE> 26
 2.717227e+01 2.859409e+01 3.723731e+01 6.014162e+01 3.781152e+01 6.167264e+01 6.798608e+01 5.160468e+01 5.210485e+01 5.714933e+01 4.784811e+01 3.851908e+01 2.650045e+01 2.602150e+00 1.980412e+00 2.373383e+00 2.960955e+00 4.984771e+00 6.454785e+00 6.465161e+00 6.857060e+00 6.005414e+00 4.273567e+00 5.571422e+00 3.119100e+00 3.391835e+00
<GCONST> 1.150409e+02
<STATE> 7
<MEAN> 26
 9.701779e-01 -2.939947e+00 -4.370619e+00 -1.825454e+01 -5.252331e+00 5.932886e+00 -1.686977e+01 -5.508257e+00 -4.688656e+00 2.698386e+00 1.147630e+00 -5.624206e+00 7.424422e+01 7.917373e-01 4.239014e-01 -5.595238e-01 -1.051387e+00 -1.685743e-01 1.624514e+00 1.486647e+00 1.075751e-01 -1.831542e+00 -1.215941e+00 1.039055e+00 5.177404e-01 -5.855619e-01
<VARIANCE> 26
 1.007170e+01 2.288006e+01 4.102328e+01 6.289903e+01 3.429918e+01 5.964585e+01 6.593156e+01 5.478491e+01 7.365857e+01 5.470607e+01 5.610761e+01 2.803952e+01 1.201486e+01 2.397570e-01 5.981250e-01 6.929594e-01 1.805954e+00 1.470278e+00 2.557741e+00 2.012852e+00 2.499008e+00 1.835671e+00 3.106242e+00 1.843693e+00 1.840090e+00 2.523597e-01
<GCONST> 9.785225e+01
<STATE> 8
<MEAN> 26
 2.955455e+00 -1.347020e+00 -1.672747e+00 -1.407547e+01 -1.056999e+01 7.446639e+00 -9.654260e+00 -3.296390e+00 -6.861715e+00 -4.227614e+00 3.181613e-01 -7.485380e+00 7.178552e+01 -1.982149e-02 1.237794e-01 6.581513e-01 1.167081e+00 -1.754984e-01 -6.135606e-01 5.238757e-01 -7.104117e-02 -1.135881e-01 -8.780275e-02 -1.071550e+00 -1.989904e-01 -5.069387e-01
<VARIANCE> 26
 6.957884e+00 2.368805e+01 3.398148e+01 5.609680e+01 5.041632e+01 3.678077e+01 6.894652e+01 4.496021e+01 5.135349e+01 4.577045e+01 3.959466e+01 2.951510e+01 1.017801e+01 1.885070e-01 4.561862e-01 8.532820e-01 9.104286e-01 1.345363e+00 1.088546e+00 2.811982e+00 1.870612e+00 1.890597e+00 1.831492e+00 2.229985e+00 1.603889e+00 1.621614e-01
<GCONST> 9.318613e+01
<STATE> 9
<MEAN> 26
 9.693118e-01 -1.486885e+00 -3.215535e+00 -1.079126e+01 -7.650331e+00 -4.297583e+00 -1.430463e+01 -7.090189e+00 -1.304618e+01 -4.617912e+00 -8.863394e+00 -5.439955e+00 6.506849e+01 -2.594826e-03 6.931853e-01 1.068143e+00 1.403402e+00 -3.621152e-01 -5.525685e-01 -3.918300e-02 -9.691303e-01 1.750174e-01 1.214536e-01 -5.930200e-01 2.747999e-01 -1.011240e+00
<VARIANCE> 26
 7.103344e+00 3.226836e+01 7.274986e+01 6.172857e+01 4.774649e+01 7.621864e+01 7.735419e+01 6.877502e+01 9.030577e+01 8.815437e+01 4.819028e+01 6.503050e+01 4.993467e+01 3.456307e-01 6.701135e-01 2.038560e+00 1.989795e+00 2.282572e+00 2.297111e+00 3.104998e+00 2.228039e+00 3.405466e+00 2.643016e+00 3.015123e+00 2.237406e+00 4.008758e-01
<GCONST> 1.060718e+02
<STATE> 10
<MEAN> 26
 1.985179e+00 5.169166e+00 4.996148e+00 -1.080028e+00 -7.187903e+00 1.974388e+00 -6.706515e+00 -9.183966e+00 -6.169662e+00 -4.852700e-01 -6.165176e+00 -4.618557e+00 6.322297e+01 -3.811120e-01 5.123438e-01 1.264158e-01 8.015259e-01 9.127084e-01 -2.442178e-01 3.277276e-01 2.587390e-02 1.000893e-01 -6.096148e-02 1.082892e-01 1.029972e-01 -9.816858e-01
<VARIANCE> 26
 7.619351e+00 1.298971e+01 2.256621e+01 4.016481e+01 4.830168e+01 3.933434e+01 4.783117e+01 5.152135e+01 3.734251e+01 5.260431e+01 2.454493e+01 2.898090e+01 1.910921e+01 4.152693e-01 9.755785e-01 1.148178e+00 1.303702e+00 1.885069e+00 1.844830e+00 2.451449e+00 2.735328e+00 2.048022e+00 2.283561e+00 1.746575e+00 1.815585e+00 5.001657e-01
<GCONST> 9.630155e+01
<STATE> 11
<MEAN> 26
 -4.533942e+00 1.610081e+00 1.115741e+00 -2.586536e+00 -3.476800e+00 -1.402159e+00 -5.473151e+00 -5.466161e+00 -4.713104e+00 -2.108392e+00 -3.317019e+00 -3.016211e+00 5.826312e+01 -1.195507e+00 -9.656296e-01 -3.188659e-01 -7.807174e-01 -6.396489e-01 -5.205649e-01 1.282322e-01 4.718528e-01 3.810073e-01 -4.394912e-02 9.012111e-01 4.618596e-01 3.568802e-01
<VARIANCE> 26
 2.365561e+01 3.331244e+01 3.389450e+01 4.731518e+01 3.301494e+01 3.812735e+01 5.216301e+01 3.718012e+01 3.467532e+01 3.012483e+01 2.602584e+01 2.200798e+01 3.970014e+01 1.564048e+00 1.446211e+00 3.096739e+00 2.666610e+00 4.054310e+00 3.380889e+00 4.367418e+00 3.494647e+00 3.317963e+00 3.494850e+00 2.631170e+00 2.275710e+00 2.727126e+00
<GCONST> 1.070400e+02
<TRANSP> 12
 0.000000e+00 1.000000e+00 0.000000e+00 0.000000e+00 0.000000e+00 0.000000e+00 0.000000e+00 0.000000e+00 0.000000e+00 0.000000e+00 0.000000e+00 0.000000e+00
 0.000000e+00 7.643795e-01 2.356205e-01 0.000000e+00 0.000000e+00 0.000000e+00 0.000000e+00 0.000000e+00 0.000000e+00 0.000000e+00 0.000000e+00 0.000000e+00
 0.000000e+00 0.000000e+00 8.540143e-01 1.459857e-01 0.000000e+00 0.000000e+00 0.000000e+00 0.000000e+00 0.000000e+00 0.000000e+00 0.000000e+00 0.000000e+00
 0.000000e+00 0.000000e+00 0.000000e+00 8.455926e-01 1.544075e-01 0.000000e+00 0.000000e+00 0.000000e+00 0.000000e+00 0.000000e+00 0.000000e+00 0.000000e+00
 0.000000e+00 0.000000e+00 0.000000e+00 0.000000e+00 6.671606e-01 3.328395e-01 0.000000e+00 0.000000e+00 0.000000e+00 0.000000e+00 0.000000e+00 0.000000e+00
 0.000000e+00 0.000000e+00 0.000000e+00 0.000000e+00 0.000000e+00 6.755254e-01 3.244746e-01 0.000000e+00 0.000000e+00 0.000000e+00 0.000000e+00 0.000000e+00
 0.000000e+00 0.000000e+00 0.000000e+00 0.000000e+00 0.000000e+00 0.000000e+00 7.105095e-01 2.894906e-01 0.000000e+00 0.000000e+00 0.000000e+00 0.000000e+00
 0.000000e+00 0.000000e+00 0.000000e+00 0.000000e+00 0.000000e+00 0.000000e+00 0.000000e+00 8.214439e-01 1.785561e-01 0.000000e+00 0.000000e+00 0.000000e+00
 0.000000e+00 0.000000e+00 0.000000e+00 0.000000e+00 0.000000e+00 0.000000e+00 0.000000e+00 0.000000e+00 7.631909e-01 2.368091e-01 0.000000e+00 0.000000e+00
 0.000000e+00 0.000000e+00 0.000000e+00 0.000000e+00 0.000000e+00 0.000000e+00 0.000000e+00 0.000000e+00 0.000000e+00 8.170980e-01 1.829020e-01 0.000000e+00
 0.000000e+00 0.000000e+00 0.000000e+00 0.000000e+00 0.000000e+00 0.000000e+00 0.000000e+00 0.000000e+00 0.000000e+00 0.000000e+00 7.673933e-01 2.326067e-01
 0.000000e+00 0.000000e+00 0.000000e+00 0.000000e+00 0.000000e+00 0.000000e+00 0.000000e+00 0.000000e+00 0.000000e+00 0.000000e+00 0.000000e+00 0.000000e+00
<ENDHMM>
