~o
<STREAMINFO> 1 13
<VECSIZE> 13<NULLD><MFCC_0><DIAGC>
~h "rx"
<BEGINHMM>
<NUMSTATES> 6
<STATE> 2
<MEAN> 13
 -2.636508e+00 -1.561107e+00 8.597491e+00 -2.348214e+00 -1.288584e+01 -6.183086e+00 -1.562092e+01 -3.725170e+00 -6.440695e+00 -2.667419e+00 -2.815915e+00 -2.353903e+00 7.074211e+01
<VARIANCE> 13
 2.613088e+01 4.393684e+01 6.344444e+01 8.563832e+01 6.095684e+01 5.291519e+01 5.177533e+01 7.472587e+01 7.560194e+01 4.860919e+01 6.882677e+01 3.868615e+01 3.943799e+01
<GCONST> 7.564926e+01
<STATE> 3
<MEAN> 13
 -2.302947e+01 8.952127e+00 4.529233e+00 -4.009634e+00 -2.866753e+00 -4.097933e+00 -1.736086e+00 -4.272426e+00 -2.450082e+00 -1.114788e+00 -1.215973e+00 2.840391e-01 6.783440e+01
<VARIANCE> 13
 4.773152e+01 2.660096e+01 5.393430e+01 3.043752e+01 2.668613e+01 2.903334e+01 3.105379e+01 3.177471e+01 2.419739e+01 2.601420e+01 2.290968e+01 2.127008e+01 1.729991e+01
<GCONST> 6.747382e+01
<STATE> 4
<MEAN> 13
 -3.939245e+00 4.656072e+00 1.136219e+01 -7.870929e+00 -1.310850e+01 -1.061586e+00 -1.081061e+01 -7.416602e+00 -1.051314e+01 -8.098282e-01 -1.579540e+00 -4.927714e+00 7.008798e+01
<VARIANCE> 13
 1.735904e+01 2.239116e+01 4.989262e+01 8.450294e+01 3.325801e+01 6.316565e+01 6.490740e+01 7.450606e+01 4.554609e+01 7.495456e+01 7.704124e+01 4.426636e+01 1.204591e+01
<GCONST> 7.309464e+01
<STATE> 5
<MEAN> 13
 -1.844968e+00 2.351738e+00 3.891490e+00 -5.548558e-01 -4.811124e+00 -2.638718e+00 -7.031129e+00 -5.308146e+00 -5.290648e+00 -1.700922e+00 -4.585679e+00 -3.803099e+00 6.127575e+01
<VARIANCE> 13
 1.994140e+01 2.945377e+01 4.004336e+01 6.482413e+01 4.340183e+01 5.253007e+01 6.779530e+01 4.958218e+01 4.960187e+01 4.521442e+01 3.614225e+01 3.366923e+01 4.947872e+01
<GCONST> 7.270271e+01
<TRANSP> 6
 0.000000e+00 1.000000e+00 0.000000e+00 0.000000e+00 0.000000e+00 0.000000e+00
 0.000000e+00 9.321389e-01 6.786108e-02 0.000000e+00 0.000000e+00 0.000000e+00
 0.000000e+00 0.000000e+00 9.129093e-01 8.709070e-02 0.000000e+00 0.000000e+00
 0.000000e+00 0.000000e+00 0.000000e+00 8.758399e-01 1.241601e-01 0.000000e+00
 0.000000e+00 0.000000e+00 0.000000e+00 0.000000e+00 9.095089e-01 9.049115e-02
 0.000000e+00 0.000000e+00 0.000000e+00 0.000000e+00 0.000000e+00 0.000000e+00
<ENDHMM>
