~o
<STREAMINFO> 1 13
<VECSIZE> 13<NULLD><MFCC_0><DIAGC>
~h "sil"
<BEGINHMM>
<NUMSTATES> 6
<STATE> 2
<MEAN> 13
 -7.298748e+00 -3.582390e+00 -5.947916e+00 -5.369860e+00 -1.307036e+00 -1.103923e+00 -2.972019e+00 -1.421729e+00 -4.358793e-01 1.013534e+00 -2.734434e+00 -4.347766e+00 5.632813e+01
<VARIANCE> 13
 1.831728e+01 1.425188e+01 1.868080e+01 2.896577e+01 3.274178e+01 2.711107e+01 2.534388e+01 2.552106e+01 2.479206e+01 2.797153e+01 2.211570e+01 2.346946e+01 1.851213e+01
<GCONST> 6.472350e+01
<STATE> 3
<MEAN> 13
 -9.202785e+00 -2.711085e+00 -3.002593e+00 -2.176603e+00 -1.642095e+00 -1.074332e+00 -2.786990e+00 -1.156009e+00 -1.394495e+00 -1.335955e+00 -1.709551e+00 -5.207343e-01 4.916917e+01
<VARIANCE> 13
 8.304609e+00 7.917738e+00 1.067529e+01 1.268327e+01 1.779128e+01 1.839172e+01 1.623840e+01 2.006945e+01 1.770959e+01 1.728542e+01 1.755440e+01 1.599239e+01 2.456469e+01
<GCONST> 5.912642e+01
<STATE> 4
<MEAN> 13
 -1.136271e+01 -5.577067e+00 -2.716433e+00 -3.198225e+00 -1.534655e+00 -2.748906e+00 -3.022849e+00 -1.334067e+00 -2.101090e+00 -2.436697e+00 -3.162363e-01 -6.076505e-01 5.906684e+01
<VARIANCE> 13
 2.195015e+01 3.119448e+01 3.246175e+01 2.898097e+01 4.650431e+01 4.039379e+01 3.540805e+01 4.140133e+01 3.195173e+01 2.953298e+01 2.891231e+01 2.352626e+01 2.595876e+01
<GCONST> 6.872522e+01
<STATE> 5
<MEAN> 13
 -9.006376e+00 -2.506707e+00 -3.371269e+00 -4.539989e+00 -2.871074e+00 -2.337257e+00 -3.978901e+00 -2.393335e+00 -1.553890e+00 -1.703205e+00 -2.454872e+00 -8.818224e-01 5.409068e+01
<VARIANCE> 13
 8.937157e+00 9.203046e+00 1.212050e+01 1.480550e+01 1.589668e+01 1.942313e+01 2.035008e+01 2.168275e+01 2.061330e+01 1.951047e+01 1.946228e+01 1.631986e+01 8.520735e+00
<GCONST> 5.921447e+01
<TRANSP> 6
 0.000000e+00 1.000000e+00 0.000000e+00 0.000000e+00 0.000000e+00 0.000000e+00
 0.000000e+00 8.573434e-01 1.426567e-01 0.000000e+00 0.000000e+00 0.000000e+00
 0.000000e+00 0.000000e+00 9.200204e-01 7.997957e-02 0.000000e+00 0.000000e+00
 0.000000e+00 0.000000e+00 0.000000e+00 8.658921e-01 1.341079e-01 0.000000e+00
 0.000000e+00 0.000000e+00 0.000000e+00 0.000000e+00 9.391914e-01 6.080854e-02
 0.000000e+00 0.000000e+00 0.000000e+00 0.000000e+00 0.000000e+00 0.000000e+00
<ENDHMM>
