~o
<STREAMINFO> 1 13
<VECSIZE> 13<NULLD><MFCC_0><DIAGC>
~h "rx"
<BEGINHMM>
<NUMSTATES> 12
<STATE> 2
<MEAN> 13
 1.814573e+00 5.010049e-01 1.317379e+00 2.071186e+00 -4.182051e+00 -5.859153e+00 -1.659287e+01 -9.793835e+00 -3.536162e+00 -7.986248e-01 -5.490901e+00 -3.514771e+00 6.429607e+01
<VARIANCE> 13
 1.728895e+01 2.835419e+01 3.167132e+01 4.419910e+01 4.594866e+01 6.730978e+01 7.470383e+01 6.938967e+01 5.440362e+01 3.805215e+01 3.719417e+01 2.698322e+01 3.732545e+01
<GCONST> 7.208788e+01
<STATE> 3
<MEAN> 13
 -1.370914e-01 -6.484400e+00 8.353963e+00 -7.817133e-01 -1.529818e+01 -5.946959e+00 -1.921269e+01 8.792700e-01 -2.863932e+00 -5.056740e+00 4.856595e-01 -2.684154e+00 7.376447e+01
<VARIANCE> 13
 1.024048e+01 4.357822e+01 4.534718e+01 4.498429e+01 2.707248e+01 4.369778e+01 6.423599e+01 4.847013e+01 4.767554e+01 4.380972e+01 3.944205e+01 4.297720e+01 1.127765e+01
<GCONST> 7.023590e+01
<STATE> 4
<MEAN> 13
 -7.095016e+00 -1.137684e+00 1.442329e+01 -8.605831e+00 -1.654367e+01 -7.011479e+00 -1.494959e+01 -3.660712e+00 -1.283253e+01 -1.460783e+00 -2.498013e+00 -2.447967e+00 7.218833e+01
<VARIANCE> 13
 1.102563e+01 5.312709e+01 6.312458e+01 8.416252e+01 5.446175e+01 4.474959e+01 3.999550e+01 6.904763e+01 4.176582e+01 4.048329e+01 9.356081e+01 4.208245e+01 3.547981e+01
<GCONST> 7.384549e+01
<STATE> 5
<MEAN> 13
 -1.711772e+01 1.238707e+01 1.029098e+01 1.119797e-01 -1.881637e+00 -5.438912e+00 -2.019244e+00 -4.218785e+00 -3.580217e+00 -1.586176e+00 -8.728066e-01 1.000210e+00 6.932621e+01
<VARIANCE> 13
 2.952056e+01 1.420273e+01 2.444724e+01 1.912947e+01 3.525746e+01 4.355508e+01 3.479193e+01 3.634356e+01 2.596015e+01 2.866548e+01 2.240933e+01 2.163827e+01 1.262967e+01
<GCONST> 6.589002e+01
<STATE> 6
<MEAN> 13
 -2.780595e+01 7.715343e+00 4.922321e-01 -7.093037e+00 -4.380116e+00 -6.656518e+00 -2.970595e+00 -3.902530e+00 -2.659231e+00 5.944710e-02 -1.028480e+00 1.832325e-01 6.821543e+01
<VARIANCE> 13
 9.899466e+00 2.249099e+01 2.943811e+01 2.779651e+01 2.224929e+01 4.438547e+01 3.468594e+01 2.706700e+01 2.567598e+01 2.638381e+01 2.197754e+01 1.817448e+01 1.753773e+01
<GCONST> 6.511777e+01
<STATE> 7
<MEAN> 13
 -1.377392e+01 9.802341e+00 1.074288e+01 -2.681292e+00 -6.242024e+00 -4.915781e+00 -4.741623e+00 -7.260916e+00 -5.412632e+00 -2.741034e+00 -1.815850e+00 -1.399165e+00 6.761157e+01
<VARIANCE> 13
 2.994519e+01 1.905094e+01 2.327044e+01 1.513564e+01 3.302166e+01 4.170910e+01 2.569428e+01 2.966878e+01 2.619613e+01 2.569667e+01 2.255030e+01 2.039039e+01 1.867806e+01
<GCONST> 6.553751e+01
<STATE> 8
<MEAN> 13
 -5.474946e+00 3.263488e+00 1.594971e+01 -9.207767e+00 -1.494538e+01 5.275517e-01 -1.041026e+01 -5.485735e+00 -1.031489e+01 -5.748827e-04 2.580554e+00 -5.366110e+00 7.212646e+01
<VARIANCE> 13
 1.147209e+01 2.070612e+01 2.074785e+01 3.683228e+01 4.091794e+01 5.657896e+01 3.869071e+01 4.724520e+01 3.874100e+01 5.117082e+01 3.372306e+01 3.440747e+01 1.133326e+01
<GCONST> 6.833598e+01
<STATE> 9
<MEAN> 13
 -3.599177e+00 2.862456e+00 4.029070e+00 -1.253835e+01 -1.169153e+01 -6.572805e+00 -1.591477e+01 -1.098198e+01 -1.019222e+01 -5.189543e+00 -9.022186e+00 -4.105194e+00 6.500417e+01
<VARIANCE> 13
 1.650580e+01 2.805035e+01 3.976262e+01 9.852948e+01 3.593650e+01 7.608643e+01 7.463157e+01 6.693259e+01 4.224920e+01 7.028841e+01 6.465508e+01 5.822780e+01 4.716097e+01
<GCONST> 7.481646e+01
<STATE> 10
<MEAN> 13
 8.703715e-01 4.024087e+00 7.162680e+00 2.407088e+00 -6.948258e+00 -3.048155e+00 -5.852065e+00 -6.516376e+00 -7.385683e+00 1.063203e-01 -2.681489e+00 -5.918530e+00 6.587633e+01
<VARIANCE> 13
 7.935541e+00 2.274728e+01 2.830566e+01 3.439954e+01 3.653062e+01 3.870773e+01 4.377252e+01 4.606052e+01 5.224214e+01 4.733710e+01 4.408466e+01 3.545312e+01 2.402337e+01
<GCONST> 6.917900e+01
<STATE> 11
<MEAN> 13
 -5.515542e+00 9.877527e-01 3.310952e+00 -1.696310e+00 -2.953841e+00 -1.046655e+00 -4.849008e+00 -3.039158e+00 -2.356489e+00 -1.549906e+00 -3.270689e+00 -3.121156e+00 5.760419e+01
<VARIANCE> 13
 1.628324e+01 2.227680e+01 4.004279e+01 3.154004e+01 3.517141e+01 3.411909e+01 4.087873e+01 3.499957e+01 3.244722e+01 2.598833e+01 2.025484e+01 2.084208e+01 3.211554e+01
<GCONST> 6.753529e+01
<TRANSP> 12
 0.000000e+00 1.000000e+00 0.000000e+00 0.000000e+00 0.000000e+00 0.000000e+00 0.000000e+00 0.000000e+00 0.000000e+00 0.000000e+00 0.000000e+00 0.000000e+00
 0.000000e+00 7.700694e-01 2.299306e-01 0.000000e+00 0.000000e+00 0.000000e+00 0.000000e+00 0.000000e+00 0.000000e+00 0.000000e+00 0.000000e+00 0.000000e+00
 0.000000e+00 0.000000e+00 8.251696e-01 1.748305e-01 0.000000e+00 0.000000e+00 0.000000e+00 0.000000e+00 0.000000e+00 0.000000e+00 0.000000e+00 0.000000e+00
 0.000000e+00 0.000000e+00 0.000000e+00 8.216757e-01 1.783244e-01 0.000000e+00 0.000000e+00 0.000000e+00 0.000000e+00 0.000000e+00 0.000000e+00 0.000000e+00
 0.000000e+00 0.000000e+00 0.000000e+00 0.000000e+00 7.092732e-01 2.907268e-01 0.000000e+00 0.000000e+00 0.000000e+00 0.000000e+00 0.000000e+00 0.000000e+00
 0.000000e+00 0.000000e+00 0.000000e+00 0.000000e+00 0.000000e+00 8.632075e-01 1.367925e-01 0.000000e+00 0.000000e+00 0.000000e+00 0.000000e+00 0.000000e+00
 0.000000e+00 0.000000e+00 0.000000e+00 0.000000e+00 0.000000e+00 0.000000e+00 4.786517e-01 5.213483e-01 0.000000e+00 0.000000e+00 0.000000e+00 0.000000e+00
 0.000000e+00 0.000000e+00 0.000000e+00 0.000000e+00 0.000000e+00 0.000000e+00 0.000000e+00 8.214011e-01 1.785989e-01 0.000000e+00 0.000000e+00 0.000000e+00
 0.000000e+00 0.000000e+00 0.000000e+00 0.000000e+00 0.000000e+00 0.000000e+00 0.000000e+00 0.000000e+00 7.191283e-01 2.808717e-01 0.000000e+00 0.000000e+00
 0.000000e+00 0.000000e+00 0.000000e+00 0.000000e+00 0.000000e+00 0.000000e+00 0.000000e+00 0.000000e+00 0.000000e+00 8.313953e-01 1.686047e-01 0.000000e+00
 0.000000e+00 0.000000e+00 0.000000e+00 0.000000e+00 0.000000e+00 0.000000e+00 0.000000e+00 0.000000e+00 0.000000e+00 0.000000e+00 7.959543e-01 2.040457e-01
 0.000000e+00 0.000000e+00 0.000000e+00 0.000000e+00 0.000000e+00 0.000000e+00 0.000000e+00 0.000000e+00 0.000000e+00 0.000000e+00 0.000000e+00 0.000000e+00
<ENDHMM>
