~o
<STREAMINFO> 1 13
<VECSIZE> 13<NULLD><MFCC_0><DIAGC>
~h "dd"
<BEGINHMM>
<NUMSTATES> 12
<STATE> 2
<MEAN> 13
 -1.132205e+01 2.166406e+00 1.337278e+00 -3.124982e+00 -6.687880e+00 -3.989762e+00 -3.693134e+00 -6.978953e+00 -4.927423e+00 -1.494882e+00 -1.208322e+00 -1.865643e+00 6.387234e+01
<VARIANCE> 13
 2.282665e+01 2.891638e+01 5.464143e+01 3.399258e+01 3.922022e+01 3.321647e+01 3.663264e+01 3.159164e+01 3.220224e+01 3.593239e+01 3.428894e+01 2.275644e+01 4.728765e+01
<GCONST> 6.970734e+01
<STATE> 3
<MEAN> 13
 -5.670095e+00 1.371971e+00 1.546049e+01 -7.371914e+00 -1.883509e+01 -1.213204e+00 -1.432266e+01 -6.750343e+00 -1.220372e+01 -2.942994e+00 2.171469e+00 -4.650550e+00 7.263323e+01
<VARIANCE> 13
 1.263870e+01 2.944906e+01 4.221056e+01 8.677834e+01 3.382693e+01 4.463282e+01 6.798356e+01 5.639959e+01 5.271232e+01 5.913710e+01 7.053719e+01 4.912126e+01 1.091879e+01
<GCONST> 7.217493e+01
<STATE> 4
<MEAN> 13
 1.927013e+00 3.544608e+00 5.207588e+00 2.531351e+00 -1.569334e+01 -3.394719e+00 -8.345798e+00 -1.252196e+01 -1.080278e+01 8.405689e-01 -4.172828e+00 -7.205584e+00 6.804597e+01
<VARIANCE> 13
 7.615643e+00 1.861022e+01 3.238704e+01 6.069477e+01 3.094244e+01 4.714648e+01 6.705804e+01 5.135157e+01 5.124615e+01 6.617841e+01 7.265459e+01 4.515006e+01 1.187693e+01
<GCONST> 7.055887e+01
<STATE> 5
<MEAN> 13
 1.559189e-01 5.623535e+00 9.035015e+00 1.234187e+00 -8.284024e+00 -1.237972e+00 -1.068023e+01 -1.033430e+01 -7.939437e+00 1.490364e+00 -4.703352e+00 -3.688820e+00 6.207987e+01
<VARIANCE> 13
 1.190399e+01 2.760332e+01 2.001579e+01 5.310475e+01 3.239481e+01 2.475983e+01 4.920767e+01 2.249846e+01 2.676455e+01 2.625204e+01 3.316560e+01 2.094391e+01 1.357007e+01
<GCONST> 6.605876e+01
<STATE> 6
<MEAN> 13
 -5.947651e+00 7.646827e-01 -1.242038e+00 -4.780812e+00 -5.418201e+00 -8.163926e+00 -9.443033e+00 -6.627303e+00 3.417113e-02 -1.686582e+00 -4.997171e+00 -2.529151e+00 7.172952e+01
<VARIANCE> 13
 2.358670e+01 1.658266e+01 3.223788e+01 4.491108e+01 4.967606e+01 3.752740e+01 5.253193e+01 5.560022e+01 7.511284e+01 4.601811e+01 3.466060e+01 3.032652e+01 2.390266e+01
<GCONST> 7.092912e+01
<STATE> 7
<MEAN> 13
 4.170537e-02 -4.808084e+00 -6.792711e-01 -1.790197e+01 -4.001725e+00 3.491656e+00 -2.013664e+01 -1.747231e+00 -7.459142e+00 3.927585e+00 -1.171592e+00 -6.556846e+00 7.350982e+01
<VARIANCE> 13
 7.566961e+00 2.220745e+01 3.568517e+01 5.378633e+01 2.321440e+01 3.092838e+01 3.178532e+01 3.980301e+01 5.836484e+01 4.410269e+01 4.246482e+01 2.846309e+01 1.546251e+01
<GCONST> 6.798471e+01
<STATE> 8
<MEAN> 13
 3.343724e+00 -5.532830e-02 -2.605741e+00 -1.275640e+01 -1.194560e+01 8.474193e+00 -8.771636e+00 -5.321186e+00 -4.469915e+00 -4.307071e+00 1.213588e+00 -7.402644e+00 7.221081e+01
<VARIANCE> 13
 7.835979e+00 1.580290e+01 3.526546e+01 5.782884e+01 3.874875e+01 4.006466e+01 5.843193e+01 5.232257e+01 5.562081e+01 4.746310e+01 5.350015e+01 3.759132e+01 1.232488e+01
<GCONST> 6.970118e+01
<STATE> 9
<MEAN> 13
 -2.308092e-01 -1.158498e+00 -4.999877e+00 -1.267647e+01 -8.725060e+00 -7.905904e+00 -1.504001e+01 -8.878131e+00 -1.297875e+01 -7.423535e+00 -1.090341e+01 -4.459965e+00 6.181334e+01
<VARIANCE> 13
 1.385598e+01 3.709744e+01 5.774845e+01 5.807999e+01 6.054447e+01 6.693404e+01 6.133692e+01 8.215167e+01 7.347025e+01 5.391464e+01 4.947551e+01 6.543808e+01 6.952165e+01
<GCONST> 7.569313e+01
<STATE> 10
<MEAN> 13
 1.911685e+00 5.373133e+00 5.398911e+00 -5.548247e-01 -6.943686e+00 2.073334e+00 -6.527509e+00 -9.391059e+00 -6.723393e+00 -1.329765e-01 -6.271579e+00 -4.478739e+00 6.306509e+01
<VARIANCE> 13
 7.308680e+00 1.407852e+01 2.356608e+01 4.113253e+01 4.401440e+01 3.319428e+01 4.714391e+01 4.796881e+01 4.032911e+01 5.373338e+01 2.338069e+01 2.747336e+01 2.052491e+01
<GCONST> 6.758125e+01
<STATE> 11
<MEAN> 13
 -5.482236e+00 8.667305e-01 6.306235e-01 -3.218773e+00 -2.793311e+00 -9.276367e-01 -4.586200e+00 -4.231438e+00 -3.503502e+00 -1.756701e+00 -2.481052e+00 -2.555728e+00 5.836684e+01
<VARIANCE> 13
 2.002927e+01 3.141083e+01 2.919224e+01 4.370979e+01 3.125677e+01 3.558928e+01 4.646427e+01 2.890653e+01 2.691990e+01 2.544789e+01 2.313208e+01 2.023438e+01 3.821946e+01
<GCONST> 6.802670e+01
<TRANSP> 12
 0.000000e+00 1.000000e+00 0.000000e+00 0.000000e+00 0.000000e+00 0.000000e+00 0.000000e+00 0.000000e+00 0.000000e+00 0.000000e+00 0.000000e+00 0.000000e+00
 0.000000e+00 5.923345e-01 4.076655e-01 0.000000e+00 0.000000e+00 0.000000e+00 0.000000e+00 0.000000e+00 0.000000e+00 0.000000e+00 0.000000e+00 0.000000e+00
 0.000000e+00 0.000000e+00 8.326180e-01 1.673820e-01 0.000000e+00 0.000000e+00 0.000000e+00 0.000000e+00 0.000000e+00 0.000000e+00 0.000000e+00 0.000000e+00
 0.000000e+00 0.000000e+00 0.000000e+00 8.392857e-01 1.607143e-01 0.000000e+00 0.000000e+00 0.000000e+00 0.000000e+00 0.000000e+00 0.000000e+00 0.000000e+00
 0.000000e+00 0.000000e+00 0.000000e+00 0.000000e+00 7.884268e-01 2.115732e-01 0.000000e+00 0.000000e+00 0.000000e+00 0.000000e+00 0.000000e+00 0.000000e+00
 0.000000e+00 0.000000e+00 0.000000e+00 0.000000e+00 0.000000e+00 5.320000e-01 4.680000e-01 0.000000e+00 0.000000e+00 0.000000e+00 0.000000e+00 0.000000e+00
 0.000000e+00 0.000000e+00 0.000000e+00 0.000000e+00 0.000000e+00 0.000000e+00 7.847286e-01 2.152714e-01 0.000000e+00 0.000000e+00 0.000000e+00 0.000000e+00
 0.000000e+00 0.000000e+00 0.000000e+00 0.000000e+00 0.000000e+00 0.000000e+00 0.000000e+00 8.349788e-01 1.650212e-01 0.000000e+00 0.000000e+00 0.000000e+00
 0.000000e+00 0.000000e+00 0.000000e+00 0.000000e+00 0.000000e+00 0.000000e+00 0.000000e+00 0.000000e+00 7.970512e-01 2.029488e-01 0.000000e+00 0.000000e+00
 0.000000e+00 0.000000e+00 0.000000e+00 0.000000e+00 0.000000e+00 0.000000e+00 0.000000e+00 0.000000e+00 0.000000e+00 8.312905e-01 1.687094e-01 0.000000e+00
 0.000000e+00 0.000000e+00 0.000000e+00 0.000000e+00 0.000000e+00 0.000000e+00 0.000000e+00 0.000000e+00 0.000000e+00 0.000000e+00 7.243816e-01 2.756184e-01
 0.000000e+00 0.000000e+00 0.000000e+00 0.000000e+00 0.000000e+00 0.000000e+00 0.000000e+00 0.000000e+00 0.000000e+00 0.000000e+00 0.000000e+00 0.000000e+00
<ENDHMM>
