~o
<STREAMINFO> 1 13
<VECSIZE> 13<NULLD><MFCC_0><DIAGC>
~h "sil"
<BEGINHMM>
<NUMSTATES> 12
<STATE> 2
<MEAN> 13
 -7.637010e+00 -2.360158e+00 -4.220610e+00 -3.104843e+00 1.356043e+00 -7.858908e-01 -1.287059e+00 -4.659927e-01 -9.409316e-01 2.053951e+00 -2.401543e+00 -4.757912e+00 5.808795e+01
<VARIANCE> 13
 3.248449e+01 1.955375e+01 1.631003e+01 2.343407e+01 3.818058e+01 3.073793e+01 2.957580e+01 2.849876e+01 2.769637e+01 2.872639e+01 2.098433e+01 2.699237e+01 2.162435e+01
<GCONST> 6.618921e+01
<STATE> 3
<MEAN> 13
 -7.045035e+00 -4.188800e+00 -6.458693e+00 -6.538962e+00 -3.645988e+00 -1.632869e+00 -3.558319e+00 -2.425583e+00 -4.565030e-01 -4.140679e-01 -2.153001e+00 -2.926375e+00 5.444132e+01
<VARIANCE> 13
 7.557291e+00 1.006335e+01 2.030066e+01 2.138531e+01 2.011190e+01 2.312631e+01 2.005960e+01 2.268051e+01 2.405610e+01 2.410892e+01 2.063707e+01 2.170528e+01 1.181745e+01
<GCONST> 6.149686e+01
<STATE> 4
<MEAN> 13
 -8.793416e+00 -2.976592e+00 -2.391985e+00 -2.047051e+00 -9.170949e-01 -1.195722e+00 -2.317842e+00 -1.412328e+00 -1.145232e+00 -1.499769e+00 -2.342676e+00 -8.642472e-01 5.233323e+01
<VARIANCE> 13
 5.288415e+00 7.685008e+00 9.075109e+00 1.097373e+01 1.648794e+01 1.882845e+01 1.738812e+01 1.837132e+01 1.617261e+01 1.590229e+01 1.614748e+01 1.477982e+01 8.566933e+00
<GCONST> 5.687553e+01
<STATE> 5
<MEAN> 13
 -1.194757e+01 -7.507130e+00 -3.588742e+00 -2.416039e+00 1.997318e-01 -3.416171e+00 -1.840532e+00 -5.193473e-01 -2.501088e+00 -2.417520e+00 -8.257452e-01 3.980477e-01 5.878107e+01
<VARIANCE> 13
 1.353096e+01 2.223650e+01 2.075450e+01 1.745410e+01 4.346117e+01 4.554870e+01 3.265419e+01 3.337391e+01 3.117641e+01 2.643569e+01 2.839416e+01 2.217177e+01 2.689764e+01
<GCONST> 6.652728e+01
<STATE> 6
<MEAN> 13
 -8.423801e+00 -3.192142e+00 -3.686798e+00 -4.857289e+00 -3.143188e+00 -2.697265e+00 -4.433010e+00 -2.558569e+00 -1.731079e+00 -1.755802e+00 -2.707299e+00 -9.658932e-01 5.415604e+01
<VARIANCE> 13
 3.983232e+00 7.411857e+00 7.978958e+00 1.266427e+01 1.374526e+01 1.719568e+01 1.709451e+01 1.982639e+01 2.039765e+01 1.962715e+01 1.687118e+01 1.558376e+01 4.064491e+00
<GCONST> 5.615075e+01
<STATE> 7
<MEAN> 13
 -1.266719e+01 -2.783987e+00 -4.021437e+00 -4.596388e+00 -2.451760e+00 -2.515631e+00 -4.786344e+00 -1.428945e+00 -1.665514e+00 -1.916677e+00 -1.935606e+00 -2.062606e+00 5.614523e+01
<VARIANCE> 13
 1.221720e+01 8.410929e+00 9.804054e+00 1.747592e+01 1.360555e+01 2.026401e+01 1.843677e+01 3.017026e+01 2.277815e+01 2.279344e+01 2.090140e+01 1.581313e+01 1.097517e+01
<GCONST> 6.005750e+01
<STATE> 8
<MEAN> 13
 -7.338248e+00 -2.289898e+00 -1.781236e+00 -5.925755e+00 -5.499790e+00 -2.656363e+00 -5.672834e+00 -3.601554e+00 -1.216941e+00 -2.277782e+00 -1.542932e+00 -2.114220e+00 5.786983e+01
<VARIANCE> 13
 1.577570e+01 2.625232e+01 5.576975e+01 5.272561e+01 2.870192e+01 2.949390e+01 2.873821e+01 4.009249e+01 2.631627e+01 3.129194e+01 3.823844e+01 2.340110e+01 3.100387e+01
<GCONST> 6.863981e+01
<STATE> 9
<MEAN> 13
 -1.057443e+01 -1.734007e+00 -3.780037e+00 -1.482217e+00 -4.366359e-01 3.250711e-01 -2.397314e+00 -4.574256e-01 -1.393864e+00 -1.392998e+00 -1.590338e+00 3.387924e-01 4.545912e+01
<VARIANCE> 13
 1.154164e+01 9.429706e+00 1.708484e+01 1.830138e+01 1.795036e+01 2.054272e+01 1.771418e+01 2.507491e+01 2.164583e+01 1.826822e+01 1.858828e+01 1.582461e+01 5.276362e+01
<GCONST> 6.196364e+01
<STATE> 10
<MEAN> 13
 -8.595759e+00 -2.744734e+00 -3.143064e+00 -3.405464e+00 -3.103150e+00 -1.493559e+00 -2.953259e+00 -1.431638e+00 -9.077805e-01 -1.022573e+00 -1.546157e+00 -5.523213e-01 4.987470e+01
<VARIANCE> 13
 7.444580e+00 4.933311e+00 7.827420e+00 1.065556e+01 1.219255e+01 1.488029e+01 1.588023e+01 1.798031e+01 1.704580e+01 1.705297e+01 1.736085e+01 1.566621e+01 6.790916e+00
<GCONST> 5.596836e+01
<STATE> 11
<MEAN> 13
 -9.246575e+00 -1.932528e+00 -2.696440e+00 -2.676236e+00 -5.852334e-01 -1.562068e+00 -3.622144e+00 -2.676530e+00 -2.683282e+00 -1.955181e+00 -1.354342e+00 -5.164959e-01 5.537846e+01
<VARIANCE> 13
 1.715703e+01 3.333444e+01 3.196192e+01 2.310803e+01 3.972043e+01 3.562043e+01 3.121909e+01 2.893993e+01 2.760676e+01 2.809021e+01 3.161069e+01 2.550363e+01 3.060814e+01
<GCONST> 6.767422e+01
<TRANSP> 12
 0.000000e+00 1.000000e+00 0.000000e+00 0.000000e+00 0.000000e+00 0.000000e+00 0.000000e+00 0.000000e+00 0.000000e+00 0.000000e+00 0.000000e+00 0.000000e+00
 0.000000e+00 7.164179e-01 2.835821e-01 0.000000e+00 0.000000e+00 0.000000e+00 0.000000e+00 0.000000e+00 0.000000e+00 0.000000e+00 0.000000e+00 0.000000e+00
 0.000000e+00 0.000000e+00 7.583466e-01 2.416534e-01 0.000000e+00 0.000000e+00 0.000000e+00 0.000000e+00 0.000000e+00 0.000000e+00 0.000000e+00 0.000000e+00
 0.000000e+00 0.000000e+00 0.000000e+00 8.189399e-01 1.810602e-01 0.000000e+00 0.000000e+00 0.000000e+00 0.000000e+00 0.000000e+00 0.000000e+00 0.000000e+00
 0.000000e+00 0.000000e+00 0.000000e+00 0.000000e+00 7.812949e-01 2.187050e-01 0.000000e+00 0.000000e+00 0.000000e+00 0.000000e+00 0.000000e+00 0.000000e+00
 0.000000e+00 0.000000e+00 0.000000e+00 0.000000e+00 0.000000e+00 8.678835e-01 1.321165e-01 0.000000e+00 0.000000e+00 0.000000e+00 0.000000e+00 0.000000e+00
 0.000000e+00 0.000000e+00 0.000000e+00 0.000000e+00 0.000000e+00 0.000000e+00 7.774524e-01 2.225476e-01 0.000000e+00 0.000000e+00 0.000000e+00 0.000000e+00
 0.000000e+00 0.000000e+00 0.000000e+00 0.000000e+00 0.000000e+00 0.000000e+00 0.000000e+00 6.666667e-01 3.333333e-01 0.000000e+00 0.000000e+00 0.000000e+00
 0.000000e+00 0.000000e+00 0.000000e+00 0.000000e+00 0.000000e+00 0.000000e+00 0.000000e+00 0.000000e+00 6.800000e-01 3.200000e-01 0.000000e+00 0.000000e+00
 0.000000e+00 0.000000e+00 0.000000e+00 0.000000e+00 0.000000e+00 0.000000e+00 0.000000e+00 0.000000e+00 0.000000e+00 8.735441e-01 1.264559e-01 0.000000e+00
 0.000000e+00 0.000000e+00 0.000000e+00 0.000000e+00 0.000000e+00 0.000000e+00 0.000000e+00 0.000000e+00 0.000000e+00 0.000000e+00 5.730337e-01 4.269663e-01
 0.000000e+00 0.000000e+00 0.000000e+00 0.000000e+00 0.000000e+00 0.000000e+00 0.000000e+00 0.000000e+00 0.000000e+00 0.000000e+00 0.000000e+00 0.000000e+00
<ENDHMM>
