~o
<STREAMINFO> 1 13
<VECSIZE> 13<NULLD><MFCC_0><DIAGC>
~h "\350\212\257"
<BEGINHMM>
<NUMSTATES> 6
<STATE> 2
<MEAN> 13
 -5.799920e+00 9.615344e+00 -4.948978e+00 -1.440544e+01 -2.591984e+00 -1.924357e+01 -3.629540e+00 -3.196729e-01 -4.955821e+00 -5.797284e+00 -3.447219e+00 -7.289640e+00 6.706576e+01
<VARIANCE> 13
 5.859650e+00 1.306462e+01 1.622868e+01 4.411511e+01 5.876436e+00 5.714893e+01 9.848256e+00 1.384680e+01 1.984450e+01 6.236080e+00 1.593627e+01 1.256317e+01 2.047676e+01
<GCONST> 5.867288e+01
<STATE> 3
<MEAN> 13
 -3.441163e+00 1.018562e+01 -4.761127e+00 -1.326184e+01 -5.798446e+00 -2.030822e+01 -2.493761e+00 -4.899798e+00 -6.628391e+00 -2.990644e-01 -5.755304e+00 -7.220304e+00 6.748796e+01
<VARIANCE> 13
 1.106097e+00 4.791284e+00 6.011559e+00 1.206796e+01 1.865796e+01 2.149531e+01 4.344361e+00 1.412366e+01 1.448238e+01 6.374725e+00 1.359773e+01 6.454353e+00 3.025809e+00
<GCONST> 5.006222e+01
<STATE> 4
<MEAN> 13
 -7.735353e-01 4.243842e+00 4.185119e+00 -8.190872e+00 -6.186967e+00 -8.580208e+00 -5.596371e+00 -9.171961e+00 -3.100346e+00 -8.137580e+00 -7.931098e+00 -5.736067e+00 6.087696e+01
<VARIANCE> 13
 1.688177e+00 5.916603e+00 8.512145e+00 1.734431e+01 2.805947e+01 1.709264e+01 8.961083e+00 8.624608e+00 2.093395e+01 1.184667e+01 1.932564e+01 9.121110e+00 6.674296e+00
<GCONST> 5.429276e+01
<STATE> 5
<MEAN> 13
 -5.900252e+00 -3.605102e+00 3.043388e+00 -4.535011e+00 8.129315e-01 -6.975443e+00 1.751053e+00 -4.301813e+00 1.612026e+00 9.819936e-01 -5.695355e+00 -2.747995e+00 5.626466e+01
<VARIANCE> 13
 2.682480e+00 8.473641e+00 6.002798e+00 7.292024e+00 8.006076e+00 8.326404e+00 1.510113e+01 9.887808e+00 2.811284e+01 8.725070e+00 1.485032e+01 2.893928e+01 1.508685e+00
<GCONST> 5.197770e+01
<TRANSP> 6
 0.000000e+00 1.000000e+00 0.000000e+00 0.000000e+00 0.000000e+00 0.000000e+00
 0.000000e+00 8.400000e-01 1.600000e-01 0.000000e+00 0.000000e+00 0.000000e+00
 0.000000e+00 0.000000e+00 8.260869e-01 1.739130e-01 0.000000e+00 0.000000e+00
 0.000000e+00 0.000000e+00 0.000000e+00 8.571429e-01 1.428571e-01 0.000000e+00
 0.000000e+00 0.000000e+00 0.000000e+00 0.000000e+00 7.894737e-01 2.105263e-01
 0.000000e+00 0.000000e+00 0.000000e+00 0.000000e+00 0.000000e+00 0.000000e+00
<ENDHMM>
