~o
<STREAMINFO> 1 26
<VECSIZE> 26<NULLD><MFCC_D_0><DIAGC>
~h "rx"
<BEGINHMM>
<NUMSTATES> 12
<STATE> 2
<MEAN> 26
 1.785105e+00 -1.729612e+00 1.758921e+00 1.284369e+00 -6.640038e+00 -5.538634e+00 -1.809057e+01 -8.165412e+00 -3.090382e+00 -1.180978e+00 -5.138553e+00 -3.479458e+00 6.611226e+01 3.033145e-01 -1.161620e+00 5.088599e-01 -3.340824e-01 -1.307781e+00 -5.743339e-01 -1.638164e+00 1.098433e+00 2.892082e-01 -2.653087e-01 1.776865e-01 8.782146e-02 1.821763e+00
<VARIANCE> 26
 1.623755e+01 4.372710e+01 3.585369e+01 5.253795e+01 6.169133e+01 6.564471e+01 7.842214e+01 6.940689e+01 5.394641e+01 3.896093e+01 4.059263e+01 3.473993e+01 4.257254e+01 2.153704e+00 2.702325e+00 2.483628e+00 4.298513e+00 4.778480e+00 4.720576e+00 5.771109e+00 5.990437e+00 4.013031e+00 2.888510e+00 3.500548e+00 2.774230e+00 2.133518e+00
<GCONST> 1.137225e+02
<STATE> 3
<MEAN> 26
 -1.377249e+00 -6.789134e+00 9.479844e+00 -2.877204e+00 -1.640865e+01 -7.260844e+00 -1.808592e+01 2.524972e+00 -5.296839e+00 -4.298255e+00 6.189173e-01 -2.869782e+00 7.466205e+01 -1.037222e+00 6.450282e-01 1.799331e+00 -4.682883e-01 -9.025318e-01 -1.763992e-01 1.239668e+00 2.635414e-01 -1.555360e+00 -3.172504e-01 1.125210e+00 2.018967e-01 3.692781e-01
<VARIANCE> 26
 1.063763e+01 4.410009e+01 4.067631e+01 5.127660e+01 3.152846e+01 3.656845e+01 5.386432e+01 4.476322e+01 6.266462e+01 3.772500e+01 4.328537e+01 4.159396e+01 1.142834e+01 3.658026e-01 9.365033e-01 1.136641e+00 1.972009e+00 1.587684e+00 1.874853e+00 1.792146e+00 3.400112e+00 1.892021e+00 2.322224e+00 1.924772e+00 1.329679e+00 4.501111e-01
<GCONST> 9.837199e+01
<STATE> 4
<MEAN> 26
 -7.024050e+00 -5.428690e-01 1.543708e+01 -7.866962e+00 -1.658887e+01 -6.134122e+00 -1.507017e+01 -4.479580e+00 -1.231452e+01 -2.400840e+00 -1.885404e+00 -2.219775e+00 7.209741e+01 -8.837120e-01 2.142208e+00 3.126506e-01 3.959864e-01 1.403896e+00 8.017387e-02 8.082325e-01 -1.079924e+00 3.123707e-01 2.351164e-01 -3.725585e-01 2.845780e-01 -7.780032e-01
<VARIANCE> 26
 1.208249e+01 3.989781e+01 5.286307e+01 9.967208e+01 4.950228e+01 4.803443e+01 4.233919e+01 6.567111e+01 4.888879e+01 5.397059e+01 9.757591e+01 3.958590e+01 3.158544e+01 8.203169e-01 1.261829e+00 2.895032e+00 2.347169e+00 3.130214e+00 2.415571e+00 3.480657e+00 2.755579e+00 3.404718e+00 3.202086e+00 2.129836e+00 2.356362e+00 4.075552e-01
<GCONST> 1.071657e+02
<STATE> 5
<MEAN> 26
 -1.477338e+01 1.144602e+01 1.121432e+01 -3.604630e-01 -4.173851e+00 -6.419412e+00 -4.289320e+00 -4.727293e+00 -4.625117e+00 -2.199006e+00 -8.645620e-01 4.897853e-01 6.926559e+01 -3.944667e+00 1.627087e+00 -2.482283e+00 -4.271392e-03 2.802855e+00 6.510250e-01 2.581558e+00 3.399132e-01 1.699536e+00 7.803745e-01 -3.794753e-01 3.244530e-01 -5.128133e-01
<VARIANCE> 26
 3.636127e+01 2.084923e+01 3.253568e+01 2.520174e+01 4.122244e+01 3.925407e+01 4.227456e+01 3.916098e+01 2.943895e+01 3.229460e+01 2.704753e+01 2.391992e+01 1.917272e+01 1.032506e+00 4.386788e+00 3.323764e+00 4.476897e+00 3.749888e+00 2.904088e+00 3.636064e+00 3.227973e+00 3.296406e+00 3.398212e+00 2.954129e+00 2.114807e+00 5.157664e-01
<GCONST> 1.048561e+02
<STATE> 6
<MEAN> 26
 -2.781815e+01 8.482196e+00 7.539991e-01 -6.589795e+00 -3.741518e+00 -6.432415e+00 -2.770514e+00 -3.690699e+00 -2.600252e+00 -2.786119e-02 -8.303210e-01 3.105483e-01 6.855980e+01 -3.958712e-01 -7.679752e-01 -3.975497e-01 -6.421936e-01 -3.966496e-01 -2.091286e-02 -7.527906e-02 -1.379224e-01 -1.171906e-02 3.332255e-02 -4.382825e-02 -9.548751e-02 -2.028835e-01
<VARIANCE> 26
 1.027820e+01 2.125581e+01 3.230687e+01 3.013438e+01 2.380452e+01 4.753570e+01 3.662163e+01 2.737711e+01 2.475403e+01 2.646280e+01 2.146280e+01 1.877140e+01 1.493934e+01 2.647188e+00 1.034974e+00 2.888387e+00 1.882678e+00 1.728736e+00 1.684646e+00 1.575087e+00 1.866162e+00 1.689731e+00 1.881631e+00 1.720852e+00 1.399265e+00 2.279487e-01
<GCONST> 9.458674e+01
<STATE> 7
<MEAN> 26
 -1.510642e+01 7.141807e+00 9.485918e+00 -5.083033e+00 -7.977216e+00 -4.882102e+00 -5.486965e+00 -5.965244e+00 -5.963262e+00 -2.218355e+00 -1.180654e+00 -1.018896e+00 6.823256e+01 4.413343e+00 -2.061469e-01 2.551911e+00 -7.435329e-02 -2.247257e+00 3.303681e-01 -1.804864e+00 -5.447889e-01 -1.673252e+00 -4.382774e-01 4.261093e-01 -5.179056e-01 7.797914e-01
<VARIANCE> 26
 6.858199e+01 2.607601e+01 4.967437e+01 3.702925e+01 4.951867e+01 4.263388e+01 4.321492e+01 4.287082e+01 3.904211e+01 2.729867e+01 2.994084e+01 2.151229e+01 2.336057e+01 2.197094e+00 2.731453e+00 3.623032e+00 5.553720e+00 3.995559e+00 4.304366e+00 3.319337e+00 3.773922e+00 3.316343e+00 4.072931e+00 3.667889e+00 2.681392e+00 1.082527e+00
<GCONST> 1.096957e+02
<STATE> 8
<MEAN> 26
 -5.318096e+00 3.435564e+00 1.572798e+01 -9.827425e+00 -1.634345e+01 5.781232e-02 -9.645607e+00 -5.810610e+00 -1.064149e+01 -3.102190e-01 3.184875e+00 -5.180758e+00 7.233559e+01 6.674581e-01 -3.882433e-01 -4.316915e-01 -5.811510e-01 1.699642e-01 1.197005e+00 -2.369457e-01 -1.358481e-01 2.799525e-02 8.449425e-01 -2.209107e-01 -1.151757e+00 -8.982979e-02
<VARIANCE> 26
 1.171626e+01 1.754399e+01 2.197912e+01 4.660514e+01 3.765911e+01 5.332838e+01 3.942792e+01 4.873001e+01 3.206073e+01 4.598847e+01 3.740997e+01 3.274683e+01 1.064538e+01 4.098770e-01 7.538866e-01 1.062450e+00 2.117344e+00 2.231907e+00 2.371022e+00 2.028406e+00 1.800938e+00 1.810823e+00 1.828071e+00 2.183739e+00 1.694313e+00 3.909546e-01
<GCONST> 9.614426e+01
<STATE> 9
<MEAN> 26
 -3.227317e+00 2.974146e+00 8.631815e+00 -9.269408e+00 -1.024250e+01 -1.663656e+00 -1.316106e+01 -7.709536e+00 -8.924223e+00 -6.777446e-01 -4.723296e+00 -6.348356e+00 6.738209e+01 7.619089e-01 -1.581123e-01 -1.062356e+00 1.779161e+00 8.191224e-01 -1.261183e+00 6.331735e-01 2.251627e-01 1.038906e-01 -5.037314e-01 -4.577805e-01 2.069118e-01 -8.709949e-01
<VARIANCE> 26
 1.454527e+01 2.660452e+01 4.199043e+01 9.726704e+01 3.797626e+01 6.446496e+01 8.036967e+01 6.380973e+01 5.208005e+01 7.110066e+01 6.963585e+01 4.591343e+01 3.317574e+01 4.154526e-01 8.929085e-01 1.085792e+00 2.061485e+00 1.823056e+00 2.560731e+00 2.557183e+00 2.216513e+00 2.526289e+00 2.689629e+00 2.343961e+00 2.392593e+00 3.504193e-01
<GCONST> 1.038739e+02
<STATE> 10
<MEAN> 26
 6.512989e-01 3.810275e+00 5.773874e+00 1.513151e+00 -6.890778e+00 -4.605832e+00 -6.901325e+00 -7.622907e+00 -7.552156e+00 -1.596967e+00 -4.241799e+00 -5.043778e+00 6.469326e+01 -1.269003e-01 -1.226532e-01 -1.198924e-01 3.378285e-01 6.779610e-01 4.631982e-01 -1.241876e-01 4.327240e-02 6.268119e-01 -8.707976e-02 -3.941181e-01 1.802123e-01 -6.188959e-01
<VARIANCE> 26
 8.574712e+00 2.385029e+01 3.433073e+01 4.189719e+01 3.692309e+01 5.255264e+01 4.818640e+01 4.653577e+01 5.240231e+01 5.799803e+01 4.731216e+01 4.041857e+01 2.879485e+01 6.083576e-01 9.732096e-01 1.006744e+00 1.555828e+00 1.959720e+00 1.876515e+00 2.618060e+00 3.473234e+00 2.642706e+00 2.474288e+00 2.344305e+00 1.764186e+00 7.083600e-01
<GCONST> 1.009852e+02
<STATE> 11
<MEAN> 26
 -5.560181e+00 6.526914e-01 2.692177e+00 -1.722524e+00 -3.055619e+00 -1.118646e+00 -4.729726e+00 -3.170259e+00 -2.448707e+00 -1.621717e+00 -3.333964e+00 -3.042815e+00 5.728848e+01 -7.149640e-01 -1.012310e+00 -1.019866e+00 -9.015844e-01 -5.295530e-01 -3.842965e-01 -1.142912e-01 2.266361e-01 4.957562e-01 1.837045e-01 3.721396e-01 3.567969e-01 -4.874633e-01
<VARIANCE> 26
 1.769507e+01 2.225688e+01 3.962148e+01 3.549123e+01 3.675747e+01 3.736041e+01 4.583051e+01 3.825848e+01 3.297154e+01 2.812237e+01 2.201071e+01 2.060566e+01 3.332505e+01 6.648813e-01 1.099955e+00 1.447096e+00 2.142506e+00 2.135561e+00 2.317024e+00 2.726910e+00 2.783797e+00 2.443550e+00 2.053893e+00 2.047471e+00 1.816493e+00 6.936056e-01
<GCONST> 9.916479e+01
<TRANSP> 12
 0.000000e+00 1.000000e+00 0.000000e+00 0.000000e+00 0.000000e+00 0.000000e+00 0.000000e+00 0.000000e+00 0.000000e+00 0.000000e+00 0.000000e+00 0.000000e+00
 0.000000e+00 8.261961e-01 1.738040e-01 0.000000e+00 0.000000e+00 0.000000e+00 0.000000e+00 0.000000e+00 0.000000e+00 0.000000e+00 0.000000e+00 0.000000e+00
 0.000000e+00 0.000000e+00 7.913718e-01 2.086282e-01 0.000000e+00 0.000000e+00 0.000000e+00 0.000000e+00 0.000000e+00 0.000000e+00 0.000000e+00 0.000000e+00
 0.000000e+00 0.000000e+00 0.000000e+00 7.796975e-01 2.203024e-01 0.000000e+00 0.000000e+00 0.000000e+00 0.000000e+00 0.000000e+00 0.000000e+00 0.000000e+00
 0.000000e+00 0.000000e+00 0.000000e+00 0.000000e+00 7.168332e-01 2.831668e-01 0.000000e+00 0.000000e+00 0.000000e+00 0.000000e+00 0.000000e+00 0.000000e+00
 0.000000e+00 0.000000e+00 0.000000e+00 0.000000e+00 0.000000e+00 8.504279e-01 1.495721e-01 0.000000e+00 0.000000e+00 0.000000e+00 0.000000e+00 0.000000e+00
 0.000000e+00 0.000000e+00 0.000000e+00 0.000000e+00 0.000000e+00 0.000000e+00 7.576951e-01 2.423048e-01 0.000000e+00 0.000000e+00 0.000000e+00 0.000000e+00
 0.000000e+00 0.000000e+00 0.000000e+00 0.000000e+00 0.000000e+00 0.000000e+00 0.000000e+00 7.375584e-01 2.624416e-01 0.000000e+00 0.000000e+00 0.000000e+00
 0.000000e+00 0.000000e+00 0.000000e+00 0.000000e+00 0.000000e+00 0.000000e+00 0.000000e+00 0.000000e+00 7.954376e-01 2.045624e-01 0.000000e+00 0.000000e+00
 0.000000e+00 0.000000e+00 0.000000e+00 0.000000e+00 0.000000e+00 0.000000e+00 0.000000e+00 0.000000e+00 0.000000e+00 8.221312e-01 1.778688e-01 0.000000e+00
 0.000000e+00 0.000000e+00 0.000000e+00 0.000000e+00 0.000000e+00 0.000000e+00 0.000000e+00 0.000000e+00 0.000000e+00 0.000000e+00 7.819027e-01 2.180973e-01
 0.000000e+00 0.000000e+00 0.000000e+00 0.000000e+00 0.000000e+00 0.000000e+00 0.000000e+00 0.000000e+00 0.000000e+00 0.000000e+00 0.000000e+00 0.000000e+00
<ENDHMM>
