~o
<STREAMINFO> 1 26
<VECSIZE> 26<NULLD><MFCC_D_0><DIAGC>
~h "dd"
<BEGINHMM>
<NUMSTATES> 12
<STATE> 2
<MEAN> 26
 -9.084243e+00 1.909549e+00 7.691384e+00 -3.458903e+00 -1.193669e+01 -3.894941e+00 -7.791251e+00 -6.709680e+00 -7.740225e+00 -2.787027e+00 5.295550e-01 -2.570657e+00 6.709035e+01 5.355697e-01 9.592853e-02 3.226730e+00 -7.870262e-01 -3.022520e+00 1.404374e-01 -1.938213e+00 -1.261774e-01 -1.631172e+00 -4.477510e-01 9.625641e-01 -3.556523e-01 2.705545e+00
<VARIANCE> 26
 2.529144e+01 2.888153e+01 1.021239e+02 5.024502e+01 7.529288e+01 3.283656e+01 6.416725e+01 3.898812e+01 4.996641e+01 3.952935e+01 4.112241e+01 2.888126e+01 4.867039e+01 3.757801e+00 3.089299e+00 7.436330e+00 4.832782e+00 4.344706e+00 4.374331e+00 5.811545e+00 4.051529e+00 4.678315e+00 4.481137e+00 4.368979e+00 3.604520e+00 2.675997e+00
<GCONST> 1.160335e+02
<STATE> 3
<MEAN> 26
 -3.558421e+00 2.046851e+00 1.091293e+01 -6.301869e+00 -1.713984e+01 -2.110903e+00 -1.224228e+01 -7.892622e+00 -1.226255e+01 -1.750397e+00 -6.567491e-01 -5.425098e+00 7.095538e+01 1.128283e+00 1.617098e-01 -1.372820e+00 1.087192e+00 7.269251e-01 -5.807340e-02 5.549744e-01 -7.874510e-01 1.050117e-01 7.719411e-01 -9.010221e-01 -3.838988e-01 -7.417479e-01
<VARIANCE> 26
 2.179206e+01 2.787330e+01 6.705065e+01 1.248693e+02 4.425477e+01 5.075199e+01 8.278705e+01 5.849688e+01 5.283587e+01 6.450509e+01 1.123845e+02 5.608381e+01 2.165290e+01 7.702942e-01 8.612163e-01 2.045314e+00 4.880186e+00 2.866565e+00 4.542614e+00 3.531190e+00 3.874989e+00 2.884119e+00 3.393773e+00 3.554010e+00 2.276821e+00 7.795528e-01
<GCONST> 1.105829e+02
<STATE> 4
<MEAN> 26
 1.876498e+00 3.732881e+00 6.408858e+00 8.941095e-01 -1.384676e+01 -2.491682e+00 -1.113338e+01 -1.355146e+01 -9.681690e+00 1.097940e+00 -5.594057e+00 -5.050728e+00 6.495895e+01 -8.034359e-03 5.183091e-01 2.009284e-01 1.498180e-02 4.803399e-01 1.513239e-01 -1.226203e-01 -5.032225e-02 2.842227e-01 -9.201486e-02 -3.370787e-01 2.334195e-01 -7.057895e-01
<VARIANCE> 26
 5.837706e+00 2.588935e+01 3.687102e+01 6.901117e+01 3.535219e+01 4.281946e+01 6.233367e+01 3.689742e+01 3.861906e+01 5.238011e+01 5.205134e+01 4.395970e+01 2.658924e+01 3.157864e-01 5.850080e-01 6.680813e-01 8.292876e-01 1.395460e+00 1.379414e+00 1.480091e+00 1.962662e+00 1.629808e+00 1.395239e+00 1.599956e+00 1.115111e+00 2.540613e-01
<GCONST> 9.380817e+01
<STATE> 5
<MEAN> 26
 -9.003460e-01 6.007243e+00 6.887706e+00 1.100928e+00 -7.646956e+00 -3.074885e+00 -8.726611e+00 -1.050833e+01 -8.075419e+00 -9.551145e-01 -5.786071e+00 -4.714820e+00 6.110445e+01 -1.802216e+00 -1.062080e+00 -1.428830e+00 -1.183644e+00 1.779727e+00 -1.054017e+00 9.320177e-02 1.770814e+00 1.736187e+00 -6.232601e-01 5.357730e-01 2.987755e-01 1.338788e+00
<VARIANCE> 26
 1.679977e+01 1.915242e+01 2.889338e+01 4.270024e+01 4.140485e+01 4.024718e+01 4.164894e+01 3.481964e+01 3.057573e+01 4.314396e+01 3.185740e+01 2.632120e+01 2.604641e+01 1.392326e+00 2.200616e+00 2.740584e+00 3.684373e+00 3.476821e+00 3.587711e+00 4.820093e+00 3.472037e+00 3.894995e+00 3.573956e+00 3.455152e+00 2.713043e+00 4.530974e+00
<GCONST> 1.077060e+02
<STATE> 6
<MEAN> 26
 -4.119257e+00 -1.672810e+00 -1.573296e+00 -8.095582e+00 -5.850326e+00 -5.308115e+00 -1.465291e+01 -3.421131e+00 -1.388159e-01 3.236068e-01 -3.685339e+00 -5.081454e+00 7.314634e+01 1.162550e+00 -1.920215e+00 -1.946573e+00 -3.690572e+00 -1.558636e-01 2.151411e+00 -2.564250e+00 7.962838e-01 9.530199e-01 1.283227e+00 9.221293e-01 -1.030144e+00 2.581786e+00
<VARIANCE> 26
 2.716323e+01 2.860671e+01 3.725182e+01 6.016450e+01 3.781093e+01 6.163926e+01 6.800665e+01 5.159210e+01 5.207931e+01 5.712470e+01 4.781289e+01 3.850909e+01 2.652938e+01 2.604540e+00 1.979764e+00 2.373493e+00 2.961042e+00 4.984133e+00 6.462365e+00 6.464615e+00 6.859165e+00 6.005868e+00 4.276630e+00 5.571598e+00 3.118070e+00 3.389508e+00
<GCONST> 1.150422e+02
<STATE> 7
<MEAN> 26
 9.690127e-01 -2.941031e+00 -4.370417e+00 -1.825309e+01 -5.252151e+00 5.930307e+00 -1.687168e+01 -5.509173e+00 -4.685760e+00 2.700433e+00 1.145340e+00 -5.625574e+00 7.424439e+01 7.921227e-01 4.236834e-01 -5.598643e-01 -1.052727e+00 -1.682845e-01 1.625722e+00 1.486145e+00 1.069960e-01 -1.831882e+00 -1.215272e+00 1.039863e+00 5.176832e-01 -5.854332e-01
<VARIANCE> 26
 1.007242e+01 2.288109e+01 4.102924e+01 6.289980e+01 3.430047e+01 5.964928e+01 6.594202e+01 5.478577e+01 7.365952e+01 5.470655e+01 5.612051e+01 2.804217e+01 1.202450e+01 2.400060e-01 5.984926e-01 6.931500e-01 1.805726e+00 1.470944e+00 2.558094e+00 2.013486e+00 2.499732e+00 1.836097e+00 3.108094e+00 1.843534e+00 1.840458e+00 2.525685e-01
<GCONST> 9.785871e+01
<STATE> 8
<MEAN> 26
 2.955429e+00 -1.347284e+00 -1.673742e+00 -1.407765e+01 -1.056899e+01 7.447215e+00 -9.655914e+00 -3.296208e+00 -6.861933e+00 -4.227050e+00 3.197524e-01 -7.484612e+00 7.178618e+01 -1.967650e-02 1.237817e-01 6.578336e-01 1.166878e+00 -1.756282e-01 -6.133518e-01 5.242427e-01 -7.071757e-02 -1.138814e-01 -8.822622e-02 -1.071172e+00 -1.991241e-01 -5.069142e-01
<VARIANCE> 26
 6.958096e+00 2.368806e+01 3.398262e+01 5.610532e+01 5.041575e+01 3.678680e+01 6.894643e+01 4.495801e+01 5.134985e+01 4.577032e+01 3.959448e+01 2.951663e+01 1.017820e+01 1.885354e-01 4.561702e-01 8.531717e-01 9.102745e-01 1.345270e+00 1.088623e+00 2.811935e+00 1.870714e+00 1.890587e+00 1.831914e+00 2.229922e+00 1.603673e+00 1.621270e-01
<GCONST> 9.318613e+01
<STATE> 9
<MEAN> 26
 9.694601e-01 -1.486913e+00 -3.215383e+00 -1.079141e+01 -7.649984e+00 -4.296530e+00 -1.430394e+01 -7.089695e+00 -1.304644e+01 -4.617429e+00 -8.862761e+00 -5.439939e+00 6.506934e+01 -2.605849e-03 6.931305e-01 1.068200e+00 1.403471e+00 -3.621312e-01 -5.525740e-01 -3.918621e-02 -9.691364e-01 1.750304e-01 1.215238e-01 -5.932742e-01 2.749177e-01 -1.011207e+00
<VARIANCE> 26
 7.103448e+00 3.226716e+01 7.274751e+01 6.172799e+01 4.774568e+01 7.622163e+01 7.735873e+01 6.877419e+01 9.031158e+01 8.815267e+01 4.819187e+01 6.502839e+01 4.993365e+01 3.456074e-01 6.700877e-01 2.038493e+00 1.989760e+00 2.282551e+00 2.297085e+00 3.105111e+00 2.227999e+00 3.405270e+00 2.643019e+00 3.015253e+00 2.237409e+00 4.008497e-01
<GCONST> 1.060716e+02
<STATE> 10
<MEAN> 26
 1.985307e+00 5.169076e+00 4.995885e+00 -1.079952e+00 -7.188253e+00 1.974429e+00 -6.706348e+00 -9.184037e+00 -6.169731e+00 -4.850600e-01 -6.165248e+00 -4.618911e+00 6.322316e+01 -3.811527e-01 5.123421e-01 1.264657e-01 8.015531e-01 9.127033e-01 -2.443044e-01 3.276752e-01 2.590124e-02 1.001398e-01 -6.103677e-02 1.083117e-01 1.030294e-01 -9.816501e-01
<VARIANCE> 26
 7.619446e+00 1.298964e+01 2.256656e+01 4.016517e+01 4.830388e+01 3.933466e+01 4.783360e+01 5.152050e+01 3.734337e+01 5.260579e+01 2.454461e+01 2.898240e+01 1.910965e+01 4.153579e-01 9.756144e-01 1.148254e+00 1.303798e+00 1.885106e+00 1.845084e+00 2.451579e+00 2.735456e+00 2.048050e+00 2.283903e+00 1.746649e+00 1.815601e+00 5.001988e-01
<GCONST> 9.630273e+01
<STATE> 11
<MEAN> 26
 -4.534257e+00 1.609874e+00 1.115584e+00 -2.586781e+00 -3.476574e+00 -1.402239e+00 -5.473124e+00 -5.465862e+00 -4.712931e+00 -2.108613e+00 -3.316815e+00 -3.015963e+00 5.826279e+01 -1.195471e+00 -9.656950e-01 -3.189008e-01 -7.807672e-01 -6.397370e-01 -5.204960e-01 1.282435e-01 4.717837e-01 3.810063e-01 -4.383379e-02 9.011822e-01 4.618487e-01 3.568970e-01
<VARIANCE> 26
 2.365490e+01 3.331158e+01 3.389468e+01 4.731382e+01 3.301366e+01 3.812671e+01 5.216307e+01 3.717971e+01 3.467366e+01 3.012303e+01 2.602523e+01 2.200653e+01 3.969952e+01 1.564061e+00 1.446065e+00 3.096786e+00 2.666511e+00 4.054176e+00 3.380667e+00 4.367398e+00 3.494493e+00 3.317986e+00 3.494520e+00 2.631171e+00 2.275709e+00 2.727159e+00
<GCONST> 1.070393e+02
<TRANSP> 12
 0.000000e+00 1.000000e+00 0.000000e+00 0.000000e+00 0.000000e+00 0.000000e+00 0.000000e+00 0.000000e+00 0.000000e+00 0.000000e+00 0.000000e+00 0.000000e+00
 0.000000e+00 7.643852e-01 2.356148e-01 0.000000e+00 0.000000e+00 0.000000e+00 0.000000e+00 0.000000e+00 0.000000e+00 0.000000e+00 0.000000e+00 0.000000e+00
 0.000000e+00 0.000000e+00 8.540695e-01 1.459305e-01 0.000000e+00 0.000000e+00 0.000000e+00 0.000000e+00 0.000000e+00 0.000000e+00 0.000000e+00 0.000000e+00
 0.000000e+00 0.000000e+00 0.000000e+00 8.452610e-01 1.547390e-01 0.000000e+00 0.000000e+00 0.000000e+00 0.000000e+00 0.000000e+00 0.000000e+00 0.000000e+00
 0.000000e+00 0.000000e+00 0.000000e+00 0.000000e+00 6.680607e-01 3.319394e-01 0.000000e+00 0.000000e+00 0.000000e+00 0.000000e+00 0.000000e+00 0.000000e+00
 0.000000e+00 0.000000e+00 0.000000e+00 0.000000e+00 0.000000e+00 6.757270e-01 3.242730e-01 0.000000e+00 0.000000e+00 0.000000e+00 0.000000e+00 0.000000e+00
 0.000000e+00 0.000000e+00 0.000000e+00 0.000000e+00 0.000000e+00 0.000000e+00 7.104643e-01 2.895358e-01 0.000000e+00 0.000000e+00 0.000000e+00 0.000000e+00
 0.000000e+00 0.000000e+00 0.000000e+00 0.000000e+00 0.000000e+00 0.000000e+00 0.000000e+00 8.214712e-01 1.785289e-01 0.000000e+00 0.000000e+00 0.000000e+00
 0.000000e+00 0.000000e+00 0.000000e+00 0.000000e+00 0.000000e+00 0.000000e+00 0.000000e+00 0.000000e+00 7.632195e-01 2.367806e-01 0.000000e+00 0.000000e+00
 0.000000e+00 0.000000e+00 0.000000e+00 0.000000e+00 0.000000e+00 0.000000e+00 0.000000e+00 0.000000e+00 0.000000e+00 8.171125e-01 1.828875e-01 0.000000e+00
 0.000000e+00 0.000000e+00 0.000000e+00 0.000000e+00 0.000000e+00 0.000000e+00 0.000000e+00 0.000000e+00 0.000000e+00 0.000000e+00 7.673828e-01 2.326172e-01
 0.000000e+00 0.000000e+00 0.000000e+00 0.000000e+00 0.000000e+00 0.000000e+00 0.000000e+00 0.000000e+00 0.000000e+00 0.000000e+00 0.000000e+00 0.000000e+00
<ENDHMM>
