~o
<STREAMINFO> 1 26
<VECSIZE> 26<NULLD><MFCC_D_0><DIAGC>
~h "sil"
<BEGINHMM>
<NUMSTATES> 12
<STATE> 2
<MEAN> 26
 -7.740075e+00 -2.734329e+00 -4.154594e+00 -3.113481e+00 1.187487e+00 -1.569537e+00 -1.988594e+00 -4.814197e-01 -5.206152e-01 1.538285e+00 -2.253294e+00 -4.400074e+00 5.796151e+01 -4.898662e-02 -1.900657e-01 -1.179852e-01 9.073072e-02 -2.123860e-01 -8.029328e-02 5.870149e-03 -6.659625e-02 1.244457e-02 -2.014187e-01 -4.348058e-02 1.044235e-01 -1.811563e-01
<VARIANCE> 26
 2.954444e+01 1.744662e+01 1.706576e+01 2.222397e+01 3.712495e+01 3.693623e+01 3.023873e+01 2.748419e+01 2.716526e+01 3.006263e+01 2.024638e+01 2.579171e+01 2.298412e+01 1.644580e+00 1.064107e+00 1.423780e+00 1.466473e+00 1.820540e+00 2.130263e+00 2.334107e+00 2.158707e+00 2.330165e+00 2.156750e+00 1.778992e+00 1.747937e+00 7.485395e-01
<GCONST> 9.674007e+01
<STATE> 3
<MEAN> 26
 -1.047555e+01 -2.046571e+00 -3.664308e+00 -4.984165e+00 -2.752411e+00 -2.767707e+00 -4.334984e+00 -3.897243e+00 -2.986529e+00 -2.007215e+00 -2.971753e+00 -1.786180e+00 5.512995e+01 -4.279067e-02 2.152400e-02 -2.884866e-02 -6.005846e-02 1.610964e-02 -4.063656e-02 5.746322e-02 -9.018082e-03 2.230734e-02 -6.780293e-02 6.288853e-02 1.180955e-01 -1.187256e-01
<VARIANCE> 26
 1.260111e+01 8.763625e+00 1.624451e+01 1.733688e+01 1.743012e+01 1.818539e+01 2.057740e+01 2.054563e+01 2.174309e+01 1.954231e+01 1.832298e+01 1.647536e+01 1.037415e+01 4.404443e-01 5.195863e-01 9.737334e-01 1.036656e+00 1.364948e+00 1.451219e+00 1.718495e+00 1.733041e+00 1.843262e+00 1.610503e+00 1.749806e+00 1.307338e+00 2.357503e-01
<GCONST> 8.481680e+01
<STATE> 4
<MEAN> 26
 -8.260020e+00 -2.730847e+00 -3.162199e+00 -4.057532e+00 -2.651462e+00 -1.947377e+00 -3.463148e+00 -2.499976e+00 -1.019617e+00 -1.485939e+00 -2.240299e+00 -9.680394e-01 5.233131e+01 1.340278e-02 -7.126177e-02 -2.819000e-02 1.202669e-02 1.850131e-02 -1.076652e-02 -8.376589e-03 6.019272e-02 2.685916e-02 -1.471967e-02 1.909069e-02 5.995962e-02 -3.969036e-02
<VARIANCE> 26
 4.969839e+00 5.605920e+00 7.979914e+00 1.207256e+01 1.416365e+01 1.624542e+01 1.786441e+01 1.797200e+01 1.833949e+01 1.664699e+01 1.664812e+01 1.523150e+01 6.576272e+00 2.080666e-01 3.743430e-01 5.395386e-01 7.818967e-01 1.082440e+00 1.234358e+00 1.437909e+00 1.416680e+00 1.551337e+00 1.454153e+00 1.486053e+00 1.295961e+00 8.445995e-02
<GCONST> 7.661356e+01
<STATE> 5
<MEAN> 26
 -9.946794e+00 -4.807980e+00 -3.864534e+00 -2.223917e+00 1.094080e+00 -5.558721e-01 -2.130358e+00 -1.786487e+00 -2.318572e+00 -1.966773e+00 -6.020277e-01 4.187519e-01 5.374394e+01 -2.406718e-01 -1.688352e-01 1.287443e-02 3.945950e-02 2.996569e-02 -1.115357e-01 -2.763626e-02 7.575735e-02 -3.713778e-02 -8.836237e-02 9.967108e-02 2.408927e-02 2.235744e-01
<VARIANCE> 26
 1.494779e+01 2.438091e+01 2.140752e+01 2.042239e+01 4.075396e+01 3.753398e+01 2.611526e+01 2.866183e+01 2.665702e+01 2.142938e+01 2.578671e+01 2.227928e+01 6.827850e+01 1.142103e+00 2.551682e+00 1.767936e+00 1.312119e+00 4.740837e+00 4.716724e+00 2.723460e+00 2.639496e+00 2.709806e+00 2.111834e+00 2.824503e+00 2.548457e+00 2.633645e+00
<GCONST> 1.023169e+02
<STATE> 6
<MEAN> 26
 -9.878695e+00 -5.526460e+00 -3.434383e+00 -2.634486e+00 -1.876729e+00 -4.993533e+00 -3.675356e+00 8.549667e-02 -1.246269e+00 -3.299706e+00 -2.364090e+00 -5.297838e-01 5.510754e+01 -2.134658e-02 -1.048167e-02 9.443155e-03 -1.258728e-01 -2.727300e-01 -1.394987e-01 -5.068143e-02 1.875858e-01 1.401657e-01 -1.823091e-02 -9.862693e-02 -7.480543e-02 -6.090289e-02
<VARIANCE> 26
 6.701991e+00 1.614788e+01 1.076973e+01 1.542810e+01 1.698738e+01 2.108501e+01 2.185117e+01 3.000589e+01 2.134367e+01 2.506430e+01 1.899439e+01 1.555264e+01 1.206173e+01 3.073167e-01 4.575302e-01 6.743467e-01 8.759630e-01 1.227046e+00 1.704067e+00 1.797421e+00 2.077612e+00 1.700960e+00 1.841003e+00 1.513742e+00 1.274441e+00 2.132965e-01
<GCONST> 8.422969e+01
<STATE> 7
<MEAN> 26
 -1.209712e+01 -5.138916e+00 -2.986765e+00 -4.384523e+00 -4.262683e+00 -3.557172e+00 -4.269284e+00 -4.577801e-01 -9.500540e-01 -1.471811e+00 -5.820642e-01 -8.629600e-01 5.777210e+01 1.553379e-01 7.475164e-02 -1.406281e-01 -3.639715e-02 -1.876943e-02 2.061318e-01 -2.821624e-02 -1.344498e-01 7.592281e-02 5.299864e-02 -2.545112e-02 -1.012771e-02 -1.863638e-01
<VARIANCE> 26
 1.693359e+01 1.620798e+01 1.489300e+01 2.554278e+01 2.539031e+01 2.616130e+01 2.902466e+01 3.492462e+01 2.915176e+01 2.499497e+01 2.424000e+01 2.019271e+01 2.345176e+01 4.794721e-01 6.362566e-01 8.373281e-01 1.076354e+00 1.514314e+00 1.774536e+00 1.791269e+00 2.168789e+00 2.161452e+00 2.237521e+00 1.708324e+00 1.468420e+00 2.943769e-01
<GCONST> 9.102766e+01
<STATE> 8
<MEAN> 26
 -6.997179e+00 -4.472043e+00 -6.261938e+00 -7.419778e+00 -3.740384e+00 -8.531079e-01 -3.884722e+00 -2.113572e+00 -1.093506e+00 -1.079607e+00 -3.277607e+00 -3.071989e+00 5.441265e+01 1.352723e-03 7.919542e-02 3.954179e-02 1.073135e-01 8.849403e-02 8.077268e-02 5.504194e-02 5.154221e-03 -1.520954e-02 1.050238e-01 -2.455224e-02 3.868123e-02 -1.031372e-01
<VARIANCE> 26
 6.771693e+00 9.343902e+00 1.876661e+01 2.295741e+01 1.503240e+01 2.121872e+01 2.109436e+01 2.054027e+01 1.982343e+01 2.709240e+01 2.565241e+01 2.139003e+01 1.321985e+01 2.541994e-01 4.677415e-01 6.662728e-01 9.465786e-01 1.088704e+00 1.408495e+00 1.431780e+00 1.600756e+00 1.668791e+00 1.785971e+00 1.680805e+00 1.417166e+00 9.202293e-02
<GCONST> 8.325062e+01
<STATE> 9
<MEAN> 26
 -9.245037e+00 -2.447594e+00 -3.559302e+00 -2.686594e+00 -1.944217e+00 -7.775893e-01 -2.496477e+00 -7.132647e-01 -6.714203e-01 -9.472230e-01 -1.362416e+00 -4.454806e-01 4.892176e+01 -8.504568e-03 7.000177e-02 1.452150e-02 1.299508e-02 4.750599e-02 3.943658e-02 5.988666e-03 2.345908e-02 -2.576801e-02 7.852819e-02 6.885400e-02 7.592997e-02 -3.243080e-02
<VARIANCE> 26
 5.880363e+00 5.062067e+00 7.766719e+00 1.219136e+01 1.348237e+01 1.412122e+01 1.418779e+01 1.705920e+01 1.619094e+01 1.611924e+01 1.565236e+01 1.459198e+01 2.434087e+01 2.310090e-01 3.633507e-01 5.682201e-01 8.696990e-01 1.001828e+00 1.308705e+00 1.271467e+00 1.447763e+00 1.525474e+00 1.494202e+00 1.367966e+00 1.200704e+00 1.062539e-01
<GCONST> 7.743134e+01
<STATE> 10
<MEAN> 26
 -1.089893e+01 -1.782681e+00 -3.533726e+00 -3.136928e+00 -2.627965e+00 -1.359975e+00 -3.485060e+00 -1.277557e+00 -1.846671e+00 -4.527650e-01 -1.533100e+00 -5.221992e-01 5.166371e+01 1.825768e-02 2.226652e-01 2.758549e-01 1.563317e-01 1.171933e-01 4.765432e-02 -8.655193e-02 -1.996948e-01 -1.389246e-01 -3.657938e-02 -8.369955e-02 -7.586457e-02 3.492789e-01
<VARIANCE> 26
 1.317246e+01 9.236090e+00 1.365192e+01 1.615948e+01 1.816543e+01 1.936682e+01 2.219564e+01 2.213312e+01 2.183617e+01 2.065507e+01 2.328153e+01 1.980110e+01 1.502788e+01 9.920582e-01 8.293176e-01 1.397525e+00 1.498647e+00 2.003756e+00 1.863423e+00 2.261274e+00 2.424899e+00 2.074271e+00 1.985754e+00 2.201063e+00 1.742161e+00 6.183243e-01
<GCONST> 9.083955e+01
<STATE> 11
<MEAN> 26
 -7.878998e+00 -1.064702e+00 -2.755964e-01 -1.735296e+00 -1.712718e+00 -6.914681e-01 -3.528725e+00 -3.740586e+00 -3.110838e+00 -2.135235e+00 -1.621070e+00 -6.515018e-01 5.637979e+01 6.315812e-01 7.881348e-01 1.201132e+00 4.679218e-01 -2.905527e-01 -4.726437e-01 -8.138306e-01 -4.653659e-01 -5.181833e-01 -2.629932e-01 -1.268939e-01 -1.842787e-01 1.392870e+00
<VARIANCE> 26
 1.942248e+01 3.568626e+01 5.449566e+01 2.730987e+01 4.218204e+01 3.140159e+01 3.043320e+01 3.570726e+01 2.642697e+01 2.606914e+01 3.040180e+01 2.278964e+01 4.211687e+01 2.852961e+00 3.484062e+00 5.058723e+00 2.746664e+00 5.201781e+00 4.849727e+00 4.790152e+00 3.728959e+00 3.346590e+00 2.829952e+00 3.137241e+00 2.532708e+00 4.213784e+00
<GCONST> 1.094254e+02
<TRANSP> 12
 0.000000e+00 1.000000e+00 0.000000e+00 0.000000e+00 0.000000e+00 0.000000e+00 0.000000e+00 0.000000e+00 0.000000e+00 0.000000e+00 0.000000e+00 0.000000e+00
 0.000000e+00 7.676020e-01 2.323980e-01 0.000000e+00 0.000000e+00 0.000000e+00 0.000000e+00 0.000000e+00 0.000000e+00 0.000000e+00 0.000000e+00 0.000000e+00
 0.000000e+00 0.000000e+00 7.403076e-01 2.596925e-01 0.000000e+00 0.000000e+00 0.000000e+00 0.000000e+00 0.000000e+00 0.000000e+00 0.000000e+00 0.000000e+00
 0.000000e+00 0.000000e+00 0.000000e+00 8.871480e-01 1.128520e-01 0.000000e+00 0.000000e+00 0.000000e+00 0.000000e+00 0.000000e+00 0.000000e+00 0.000000e+00
 0.000000e+00 0.000000e+00 0.000000e+00 0.000000e+00 7.563754e-01 2.436246e-01 0.000000e+00 0.000000e+00 0.000000e+00 0.000000e+00 0.000000e+00 0.000000e+00
 0.000000e+00 0.000000e+00 0.000000e+00 0.000000e+00 0.000000e+00 7.275631e-01 2.724369e-01 0.000000e+00 0.000000e+00 0.000000e+00 0.000000e+00 0.000000e+00
 0.000000e+00 0.000000e+00 0.000000e+00 0.000000e+00 0.000000e+00 0.000000e+00 7.701265e-01 2.298735e-01 0.000000e+00 0.000000e+00 0.000000e+00 0.000000e+00
 0.000000e+00 0.000000e+00 0.000000e+00 0.000000e+00 0.000000e+00 0.000000e+00 0.000000e+00 7.897225e-01 2.102775e-01 0.000000e+00 0.000000e+00 0.000000e+00
 0.000000e+00 0.000000e+00 0.000000e+00 0.000000e+00 0.000000e+00 0.000000e+00 0.000000e+00 0.000000e+00 8.437397e-01 1.562602e-01 0.000000e+00 0.000000e+00
 0.000000e+00 0.000000e+00 0.000000e+00 0.000000e+00 0.000000e+00 0.000000e+00 0.000000e+00 0.000000e+00 0.000000e+00 6.701972e-01 3.298028e-01 0.000000e+00
 0.000000e+00 0.000000e+00 0.000000e+00 0.000000e+00 0.000000e+00 0.000000e+00 0.000000e+00 0.000000e+00 0.000000e+00 0.000000e+00 6.515334e-01 3.484666e-01
 0.000000e+00 0.000000e+00 0.000000e+00 0.000000e+00 0.000000e+00 0.000000e+00 0.000000e+00 0.000000e+00 0.000000e+00 0.000000e+00 0.000000e+00 0.000000e+00
<ENDHMM>
