~o
<STREAMINFO> 1 39
<VECSIZE> 39<NULLD><MFCC_D_A_0><DIAGC>
~h "steer"
<BEGINHMM>
<NUMSTATES> 10
<STATE> 2
<MEAN> 39
 -1.853896e+001 6.757318e+000 5.078125e+000 -1.259523e+001 2.040195e+001 -1.765561e+001 9.219338e+000 -3.221378e+000 8.400679e+000 -3.749087e+000 -1.542575e+000 -5.464410e-001 6.024967e+001 -3.077562e+000 -2.209477e+000 -1.186955e+000 -1.319496e+000 6.994137e-001 -1.334446e+000 7.404650e-001 -6.552392e-001 1.368721e+000 -1.228157e+000 6.383967e-002 -3.460880e-001 4.483504e+000 1.131353e-001 1.748008e-001 1.022501e-001 9.659142e-001 -3.200976e-001 5.287530e-001 -1.771836e-001 1.572787e-001 -5.296977e-001 2.457885e-001 2.194671e-001 -1.898707e-001 -8.027596e-001
<VARIANCE> 39
 1.562398e+002 6.559921e+001 1.544282e+001 5.769470e+001 8.608912e+001 2.521877e+001 5.298661e+001 4.361573e+001 1.836197e+001 2.069255e+001 3.149857e+001 3.705988e+001 7.465551e+001 4.157086e+000 4.562190e+000 1.852164e+000 8.864737e+000 8.946352e+000 5.131106e+000 5.384146e+000 4.041654e+000 3.953435e+000 2.048696e+000 4.339287e+000 4.599530e+000 4.463869e+000 1.494117e+000 1.499800e+000 2.274536e-001 9.547736e-001 2.053376e+000 1.364392e+000 1.139232e+000 9.776545e-001 5.951377e-001 3.984359e-001 9.772012e-001 1.069502e+000 8.228394e-001
<GCONST> 1.385052e+002
<STATE> 3
<MEAN> 39
 -2.651500e+001 -9.367604e-003 3.982764e-001 -8.948850e+000 1.704788e+001 -1.938802e+001 1.413979e+001 -1.007650e+001 6.008237e+000 -5.712266e+000 3.434277e+000 -4.509562e+000 7.124193e+001 5.700222e-001 -2.889341e-001 3.129623e-002 1.781648e-001 -8.478768e-001 2.475041e-001 -1.441759e-002 -7.292767e-001 -2.914340e-001 -9.959252e-002 1.173959e-001 -2.085180e-001 -2.168802e-001 3.497539e-001 4.278741e-002 1.570561e-001 -7.102278e-002 -5.882652e-002 1.478912e-001 -2.101009e-001 -1.129469e-002 3.473005e-003 3.573664e-002 -1.643498e-001 4.163519e-002 -3.917708e-001
<VARIANCE> 39
 2.095898e+001 1.300815e+001 1.121936e+001 1.641239e+001 2.015117e+001 1.773555e+001 1.892698e+001 2.076013e+001 2.339364e+001 1.442401e+001 1.486508e+001 1.239947e+001 1.205367e+001 3.094152e+000 1.621351e+000 1.381988e+000 2.076569e+000 1.657047e+000 1.557402e+000 3.879253e+000 2.939514e+000 3.395734e+000 2.060830e+000 2.577418e+000 1.880165e+000 3.186815e+000 3.099670e-001 2.364593e-001 2.549971e-001 3.567598e-001 3.543241e-001 3.122651e-001 6.219954e-001 6.723792e-001 6.291567e-001 3.862927e-001 4.752357e-001 3.976530e-001 2.428906e-001
<GCONST> 1.060332e+002
<STATE> 4
<MEAN> 39
 -1.522970e+001 -1.299246e+000 6.643605e+000 -1.109140e+001 7.026574e+000 -1.319459e+001 3.065746e+000 -1.264791e+001 4.335236e+000 -7.012593e+000 1.376408e+000 -6.238406e+000 5.822886e+001 8.205465e-001 -1.366767e-001 1.336466e+000 -4.809793e-001 -1.010250e+000 1.307200e-001 -1.144703e+000 1.276063e-001 -5.096213e-001 -4.270744e-001 -7.616019e-002 -1.269826e-001 7.264528e-001 -5.088484e-003 -1.533100e-001 2.277115e-001 1.419742e-001 -7.370180e-002 -1.282203e-001 -7.141820e-002 1.735785e-001 -2.447908e-001 -1.954879e-001 6.141242e-002 1.528392e-001 5.574551e-001
<VARIANCE> 39
 3.912050e+001 3.649487e+001 3.744805e+001 4.766783e+001 2.625182e+001 3.144068e+001 7.269196e+001 5.712700e+001 3.724564e+001 3.289762e+001 4.231588e+001 1.523927e+001 2.147577e+002 4.930503e+000 3.641505e+000 4.833372e+000 5.931247e+000 2.346210e+000 5.003566e+000 6.965649e+000 5.172817e+000 4.506471e+000 4.057969e+000 5.361679e+000 1.658776e+000 3.146753e+001 9.304089e-001 7.952217e-001 7.561331e-001 1.453084e+000 3.999580e-001 9.440352e-001 1.633955e+000 9.420894e-001 1.149314e+000 7.605942e-001 1.153511e+000 3.209810e-001 4.356804e+000
<GCONST> 1.408505e+002
<STATE> 5
<MEAN> 39
 -5.690732e+000 -7.666150e+000 2.278700e+001 -1.225028e+001 -3.271524e+000 -1.406257e+001 -1.004788e+001 -6.892060e+000 -7.462033e+000 -1.539225e+001 1.315009e-001 -4.240841e+000 7.601046e+001 1.726102e+000 -1.738390e+000 1.896895e+000 7.809023e-001 -1.593155e+000 9.166909e-001 -3.211194e+000 2.263015e+000 -3.176376e+000 -6.933999e-001 -2.897709e-001 4.195551e-001 5.548404e-001 -5.838959e-001 3.651479e-001 -9.372748e-001 -3.159386e-001 3.965814e-001 3.059111e-001 6.739511e-001 -6.108709e-002 5.747538e-001 8.008272e-001 -2.411537e-002 -1.642857e-001 -1.012463e+000
<VARIANCE> 39
 4.551491e+000 1.482922e+001 7.753465e+000 5.607920e+000 8.739332e+000 2.052721e+001 3.211976e+001 2.009561e+001 2.443687e+001 2.354991e+001 6.819002e+000 5.654971e+000 4.619411e+000 1.490545e+000 1.735967e+000 2.720884e+000 2.565529e+000 2.165640e+000 1.391171e+000 2.912786e+000 1.642861e+000 2.818140e+000 3.501235e+000 1.268659e+000 1.032064e+000 1.104344e+000 1.486144e-001 5.142010e-001 1.553967e-001 3.472472e-001 2.740016e-001 6.336654e-001 7.876502e-001 6.963487e-001 6.035087e-001 2.390634e-001 1.640117e-001 1.361957e-001 8.257446e-001
<GCONST> 9.730760e+001
<STATE> 6
<MEAN> 39
 -3.629590e+000 -9.257804e+000 2.098021e+001 -1.209429e+001 -7.657480e+000 -1.344170e+001 -1.086262e+001 -3.896660e+000 -9.767434e+000 -9.251328e+000 2.784170e-001 -2.153172e+000 7.583399e+001 2.032894e-001 -3.298254e-001 -1.041710e+000 1.013926e-001 -3.619629e-001 -6.712500e-001 1.025998e+000 -1.392802e-001 1.061176e+000 9.392329e-001 -2.879300e-002 5.361999e-001 1.335953e-001 -6.867358e-004 -7.219915e-002 -2.896625e-001 -3.839075e-002 2.664779e-001 -1.474684e-001 3.329649e-001 -1.272379e-001 4.449557e-001 3.016625e-002 -2.204361e-001 -2.422318e-002 3.190732e-002
<VARIANCE> 39
 4.695996e+000 5.462724e+000 1.245751e+001 1.201336e+001 1.312676e+001 1.218325e+001 1.793127e+001 1.201942e+001 1.948096e+001 1.849214e+001 6.508833e+000 9.475060e+000 4.543563e+000 1.139676e-001 5.701389e-001 1.275747e+000 6.975144e-001 1.354005e+000 1.182700e+000 1.492424e+000 6.988374e-001 3.075054e+000 8.409375e-001 9.362003e-001 2.911046e-001 2.188417e-001 2.487357e-002 9.754182e-002 9.716461e-002 1.437267e-001 4.494181e-001 2.092702e-001 1.532334e-001 1.460132e-001 1.667183e-001 1.248409e-001 3.906961e-001 9.275939e-002 3.349104e-002
<GCONST> 7.065089e+001
<STATE> 7
<MEAN> 39
 1.025379e+000 -1.597972e+001 4.482491e+000 -1.078849e+001 -1.270031e+000 -1.447417e+001 4.307859e+000 -8.053645e+000 9.070696e+000 1.277950e+000 -1.202740e+001 -2.427736e+000 7.510732e+001 9.843298e-001 -3.195403e-001 -1.639400e+000 1.377427e+000 1.389106e+000 1.254492e+000 1.231411e+000 -9.135766e-002 1.369099e+000 5.303577e-001 -1.499272e+000 -5.143529e-001 -1.355173e+000 1.003316e-001 1.322355e-001 1.433975e-001 5.450070e-001 -1.492701e-001 2.346476e-001 -3.621201e-001 3.423858e-001 -4.422547e-001 -2.707575e-001 5.076857e-001 1.155046e-001 -4.273410e-001
<VARIANCE> 39
 8.694139e+000 1.050848e+001 1.286909e+001 2.572689e+001 2.119192e+001 4.026286e+001 1.490591e+001 1.159601e+001 1.635050e+001 2.787525e+001 3.907139e+001 2.009655e+001 1.308706e+001 3.118292e-001 1.263629e+000 9.945512e-001 4.421772e+000 3.244324e+000 4.897384e+000 1.456066e+000 2.731493e+000 2.265063e+000 3.638431e+000 6.293261e+000 2.833462e+000 1.462805e+000 5.729586e-002 1.998917e-001 2.119860e-001 3.605923e-001 6.377782e-001 1.262175e+000 2.519920e-001 4.901119e-001 2.617020e-001 5.501878e-001 7.307723e-001 6.633471e-001 6.838586e-002
<GCONST> 1.046280e+002
<STATE> 8
<MEAN> 39
 8.511619e+000 -1.577397e+001 -7.980526e+000 1.213924e+001 4.016464e+000 -9.244354e+000 4.539332e+000 2.809044e+000 8.612973e+000 -1.587005e+000 -5.567987e+000 -2.153695e-001 5.521044e+001 4.041300e-001 7.794017e-001 -7.596704e-001 2.288907e+000 8.018276e-001 -3.744135e-001 -1.236560e+000 1.350926e+000 -8.354092e-001 -2.617159e-001 1.204402e+000 3.539879e-001 -2.113800e+000 -9.616296e-002 4.035974e-001 3.494972e-001 -3.316028e-001 1.217086e-001 -8.122255e-002 -2.824692e-001 -2.795663e-001 -3.637356e-002 1.440564e-001 -1.016530e-001 -2.033261e-001 2.123327e-001
<VARIANCE> 39
 3.702845e+000 1.368316e+001 3.627129e+001 6.008358e+001 1.711901e+001 4.716778e+001 2.962462e+001 4.006842e+001 3.316160e+001 2.685765e+001 3.298988e+001 1.696867e+001 3.245633e+001 4.975542e-001 3.540219e+000 3.044638e+000 2.234137e+000 2.606484e+000 2.813906e+000 3.683017e+000 2.875445e+000 3.208208e+000 1.914848e+000 1.831386e+000 2.169468e+000 6.763546e-001 6.185647e-002 4.688320e-001 3.984629e-001 2.819487e-001 5.363023e-001 5.874465e-001 5.862685e-001 5.756686e-001 6.612359e-001 3.669618e-001 2.556367e-001 3.601907e-001 4.606191e-002
<GCONST> 1.084546e+002
<STATE> 9
<MEAN> 39
 1.138942e+001 9.605664e+000 -1.572836e+000 9.831260e+000 9.025000e+000 -4.324185e+000 -5.533154e+000 8.937034e-001 2.742275e+000 3.519700e-001 3.440385e-002 -2.567034e+000 4.418310e+001 -3.966650e-001 1.812316e+000 1.103622e+000 -5.189450e-001 2.050154e-001 1.037501e+000 -1.833058e-001 -7.443556e-001 -3.061154e-001 4.391166e-001 3.894204e-001 -1.233598e-001 -7.583815e-001 -1.609259e-001 -3.047444e-001 -7.086840e-002 -8.323348e-002 -1.164882e-001 1.227872e-001 2.008408e-001 -6.267955e-002 7.138187e-002 6.232232e-002 -3.629592e-002 8.364089e-002 1.095696e-002
<VARIANCE> 39
 2.604360e+001 8.818498e+001 6.120190e+001 1.062652e+002 4.835907e+001 5.428257e+001 3.718732e+001 4.125957e+001 2.993583e+001 3.247051e+001 3.580371e+001 3.493304e+001 1.757400e+001 2.189842e+000 4.140292e+000 3.942886e+000 6.066135e+000 3.802688e+000 1.793525e+000 3.419635e+000 2.672627e+000 2.606210e+000 2.020827e+000 2.403948e+000 2.862496e+000 6.353287e-001 2.019721e-001 2.854714e-001 5.791720e-001 1.091409e+000 5.568843e-001 3.857899e-001 4.362679e-001 4.638313e-001 5.423410e-001 4.517898e-001 5.302337e-001 5.238197e-001 1.017902e-001
<GCONST> 1.215110e+002
<TRANSP> 10
 0.000000e+000 1.000000e+000 0.000000e+000 0.000000e+000 0.000000e+000 0.000000e+000 0.000000e+000 0.000000e+000 0.000000e+000 0.000000e+000
 0.000000e+000 7.872341e-001 2.127660e-001 0.000000e+000 0.000000e+000 0.000000e+000 0.000000e+000 0.000000e+000 0.000000e+000 0.000000e+000
 0.000000e+000 0.000000e+000 9.145299e-001 8.547010e-002 0.000000e+000 0.000000e+000 0.000000e+000 0.000000e+000 0.000000e+000 0.000000e+000
 0.000000e+000 0.000000e+000 0.000000e+000 9.074074e-001 9.259259e-002 0.000000e+000 0.000000e+000 0.000000e+000 0.000000e+000 0.000000e+000
 0.000000e+000 0.000000e+000 0.000000e+000 0.000000e+000 7.142857e-001 2.857143e-001 0.000000e+000 0.000000e+000 0.000000e+000 0.000000e+000
 0.000000e+000 0.000000e+000 0.000000e+000 0.000000e+000 0.000000e+000 9.082569e-001 9.174313e-002 0.000000e+000 0.000000e+000 0.000000e+000
 0.000000e+000 0.000000e+000 0.000000e+000 0.000000e+000 0.000000e+000 0.000000e+000 8.734177e-001 1.265823e-001 0.000000e+000 0.000000e+000
 0.000000e+000 0.000000e+000 0.000000e+000 0.000000e+000 0.000000e+000 0.000000e+000 0.000000e+000 8.901099e-001 1.098901e-001 0.000000e+000
 0.000000e+000 0.000000e+000 0.000000e+000 0.000000e+000 0.000000e+000 0.000000e+000 0.000000e+000 0.000000e+000 8.947368e-001 1.052632e-001
 0.000000e+000 0.000000e+000 0.000000e+000 0.000000e+000 0.000000e+000 0.000000e+000 0.000000e+000 0.000000e+000 0.000000e+000 0.000000e+000
<ENDHMM>
