~o
<STREAMINFO> 1 39
<VECSIZE> 39<NULLD><MFCC_D_A_0><DIAGC>
~h "starboard"
<BEGINHMM>
<NUMSTATES> 10
<STATE> 2
<MEAN> 39
 -2.154817e+001 5.251143e+000 4.913713e+000 -8.757901e+000 2.094267e+001 -1.710479e+001 9.941221e+000 -7.663960e+000 4.520605e+000 -3.947473e+000 1.663562e+000 -5.047400e+000 7.012309e+001 -1.123894e+000 -5.272554e-001 -2.780291e-001 -9.547182e-002 -2.479661e-002 -4.204573e-002 6.048806e-001 -6.652076e-001 1.950270e-001 -2.168273e-001 5.988859e-001 -2.745552e-002 1.652490e+000 3.281938e-001 7.476190e-002 1.141826e-002 2.143268e-001 -3.809752e-001 2.296606e-001 -1.830083e-001 8.544932e-002 9.914666e-003 3.346782e-002 5.061112e-002 4.725675e-002 -5.837434e-001
<VARIANCE> 39
 8.049537e+001 1.865390e+001 1.331556e+001 1.896265e+001 2.566239e+001 2.004908e+001 2.814890e+001 2.503036e+001 2.206375e+001 2.313931e+001 2.521263e+001 2.142752e+001 4.673289e+001 6.425362e+000 3.264998e+000 2.957393e+000 4.484226e+000 4.359673e+000 2.209260e+000 2.948454e+000 3.460698e+000 2.525804e+000 2.634738e+000 2.876474e+000 3.266496e+000 7.092093e+000 6.271867e-001 6.529142e-001 5.502657e-001 5.787001e-001 4.799674e-001 4.492422e-001 6.815505e-001 9.104209e-001 5.086933e-001 5.048347e-001 5.993747e-001 6.313154e-001 7.965345e-001
<GCONST> 1.233991e+002
<STATE> 3
<MEAN> 39
 -1.435460e+001 -2.601599e+000 1.030171e+000 -7.816718e+000 1.051396e+001 -1.198890e+001 8.839443e+000 -1.181192e+001 5.203310e+000 -7.769268e+000 4.052728e+000 -3.482668e+000 6.125054e+001 1.566463e+000 -1.326742e+000 -5.821298e-001 -1.597781e+000 -7.537304e-001 3.119820e-001 -1.006166e+000 4.209346e-001 -9.975138e-002 -1.370961e-002 -3.668391e-001 -3.007137e-001 5.306656e-001 -5.785664e-003 -1.576322e-001 -3.887698e-002 -4.672386e-001 2.174877e-001 -1.641208e-002 -1.292141e-001 1.217494e-001 -2.942440e-002 3.422356e-001 -3.362626e-001 -1.635446e-001 8.107104e-001
<VARIANCE> 39
 3.421840e+001 3.644353e+001 3.025298e+001 2.178334e+001 1.672702e+001 2.664224e+001 4.405140e+001 3.161470e+001 2.960666e+001 2.205234e+001 1.876038e+001 1.292528e+001 1.309139e+002 1.385078e+000 2.833256e+000 4.094604e+000 4.688647e+000 1.107027e+000 3.228646e+000 3.625535e+000 4.155879e+000 2.972891e+000 3.631970e+000 2.748675e+000 1.506711e+000 3.891761e+001 2.612643e-001 3.950267e-001 8.994846e-001 4.118499e-001 2.740379e-001 8.632267e-001 7.048331e-001 9.346180e-001 6.649003e-001 6.315365e-001 4.862618e-001 2.930563e-001 5.170594e+000
<GCONST> 1.249558e+002
<STATE> 4
<MEAN> 39
 -2.735635e+000 -1.481198e+001 -5.269133e+000 -2.861958e+001 1.093380e+001 -6.359519e+000 -2.703979e-001 -9.393063e+000 3.345562e+000 -5.274313e-001 -5.727982e+000 -8.181679e+000 8.372617e+001 8.195513e-001 -1.723638e+000 -5.283335e-001 -1.866730e+000 8.921358e-001 2.994141e+000 -7.467438e-001 -7.905466e-001 -1.051470e+000 1.077611e+000 -1.689224e+000 -4.877134e-001 1.441915e+000 -5.643125e-001 4.344461e-001 1.214219e-001 1.458729e+000 -1.632542e-001 1.447412e-001 4.277828e-001 -4.206195e-001 -1.297902e-001 -7.283720e-001 7.051703e-001 3.324611e-001 -1.753443e+000
<VARIANCE> 39
 9.935975e-001 1.124716e+001 2.869265e+000 1.367908e+001 1.027070e+001 1.599320e+001 8.337844e+000 1.018455e+001 9.982538e+000 5.764860e+000 1.366613e+001 6.029351e+000 4.337243e+000 1.533757e+000 6.771464e-001 7.957354e-001 7.823473e+000 1.728387e+000 1.627851e+000 2.774091e+000 1.227723e+000 1.317436e+000 2.793869e+000 3.490687e+000 1.194181e+000 4.415532e+000 1.173077e-001 1.974174e-001 1.665905e-001 4.808100e-001 3.336173e-001 8.050528e-001 3.956871e-001 2.269506e-001 4.111677e-001 2.281586e-001 4.649918e-001 1.408110e-001 9.898331e-001
<GCONST> 9.046019e+001
<STATE> 5
<MEAN> 39
 -2.010205e+000 -1.797487e+001 -5.966722e+000 -2.401458e+001 1.012952e+001 2.214545e+000 6.834282e-001 -1.690433e+001 1.761562e+000 -3.792253e+000 -4.536874e+000 -6.142087e+000 8.154452e+001 4.353782e-001 -5.055128e-002 3.842178e-002 6.117038e-001 -6.588638e-001 5.900778e-001 3.231093e-001 -6.868439e-001 3.411409e-002 -3.009515e-001 5.617995e-002 4.327896e-001 -4.478108e-001 1.610396e-001 1.652058e-001 8.317083e-002 6.993619e-002 -2.112434e-001 -1.467174e-001 1.317808e-001 2.026692e-001 5.157743e-002 8.853524e-002 -4.951473e-002 3.081116e-002 -1.047369e-001
<VARIANCE> 39
 3.868029e+000 3.669817e+000 3.182913e+000 1.513389e+001 2.048572e+001 9.737962e+000 6.823673e+000 1.298480e+001 4.682080e+000 6.501700e+000 8.797172e+000 7.355552e+000 3.889769e+000 2.621906e-001 2.046964e-001 3.823355e-001 9.233961e-001 1.140531e+000 5.916278e-001 5.080730e-001 4.796093e-001 3.216822e-001 3.226121e-001 4.973417e-001 4.361528e-001 1.259376e-001 3.968945e-002 7.518284e-002 8.058101e-002 1.878852e-001 1.224817e-001 1.451099e-001 9.501842e-002 1.018063e-001 8.095267e-002 7.685723e-002 9.045924e-002 7.492363e-002 4.567383e-002
<GCONST> 5.345832e+001
<STATE> 6
<MEAN> 39
 2.832512e+000 -1.022388e+001 6.260597e-002 -1.273913e+001 3.009302e+000 1.635607e+000 5.983455e+000 -1.078246e+001 3.557676e+000 -1.212476e+000 -2.337887e+000 -1.342537e+000 6.289110e+001 4.528985e-001 9.858062e-001 4.593645e-001 -9.514511e-001 -5.287028e-001 -3.281887e-001 7.909196e-002 6.866511e-001 2.773018e-001 2.571290e-001 -2.050806e-001 1.382030e-001 -5.032714e-001 -1.386698e-001 -2.899997e-002 -1.029272e-001 -4.662038e-001 1.229383e-001 2.298501e-002 -1.633935e-001 -1.226536e-002 -3.811342e-002 1.984209e-004 -1.173240e-001 -2.383184e-002 2.251407e-001
<VARIANCE> 39
 3.320128e+001 2.402668e+001 2.131936e+001 1.269477e+002 3.842313e+001 3.299307e+001 2.902530e+001 3.374922e+001 2.594001e+001 2.318171e+001 3.223800e+001 1.873297e+001 1.434248e+002 6.165962e+000 3.062548e+000 3.265676e+000 2.076115e+001 5.356188e+000 3.504480e+000 3.724028e+000 4.695288e+000 3.099509e+000 2.743842e+000 5.093824e+000 1.972742e+000 2.484863e+001 1.416880e+000 6.836432e-001 7.056912e-001 2.043552e+000 1.104362e+000 7.043411e-001 7.189474e-001 9.088049e-001 6.242528e-001 5.207667e-001 8.208903e-001 3.500219e-001 3.834851e+000
<GCONST> 1.373030e+002
<STATE> 7
<MEAN> 39
 4.741508e+000 -3.602301e+000 -1.044227e+000 -3.997724e+001 2.787851e+000 1.576323e+000 3.652027e+000 -7.033803e+000 2.331683e+000 1.703570e-001 -1.173925e+001 1.424723e+000 7.209449e+001 -3.322648e-001 8.432620e-002 -1.880378e-001 -4.316757e-001 9.284324e-001 1.340968e-001 -1.178369e-001 8.623527e-002 -1.079639e-001 6.142464e-002 -2.253580e-002 3.170006e-001 -4.265150e-002 -3.166665e-002 -5.835287e-002 3.211962e-002 5.054780e-001 1.202174e-001 -1.095580e-001 4.471336e-003 -1.498611e-001 1.377868e-001 -3.792243e-002 2.585541e-001 -1.062592e-001 -1.224102e-001
<VARIANCE> 39
 9.831255e+000 1.099332e+001 5.786361e+000 4.687879e+001 5.532417e+001 1.264537e+001 1.405311e+001 2.972431e+001 1.618276e+001 1.869982e+001 2.168038e+001 3.261239e+001 5.531160e+000 4.318819e-001 4.817923e-001 1.956932e-001 2.303918e+000 9.117692e-001 7.693599e-001 6.817979e-001 1.400120e+000 9.935496e-001 5.991958e-001 1.531684e+000 9.266188e-001 4.630450e-001 7.876772e-002 7.825217e-002 5.421108e-002 4.164473e-001 1.561487e-001 1.646830e-001 1.718836e-001 1.206253e-001 1.686905e-001 1.240701e-001 1.573090e-001 1.427184e-001 1.479764e-001
<GCONST> 7.883617e+001
<STATE> 8
<MEAN> 39
 -2.327403e+000 -4.042839e+000 -1.534437e-001 -2.407315e+001 1.425890e+001 -8.385760e+000 1.111690e+000 -1.247564e+001 8.687892e+000 -1.027653e+000 -4.244422e+000 -2.253866e+000 6.592120e+001 -6.027934e-001 1.660542e-001 1.580089e-001 2.216275e+000 6.060640e-001 -1.129610e+000 4.059618e-002 -2.712696e-001 9.593512e-001 -9.321727e-002 1.113571e-001 -7.608829e-001 -1.122253e+000 2.103140e-001 9.505508e-002 -6.141642e-002 -1.006180e-001 -4.251912e-002 2.816167e-001 6.319789e-002 2.411620e-001 -3.426061e-002 -1.842587e-002 -3.112287e-001 7.443330e-002 -1.396651e-001
<VARIANCE> 39
 4.990060e+001 3.948991e+001 2.721349e+001 1.159530e+002 7.649807e+001 8.474532e+001 3.171410e+001 5.592883e+001 7.187688e+001 4.039084e+001 4.037954e+001 2.991440e+001 4.698001e+001 3.664052e+000 1.977125e+000 3.103003e+000 7.040244e+000 3.681929e+000 5.654441e+000 2.478312e+000 5.087551e+000 5.701170e+000 2.344169e+000 3.593502e+000 2.216113e+000 5.710501e+000 6.163114e-001 4.203713e-001 5.975627e-001 1.332696e+000 6.493869e-001 9.192605e-001 4.933356e-001 8.419126e-001 1.118988e+000 5.007405e-001 4.439034e-001 3.679852e-001 1.166954e+000
<GCONST> 1.343326e+002
<STATE> 9
<MEAN> 39
 3.642216e+000 4.456670e+000 -2.444603e+000 -7.666169e+000 1.299924e+001 -2.812422e+000 1.451038e+000 -7.373509e+000 1.105331e+001 -1.650308e+000 -6.665413e+000 -3.263526e+000 5.136000e+001 8.054896e-001 1.224024e+000 9.521780e-002 1.440198e+000 -9.462634e-001 1.093281e+000 -5.229895e-001 6.877967e-001 -8.660042e-001 8.429680e-002 3.176699e-001 6.326470e-001 -1.818223e+000 -2.638978e-001 1.032073e-001 3.126787e-001 9.463339e-002 -2.137580e-001 -1.554088e-001 -9.755532e-002 -8.618493e-002 -2.728145e-001 4.794562e-002 2.758423e-001 1.274090e-001 -7.616608e-002
<VARIANCE> 39
 5.313715e+001 1.026339e+002 2.777470e+001 5.657890e+001 7.428725e+001 4.687234e+001 3.866830e+001 5.886206e+001 8.629008e+001 2.204418e+001 7.013691e+001 2.271077e+001 6.479188e+001 4.379334e+000 4.147334e+000 2.798182e+000 4.144445e+000 5.476604e+000 4.671266e+000 4.594379e+000 2.702497e+000 5.524712e+000 2.720598e+000 4.062391e+000 1.917645e+000 1.982095e+000 5.333880e-001 8.221738e-001 3.613434e-001 6.110007e-001 1.222687e+000 7.784774e-001 7.764533e-001 5.844595e-001 8.586063e-001 4.074294e-001 6.212457e-001 5.412293e-001 3.838117e-001
<GCONST> 1.329077e+002
<TRANSP> 10
 0.000000e+000 1.000000e+000 0.000000e+000 0.000000e+000 0.000000e+000 0.000000e+000 0.000000e+000 0.000000e+000 0.000000e+000 0.000000e+000
 0.000000e+000 9.256198e-001 7.438016e-002 0.000000e+000 0.000000e+000 0.000000e+000 0.000000e+000 0.000000e+000 0.000000e+000 0.000000e+000
 0.000000e+000 0.000000e+000 8.965517e-001 1.034483e-001 0.000000e+000 0.000000e+000 0.000000e+000 0.000000e+000 0.000000e+000 0.000000e+000
 0.000000e+000 0.000000e+000 0.000000e+000 7.352941e-001 2.647059e-001 0.000000e+000 0.000000e+000 0.000000e+000 0.000000e+000 0.000000e+000
 0.000000e+000 0.000000e+000 0.000000e+000 0.000000e+000 9.062500e-001 9.375000e-002 0.000000e+000 0.000000e+000 0.000000e+000 0.000000e+000
 0.000000e+000 0.000000e+000 0.000000e+000 0.000000e+000 0.000000e+000 9.210526e-001 7.894737e-002 0.000000e+000 0.000000e+000 0.000000e+000
 0.000000e+000 0.000000e+000 0.000000e+000 0.000000e+000 0.000000e+000 0.000000e+000 9.274194e-001 7.258064e-002 0.000000e+000 0.000000e+000
 0.000000e+000 0.000000e+000 0.000000e+000 0.000000e+000 0.000000e+000 0.000000e+000 0.000000e+000 9.081632e-001 9.183673e-002 0.000000e+000
 0.000000e+000 0.000000e+000 0.000000e+000 0.000000e+000 0.000000e+000 0.000000e+000 0.000000e+000 0.000000e+000 8.860760e-001 1.139240e-001
 0.000000e+000 0.000000e+000 0.000000e+000 0.000000e+000 0.000000e+000 0.000000e+000 0.000000e+000 0.000000e+000 0.000000e+000 0.000000e+000
<ENDHMM>
