~o
<STREAMINFO> 1 39
<VECSIZE> 39<NULLD><MFCC_D_A_0><DIAGC>
~h "port"
<BEGINHMM>
<NUMSTATES> 10
<STATE> 2
<MEAN> 39
 -5.374014e+000 -3.377036e+000 1.114332e+000 -1.569374e+001 6.586930e+000 -3.246427e+000 7.977754e+000 -1.574952e+001 9.392557e+000 -1.022728e+001 1.272791e+000 -5.068105e+000 7.590419e+001 -2.374527e-001 1.932299e+000 -6.904029e-001 -1.933781e+000 -6.027895e-001 1.511681e+000 7.517775e-001 -1.224223e+000 1.066266e+000 -4.022281e-001 -5.137888e-001 -7.946974e-001 4.801164e-001 -2.020744e-001 1.161325e-001 -1.782145e-001 -5.601964e-002 -2.522287e-001 3.429155e-001 -3.190866e-002 6.034924e-001 -3.309607e-001 3.488822e-001 -2.245014e-001 6.955357e-002 -1.352458e+000
<VARIANCE> 39
 1.380810e+001 4.589619e+001 1.103824e+001 3.152272e+001 1.837805e+001 3.369065e+001 2.227896e+001 2.869054e+001 2.088853e+001 1.510329e+001 2.087094e+001 1.612604e+001 1.607715e+001 2.002888e+000 2.365209e+000 1.989151e+000 3.831384e+000 2.866399e+000 1.899139e+000 2.974955e+000 3.532939e+000 2.588646e+000 2.084563e+000 1.887653e+000 1.542298e+000 8.211017e+000 9.632313e-001 1.031345e+000 6.212432e-001 9.649716e-001 7.872959e-001 7.313626e-001 4.542552e-001 5.467577e-001 4.854562e-001 3.168317e-001 4.448705e-001 3.313709e-001 3.619730e+000
<GCONST> 1.187495e+002
<STATE> 3
<MEAN> 39
 -2.212384e+000 2.804656e+000 -4.213100e+000 -3.006359e+001 -2.562694e-001 2.612612e+000 1.040084e+001 -1.406249e+001 6.737443e+000 -7.765263e+000 -4.910503e+000 -8.087996e+000 7.414157e+001 1.950611e+000 -3.278170e-001 -1.211654e+000 -3.033772e+000 -2.581840e+000 -8.485287e-001 -1.143890e+000 1.286512e+000 -2.862516e+000 1.467237e+000 -1.623291e+000 2.006800e-002 5.594979e-001 -1.471977e-003 -3.465866e-001 1.403206e-001 3.233632e-001 -7.686227e-002 -4.098111e-001 -2.838429e-001 -8.254591e-002 -2.334427e-001 2.836919e-001 3.628394e-002 1.243516e-001 5.075318e-002
<VARIANCE> 39
 2.361834e+001 1.378413e+001 7.156742e+000 3.998735e+001 3.238956e+001 2.251863e+001 6.126098e+001 3.663221e+001 6.699097e+001 1.866068e+001 2.107598e+001 9.134457e+000 1.283524e+001 1.363925e+000 1.725765e+000 1.016446e+000 2.395955e+000 1.621927e+000 2.728301e+000 1.547658e+000 2.682790e+000 3.431941e+000 3.268626e+000 1.537019e+000 1.204930e+000 8.313996e-001 5.400589e-001 2.157187e-001 1.483889e-001 6.223401e-001 7.943714e-001 5.485901e-001 7.171766e-001 4.707313e-001 1.449493e+000 5.386470e-001 3.967698e-001 2.216247e-001 2.648486e-001
<GCONST> 1.094213e+002
<STATE> 4
<MEAN> 39
 3.327000e+000 -2.215172e+000 -7.560524e+000 -3.438560e+001 -8.259190e+000 -1.408922e+000 8.525092e+000 -1.167789e+001 -2.243513e+000 -8.770812e-001 -5.621315e+000 -8.399082e+000 7.497138e+001 2.621588e-001 -1.208368e+000 -5.392834e-001 1.749568e+000 -6.435066e-001 5.035394e-002 7.339455e-001 -3.312292e-001 -7.994501e-002 -1.289219e-001 1.975121e+000 -4.898985e-001 -1.582124e-001 -9.467835e-002 -1.475678e-001 -3.549072e-002 8.804502e-001 1.438258e-001 2.120349e-001 5.510707e-002 -1.028259e-001 3.183222e-001 -4.686267e-001 6.252288e-001 -9.818476e-002 -2.849748e-002
<VARIANCE> 39
 1.585167e+000 1.013112e+001 6.063878e+000 3.044623e+001 5.832716e+000 2.303377e+001 3.561484e+001 2.897698e+001 7.135055e+000 2.380217e+001 2.418439e+001 6.471627e+000 4.003009e+000 1.768532e-001 6.381645e-001 6.863067e-001 4.484723e+000 5.543832e-001 5.568144e-001 9.695256e-001 1.055919e+000 9.310591e-001 3.447383e+000 3.202808e+000 6.897361e-001 1.812390e-001 4.835686e-002 7.307705e-002 1.546542e-001 1.701324e-001 2.099429e-001 9.755132e-002 3.687043e-001 1.877473e-001 2.643914e-001 4.775016e-001 2.782941e-001 1.407751e-001 3.118382e-002
<GCONST> 7.650914e+001
<STATE> 5
<MEAN> 39
 4.725627e+000 -1.123667e+001 -1.197226e+001 -1.378392e+001 -1.073361e+001 9.114235e-001 8.495233e+000 -1.176515e+001 -3.010616e-001 -5.964632e+000 9.468980e+000 -1.054873e+001 7.386375e+001 3.175829e-001 -1.054922e+000 -3.373818e-001 3.712816e+000 1.451224e+000 -6.931307e-001 -1.378139e+000 2.354232e-001 1.262475e+000 -1.660766e-001 -3.532567e-002 1.276045e+000 -7.451496e-001 -2.172457e-001 4.461371e-001 7.787629e-001 -6.394769e-001 8.445002e-001 -6.012405e-001 -3.609687e-001 3.510074e-002 3.168670e-001 3.416360e-001 -1.335541e+000 4.805041e-001 -3.476863e-001
<VARIANCE> 39
 3.151749e+000 6.194867e+000 7.701267e+000 3.242553e+001 1.398468e+001 2.022817e+001 2.362320e+001 2.967407e+001 8.652044e+000 9.355315e+000 1.334287e+001 1.149546e+001 1.576959e+000 1.655999e-001 9.447981e-001 1.355397e+000 1.125246e+000 4.786770e+000 3.576750e+000 1.741599e+000 8.260449e-001 1.443001e+000 1.843819e+000 8.321209e+000 3.111051e+000 4.285838e-001 1.493953e-001 7.608964e-002 6.025870e-001 3.096742e-001 3.479146e-001 3.739522e-001 2.171172e-001 2.289693e-001 1.604482e-001 3.442712e-001 4.942653e-001 5.062346e-001 4.786646e-002
<GCONST> 8.888757e+001
<STATE> 6
<MEAN> 39
 -5.816707e+000 -1.020878e+001 2.362131e+000 -9.351629e+000 1.227440e+000 -7.671718e+000 2.181626e+000 -8.467562e+000 6.046297e+000 -3.289862e+000 2.137144e+000 -4.459121e+000 6.078655e+001 -2.509426e+000 4.633884e-001 1.970103e+000 -5.361803e-001 9.551535e-001 -6.868668e-001 2.120750e-001 1.306703e+000 2.149139e-001 4.096148e-001 -2.018816e-001 2.658874e-001 -2.900710e+000 -3.209402e-003 -1.017215e-001 -5.993226e-001 -3.108800e-001 -2.582826e-001 6.762289e-002 5.468405e-001 4.965084e-002 -3.183646e-001 -9.709711e-002 2.973911e-001 -1.353693e-001 2.839575e-001
<VARIANCE> 39
 7.650549e+001 8.253478e+000 7.471349e+001 3.724105e+001 2.670724e+001 2.596451e+001 3.238961e+001 4.213523e+001 2.508353e+001 3.546241e+001 3.116042e+001 1.948323e+001 7.160677e+001 4.556862e+000 9.773313e-001 1.107714e+001 4.241879e+000 4.913422e+000 4.008417e+000 6.996778e+000 4.160990e+000 3.460715e+000 3.334846e+000 4.960034e+000 2.431078e+000 2.240237e+000 1.289491e+000 3.064363e-001 1.887979e+000 1.151196e+000 1.073552e+000 8.943004e-001 1.148217e+000 9.929988e-001 7.774876e-001 5.695770e-001 1.265141e+000 6.427437e-001 1.582549e+000
<GCONST> 1.341006e+002
<STATE> 7
<MEAN> 39
 -1.516230e+001 -1.140324e+001 -8.419001e-001 -1.491942e+001 7.797445e+000 -1.536726e+001 1.173224e+001 -4.384421e+000 4.721775e+000 -3.651613e+000 3.482060e+000 -3.209863e+000 6.072129e+001 5.715152e-001 1.921481e-001 -5.090654e-001 -4.568315e-002 1.724048e+000 -1.737812e+000 9.897853e-001 -1.347127e+000 5.322270e-002 -9.037760e-001 2.211746e-001 -3.734623e-001 4.867739e+000 6.848822e-001 6.113646e-001 8.638528e-001 6.089998e-001 -7.762378e-002 4.045070e-001 -4.610019e-001 -2.272237e-001 1.927192e-001 -1.797622e-001 4.802813e-003 -1.882199e-001 3.483420e-001
<VARIANCE> 39
 1.308932e+001 3.331640e+001 4.325249e+001 2.886219e+001 3.492665e+001 6.338539e+001 7.024862e+001 3.990948e+001 2.697186e+001 2.490338e+001 2.710318e+001 1.538042e+001 1.485649e+002 3.134883e+000 6.494609e+000 8.155569e+000 6.303314e+000 2.828521e+000 7.909808e+000 1.085992e+001 3.165408e+000 3.056812e+000 3.057338e+000 3.897573e+000 1.601284e+000 1.006940e+001 4.080789e-001 9.459033e-001 9.880897e-001 9.211907e-001 7.349436e-001 2.077357e+000 2.216593e+000 1.006467e+000 4.630635e-001 7.681067e-001 8.572420e-001 2.929062e-001 4.887162e+000
<GCONST> 1.373940e+002
<STATE> 8
<MEAN> 39
 -2.378539e+000 -4.514790e+000 5.280166e+000 -7.256681e+000 1.299291e+001 -1.339129e+001 9.932069e+000 -9.054216e+000 6.545006e+000 -8.316117e+000 1.899865e+000 -4.487246e+000 7.126703e+001 1.769853e+000 8.021188e-001 3.786627e-001 1.107275e+000 5.936516e-001 1.317989e+000 -8.289410e-001 2.389971e-001 4.501898e-001 3.685554e-001 -2.993024e-001 2.809558e-001 -2.288731e+000 -5.571146e-001 -3.079225e-001 -5.088571e-001 -2.208492e-001 -1.942383e-001 1.448147e-001 -2.391083e-001 2.154237e-001 -7.162974e-002 5.141231e-001 8.850911e-002 1.095673e-001 -1.167075e+000
<VARIANCE> 39
 3.722788e+001 1.485979e+001 4.834025e+000 9.980231e+000 2.255404e+001 1.680177e+001 1.704557e+001 2.090070e+001 1.510723e+001 1.341665e+001 2.040580e+001 1.178621e+001 4.212188e+001 4.114694e+000 2.981468e+000 2.728789e+000 2.199807e+000 2.483672e+000 1.386889e+000 1.447054e+000 2.910261e+000 2.349091e+000 3.197776e+000 1.902967e+000 1.272795e+000 5.901122e+000 5.749312e-001 5.617768e-001 3.972504e-001 5.440120e-001 6.161259e-001 3.389820e-001 3.586777e-001 4.502676e-001 4.212124e-001 3.259901e-001 3.447806e-001 3.283108e-001 6.192198e-001
<GCONST> 1.091724e+002
<STATE> 9
<MEAN> 39
 -5.854320e+000 -1.371997e+000 1.705749e+000 -2.249871e+000 1.108165e+001 -4.296638e+000 2.474545e+000 -4.355172e+000 6.319070e+000 -5.789776e-001 1.861348e+000 -1.498410e+000 4.516293e+001 -1.673415e+000 2.866448e-001 -6.936039e-001 7.443605e-001 -1.211590e+000 1.273990e+000 -1.045315e+000 9.296683e-001 -7.244576e-001 8.321022e-001 -2.580753e-001 5.782681e-001 -3.983687e+000 -1.900999e-001 -1.102626e-001 4.344818e-002 -3.603357e-002 -1.794686e-001 -8.402692e-002 1.457309e-001 7.641294e-002 -7.195260e-002 -2.310401e-001 -1.046563e-001 -4.043881e-002 3.188940e-001
<VARIANCE> 39
 2.831038e+001 1.076423e+001 1.573371e+001 3.277000e+001 2.666154e+001 5.158496e+001 2.698056e+001 2.540530e+001 2.749498e+001 1.869578e+001 1.502468e+001 1.756452e+001 9.450684e+001 8.805702e-001 9.410982e-001 9.914912e-001 1.627639e+000 1.272964e+000 2.051659e+000 1.867956e+000 1.040133e+000 1.004188e+000 1.532454e+000 1.518051e+000 1.525375e+000 1.500079e+000 2.047470e-001 2.056542e-001 2.051004e-001 2.477480e-001 2.628645e-001 3.812054e-001 2.950774e-001 2.801628e-001 3.603429e-001 3.025725e-001 3.008567e-001 2.706650e-001 9.687024e-002
<GCONST> 9.935709e+001
<TRANSP> 10
 0.000000e+000 1.000000e+000 0.000000e+000 0.000000e+000 0.000000e+000 0.000000e+000 0.000000e+000 0.000000e+000 0.000000e+000 0.000000e+000
 0.000000e+000 8.484849e-001 1.515152e-001 0.000000e+000 0.000000e+000 0.000000e+000 0.000000e+000 0.000000e+000 0.000000e+000 0.000000e+000
 0.000000e+000 0.000000e+000 7.872341e-001 2.127660e-001 0.000000e+000 0.000000e+000 0.000000e+000 0.000000e+000 0.000000e+000 0.000000e+000
 0.000000e+000 0.000000e+000 0.000000e+000 8.484849e-001 1.515152e-001 0.000000e+000 0.000000e+000 0.000000e+000 0.000000e+000 0.000000e+000
 0.000000e+000 0.000000e+000 0.000000e+000 0.000000e+000 7.777778e-001 2.222222e-001 0.000000e+000 0.000000e+000 0.000000e+000 0.000000e+000
 0.000000e+000 0.000000e+000 0.000000e+000 0.000000e+000 0.000000e+000 8.717949e-001 1.282051e-001 0.000000e+000 0.000000e+000 0.000000e+000
 0.000000e+000 0.000000e+000 0.000000e+000 0.000000e+000 0.000000e+000 0.000000e+000 8.039216e-001 1.960784e-001 0.000000e+000 0.000000e+000
 0.000000e+000 0.000000e+000 0.000000e+000 0.000000e+000 0.000000e+000 0.000000e+000 0.000000e+000 8.333333e-001 1.666667e-001 0.000000e+000
 0.000000e+000 0.000000e+000 0.000000e+000 0.000000e+000 0.000000e+000 0.000000e+000 0.000000e+000 0.000000e+000 8.245614e-001 1.754386e-001
 0.000000e+000 0.000000e+000 0.000000e+000 0.000000e+000 0.000000e+000 0.000000e+000 0.000000e+000 0.000000e+000 0.000000e+000 0.000000e+000
<ENDHMM>
