~o
<STREAMINFO> 1 13
<VECSIZE> 13<NULLD><MFCC_0><DIAGC>
~h "sil"
<BEGINHMM>
<NUMSTATES> 6
<STATE> 2
<MEAN> 13
 -6.570331e+00 -3.974144e+00 1.096439e+00 -5.689549e+00 -1.644201e-01 -5.475766e+00 4.870915e+00 -2.560455e+00 2.216424e+00 4.539853e-01 -3.467118e+00 -1.631835e-01 5.601077e+01
<VARIANCE> 13
 1.915099e+00 4.979243e+00 6.018094e+00 1.165267e+01 1.381643e+01 1.575344e+01 1.476452e+01 2.482739e+01 1.895123e+01 2.518715e+01 1.809072e+01 1.416978e+01 8.264905e-01
<GCONST> 5.320900e+01
<STATE> 3
<MEAN> 13
 -7.770494e+00 -3.146109e+00 5.755652e-01 -3.712345e+00 -1.359106e+00 -6.557400e+00 1.876511e+00 -4.527817e+00 9.520926e-01 7.985380e-01 -4.820482e+00 9.636817e-01 5.661945e+01
<VARIANCE> 13
 9.519205e+00 1.319045e+01 1.907658e+01 1.463652e+01 1.334475e+01 3.020334e+01 7.418307e+00 1.825278e+01 7.128783e+00 3.885041e+01 7.309855e+00 1.643436e+01 2.007494e+00
<GCONST> 5.637387e+01
<STATE> 4
<MEAN> 13
 -1.286247e+01 1.321021e+00 -5.476736e+00 1.048947e+00 -4.249916e+00 -1.993556e+00 -6.091497e-01 9.799377e-01 -1.699114e+00 -1.792477e+00 -1.344534e+00 -1.542466e+00 5.942126e+01
<VARIANCE> 13
 2.258804e+01 2.180419e+01 2.799592e+01 2.486073e+01 2.895646e+01 2.463952e+01 1.828830e+01 2.823553e+01 1.951190e+01 1.785424e+01 2.714942e+01 1.583634e+01 7.069660e+00
<GCONST> 6.332700e+01
<STATE> 5
<MEAN> 13
 -6.202516e+00 -3.712838e+00 1.294165e+00 -4.575657e+00 1.294213e+00 -5.050032e+00 4.772229e+00 -2.075884e+00 8.173490e-01 -6.582909e-01 -4.058731e+00 -8.055640e-01 5.635436e+01
<VARIANCE> 13
 5.688667e+00 9.491964e+00 9.139703e+00 6.557938e+00 1.744728e+01 1.596754e+01 1.822791e+01 3.569923e+01 3.623728e+01 1.769419e+01 1.846920e+01 1.219477e+01 2.448187e+00
<GCONST> 5.685824e+01
<TRANSP> 6
 0.000000e+00 1.000000e+00 0.000000e+00 0.000000e+00 0.000000e+00 0.000000e+00
 0.000000e+00 8.751873e-01 1.248127e-01 0.000000e+00 0.000000e+00 0.000000e+00
 0.000000e+00 0.000000e+00 0.000000e+00 1.000000e+00 0.000000e+00 0.000000e+00
 0.000000e+00 0.000000e+00 0.000000e+00 6.247951e-01 3.752049e-01 0.000000e+00
 0.000000e+00 0.000000e+00 0.000000e+00 0.000000e+00 4.866023e-01 5.133977e-01
 0.000000e+00 0.000000e+00 0.000000e+00 0.000000e+00 0.000000e+00 0.000000e+00
<ENDHMM>
