~o
<STREAMINFO> 1 26
<VECSIZE> 26<NULLD><MFCC_D_0><DIAGC>
~h "dd"
<BEGINHMM>
<NUMSTATES> 12
<STATE> 2
<MEAN> 26
 -9.084396e+00 1.909437e+00 7.691204e+00 -3.459049e+00 -1.193649e+01 -3.895015e+00 -7.791015e+00 -6.709574e+00 -7.740111e+00 -2.787039e+00 5.295051e-01 -2.570452e+00 6.709026e+01 5.355709e-01 9.594898e-02 3.226848e+00 -7.870299e-01 -3.022520e+00 1.404043e-01 -1.938248e+00 -1.261938e-01 -1.631217e+00 -4.477892e-01 9.625664e-01 -3.555955e-01 2.705581e+00
<VARIANCE> 26
 2.529124e+01 2.888124e+01 1.021253e+02 5.024489e+01 7.528960e+01 3.283669e+01 6.416689e+01 3.898840e+01 4.996559e+01 3.952959e+01 4.112220e+01 2.888104e+01 4.867091e+01 3.757860e+00 3.089357e+00 7.436142e+00 4.832912e+00 4.344738e+00 4.374392e+00 5.811544e+00 4.051589e+00 4.678359e+00 4.481080e+00 4.369002e+00 3.604573e+00 2.676012e+00
<GCONST> 1.160336e+02
<STATE> 3
<MEAN> 26
 -3.560821e+00 2.046120e+00 1.091588e+01 -6.305326e+00 -1.714116e+01 -2.110132e+00 -1.224507e+01 -7.891653e+00 -1.226335e+01 -1.751452e+00 -6.554248e-01 -5.423532e+00 7.095692e+01 1.128329e+00 1.617065e-01 -1.373522e+00 1.087464e+00 7.268059e-01 -5.808841e-02 5.551991e-01 -7.871530e-01 1.047179e-01 7.721680e-01 -9.010329e-01 -3.842330e-01 -7.415303e-01
<VARIANCE> 26
 2.178468e+01 2.787445e+01 6.704667e+01 1.248662e+02 4.425406e+01 5.076146e+01 8.278801e+01 5.850353e+01 5.284552e+01 6.451395e+01 1.124128e+02 5.609003e+01 2.164486e+01 7.704354e-01 8.612606e-01 2.044175e+00 4.881012e+00 2.866914e+00 4.543096e+00 3.531890e+00 3.874586e+00 2.883554e+00 3.393637e+00 3.553794e+00 2.276562e+00 7.796572e-01
<GCONST> 1.105830e+02
<STATE> 4
<MEAN> 26
 1.876995e+00 3.736759e+00 6.410037e+00 8.929420e-01 -1.384286e+01 -2.491861e+00 -1.113110e+01 -1.354450e+01 -9.681187e+00 1.095908e+00 -5.592949e+00 -5.055640e+00 6.495482e+01 -9.139802e-03 5.178637e-01 2.007325e-01 1.475470e-02 4.830447e-01 1.503974e-01 -1.214693e-01 -4.913967e-02 2.853776e-01 -9.191389e-02 -3.360938e-01 2.336767e-01 -7.069761e-01
<VARIANCE> 26
 5.839166e+00 2.587876e+01 3.686108e+01 6.896825e+01 3.534754e+01 4.280591e+01 6.228031e+01 3.692467e+01 3.858739e+01 5.233680e+01 5.200636e+01 4.395142e+01 2.658626e+01 3.178293e-01 5.859494e-01 6.690133e-01 8.316583e-01 1.399922e+00 1.380454e+00 1.483244e+00 1.968897e+00 1.632082e+00 1.397211e+00 1.603753e+00 1.116981e+00 2.552976e-01
<GCONST> 9.383698e+01
<STATE> 5
<MEAN> 26
 -9.159571e-01 6.005720e+00 6.881608e+00 1.106378e+00 -7.626365e+00 -3.080406e+00 -8.715346e+00 -1.050566e+01 -8.067093e+00 -9.589056e-01 -5.785465e+00 -4.704819e+00 6.110701e+01 -1.804513e+00 -1.068663e+00 -1.435316e+00 -1.189555e+00 1.778165e+00 -1.056140e+00 8.834873e-02 1.774740e+00 1.740466e+00 -6.247315e-01 5.367079e-01 2.976801e-01 1.350946e+00
<VARIANCE> 26
 1.682786e+01 1.916079e+01 2.889626e+01 4.265446e+01 4.140680e+01 4.025197e+01 4.166903e+01 3.480102e+01 3.060352e+01 4.317759e+01 3.184693e+01 2.627260e+01 2.611386e+01 1.393276e+00 2.198488e+00 2.739721e+00 3.692230e+00 3.483920e+00 3.596750e+00 4.838098e+00 3.472492e+00 3.900474e+00 3.580503e+00 3.459227e+00 2.715759e+00 4.522992e+00
<GCONST> 1.077229e+02
<STATE> 6
<MEAN> 26
 -4.116206e+00 -1.679199e+00 -1.578818e+00 -8.106808e+00 -5.854056e+00 -5.305688e+00 -1.466211e+01 -3.418178e+00 -1.357037e-01 3.271323e-01 -3.684843e+00 -5.084733e+00 7.315233e+01 1.164519e+00 -1.919236e+00 -1.945680e+00 -3.690434e+00 -1.567844e-01 2.154456e+00 -2.562848e+00 7.937045e-01 9.505281e-01 1.284501e+00 9.225732e-01 -1.030399e+00 2.579630e+00
<VARIANCE> 26
 2.717215e+01 2.859426e+01 3.723762e+01 6.014154e+01 3.781158e+01 6.167262e+01 6.798525e+01 5.160519e+01 5.210410e+01 5.714890e+01 4.784859e+01 3.851852e+01 2.650079e+01 2.602156e+00 1.980413e+00 2.373394e+00 2.960951e+00 4.984805e+00 6.454783e+00 6.465178e+00 6.857094e+00 6.005373e+00 4.273621e+00 5.571461e+00 3.119051e+00 3.391800e+00
<GCONST> 1.150409e+02
<STATE> 7
<MEAN> 26
 9.701985e-01 -2.939930e+00 -4.370556e+00 -1.825450e+01 -5.252232e+00 5.932881e+00 -1.686974e+01 -5.508157e+00 -4.688743e+00 2.698460e+00 1.147614e+00 -5.624162e+00 7.424420e+01 7.917423e-01 4.239049e-01 -5.595299e-01 -1.051401e+00 -1.685813e-01 1.624537e+00 1.486646e+00 1.075712e-01 -1.831559e+00 -1.215943e+00 1.039056e+00 5.177419e-01 -5.855637e-01
<VARIANCE> 26
 1.007168e+01 2.288019e+01 4.102304e+01 6.289854e+01 3.429985e+01 5.964678e+01 6.593253e+01 5.478516e+01 7.365764e+01 5.470662e+01 5.610821e+01 2.803952e+01 1.201512e+01 2.397593e-01 5.981278e-01 6.929674e-01 1.805950e+00 1.470280e+00 2.557734e+00 2.012855e+00 2.499030e+00 1.835671e+00 3.106251e+00 1.843699e+00 1.840107e+00 2.523627e-01
<GCONST> 9.785237e+01
<STATE> 8
<MEAN> 26
 2.955488e+00 -1.347026e+00 -1.672755e+00 -1.407545e+01 -1.056986e+01 7.446652e+00 -9.654243e+00 -3.296305e+00 -6.861795e+00 -4.227637e+00 3.182242e-01 -7.485307e+00 7.178553e+01 -1.982087e-02 1.237776e-01 6.581508e-01 1.167089e+00 -1.755043e-01 -6.135637e-01 5.238925e-01 -7.104734e-02 -1.135939e-01 -8.779923e-02 -1.071563e+00 -1.989934e-01 -5.069383e-01
<VARIANCE> 26
 6.957921e+00 2.368809e+01 3.398122e+01 5.609685e+01 5.041542e+01 3.678080e+01 6.894681e+01 4.495989e+01 5.135345e+01 4.577099e+01 3.959460e+01 2.951473e+01 1.017805e+01 1.885080e-01 4.561878e-01 8.532897e-01 9.104231e-01 1.345376e+00 1.088556e+00 2.811953e+00 1.870623e+00 1.890603e+00 1.831522e+00 2.229994e+00 1.603886e+00 1.621588e-01
<GCONST> 9.318613e+01
<STATE> 9
<MEAN> 26
 9.693395e-01 -1.486948e+00 -3.215473e+00 -1.079129e+01 -7.650239e+00 -4.297477e+00 -1.430467e+01 -7.090062e+00 -1.304629e+01 -4.617656e+00 -8.863372e+00 -5.439866e+00 6.506845e+01 -2.597775e-03 6.931818e-01 1.068143e+00 1.403409e+00 -3.621151e-01 -5.525718e-01 -3.918792e-02 -9.691339e-01 1.750323e-01 1.214649e-01 -5.930266e-01 2.748047e-01 -1.011237e+00
<VARIANCE> 26
 7.103294e+00 3.226844e+01 7.275006e+01 6.172979e+01 4.774652e+01 7.621732e+01 7.735576e+01 6.877456e+01 9.030696e+01 8.815443e+01 4.818905e+01 6.502951e+01 4.993515e+01 3.456285e-01 6.701195e-01 2.038557e+00 1.989798e+00 2.282593e+00 2.297103e+00 3.105000e+00 2.228019e+00 3.405424e+00 2.643049e+00 3.015105e+00 2.237391e+00 4.008766e-01
<GCONST> 1.060718e+02
<STATE> 10
<MEAN> 26
 1.985213e+00 5.169129e+00 4.996188e+00 -1.079981e+00 -7.187900e+00 1.974419e+00 -6.706541e+00 -9.183993e+00 -6.169715e+00 -4.851703e-01 -6.165190e+00 -4.618557e+00 6.322301e+01 -3.811060e-01 5.123438e-01 1.264163e-01 8.015314e-01 9.127100e-01 -2.442187e-01 3.277078e-01 2.586641e-02 1.001000e-01 -6.096681e-02 1.082950e-01 1.029895e-01 -9.816849e-01
<VARIANCE> 26
 7.619292e+00 1.298963e+01 2.256600e+01 4.016502e+01 4.830179e+01 3.933423e+01 4.783138e+01 5.152103e+01 3.734261e+01 5.260457e+01 2.454508e+01 2.898097e+01 1.910917e+01 4.152755e-01 9.755786e-01 1.148175e+00 1.303709e+00 1.885076e+00 1.844828e+00 2.451467e+00 2.735303e+00 2.048009e+00 2.283588e+00 1.746582e+00 1.815583e+00 5.001720e-01
<GCONST> 9.630157e+01
<STATE> 11
<MEAN> 26
 -4.533908e+00 1.610113e+00 1.115762e+00 -2.586473e+00 -3.476740e+00 -1.402151e+00 -5.473130e+00 -5.466152e+00 -4.713133e+00 -2.108374e+00 -3.317026e+00 -3.016186e+00 5.826316e+01 -1.195515e+00 -9.656320e-01 -3.188632e-01 -7.807247e-01 -6.396534e-01 -5.205891e-01 1.282336e-01 4.718561e-01 3.810028e-01 -4.396459e-02 9.012133e-01 4.618663e-01 3.568964e-01
<VARIANCE> 26
 2.365589e+01 3.331235e+01 3.389452e+01 4.731498e+01 3.301485e+01 3.812713e+01 5.216317e+01 3.718063e+01 3.467542e+01 3.012465e+01 2.602573e+01 2.200809e+01 3.970014e+01 1.564081e+00 1.446235e+00 3.096777e+00 2.666648e+00 4.054351e+00 3.380889e+00 4.367455e+00 3.494640e+00 3.317968e+00 3.494874e+00 2.631178e+00 2.275692e+00 2.727163e+00
<GCONST> 1.070401e+02
<TRANSP> 12
 0.000000e+00 1.000000e+00 0.000000e+00 0.000000e+00 0.000000e+00 0.000000e+00 0.000000e+00 0.000000e+00 0.000000e+00 0.000000e+00 0.000000e+00 0.000000e+00
 0.000000e+00 7.643796e-01 2.356204e-01 0.000000e+00 0.000000e+00 0.000000e+00 0.000000e+00 0.000000e+00 0.000000e+00 0.000000e+00 0.000000e+00 0.000000e+00
 0.000000e+00 0.000000e+00 8.540140e-01 1.459860e-01 0.000000e+00 0.000000e+00 0.000000e+00 0.000000e+00 0.000000e+00 0.000000e+00 0.000000e+00 0.000000e+00
 0.000000e+00 0.000000e+00 0.000000e+00 8.455904e-01 1.544096e-01 0.000000e+00 0.000000e+00 0.000000e+00 0.000000e+00 0.000000e+00 0.000000e+00 0.000000e+00
 0.000000e+00 0.000000e+00 0.000000e+00 0.000000e+00 6.671619e-01 3.328381e-01 0.000000e+00 0.000000e+00 0.000000e+00 0.000000e+00 0.000000e+00 0.000000e+00
 0.000000e+00 0.000000e+00 0.000000e+00 0.000000e+00 0.000000e+00 6.755250e-01 3.244750e-01 0.000000e+00 0.000000e+00 0.000000e+00 0.000000e+00 0.000000e+00
 0.000000e+00 0.000000e+00 0.000000e+00 0.000000e+00 0.000000e+00 0.000000e+00 7.105070e-01 2.894930e-01 0.000000e+00 0.000000e+00 0.000000e+00 0.000000e+00
 0.000000e+00 0.000000e+00 0.000000e+00 0.000000e+00 0.000000e+00 0.000000e+00 0.000000e+00 8.214424e-01 1.785576e-01 0.000000e+00 0.000000e+00 0.000000e+00
 0.000000e+00 0.000000e+00 0.000000e+00 0.000000e+00 0.000000e+00 0.000000e+00 0.000000e+00 0.000000e+00 7.631910e-01 2.368090e-01 0.000000e+00 0.000000e+00
 0.000000e+00 0.000000e+00 0.000000e+00 0.000000e+00 0.000000e+00 0.000000e+00 0.000000e+00 0.000000e+00 0.000000e+00 8.170979e-01 1.829021e-01 0.000000e+00
 0.000000e+00 0.000000e+00 0.000000e+00 0.000000e+00 0.000000e+00 0.000000e+00 0.000000e+00 0.000000e+00 0.000000e+00 0.000000e+00 7.673928e-01 2.326072e-01
 0.000000e+00 0.000000e+00 0.000000e+00 0.000000e+00 0.000000e+00 0.000000e+00 0.000000e+00 0.000000e+00 0.000000e+00 0.000000e+00 0.000000e+00 0.000000e+00
<ENDHMM>
