~o
<STREAMINFO> 1 26
<VECSIZE> 26<NULLD><MFCC_D_0><DIAGC>
~h "dd"
<BEGINHMM>
<NUMSTATES> 12
<STATE> 2
<MEAN> 26
 -9.084306e+00 1.909470e+00 7.691251e+00 -3.458951e+00 -1.193655e+01 -3.894991e+00 -7.791085e+00 -6.709613e+00 -7.740107e+00 -2.787062e+00 5.295021e-01 -2.570549e+00 6.709028e+01 5.355698e-01 9.593918e-02 3.226791e+00 -7.870213e-01 -3.022521e+00 1.404035e-01 -1.938218e+00 -1.261977e-01 -1.631191e+00 -4.477892e-01 9.625735e-01 -3.556167e-01 2.705557e+00
<VARIANCE> 26
 2.529127e+01 2.888149e+01 1.021249e+02 5.024480e+01 7.529080e+01 3.283644e+01 6.416637e+01 3.898840e+01 4.996572e+01 3.952921e+01 4.112252e+01 2.888114e+01 4.867060e+01 3.757837e+00 3.089327e+00 7.436279e+00 4.832827e+00 4.344736e+00 4.374359e+00 5.811536e+00 4.051590e+00 4.678328e+00 4.481060e+00 4.368969e+00 3.604535e+00 2.675992e+00
<GCONST> 1.160335e+02
<STATE> 3
<MEAN> 26
 -3.559752e+00 2.046434e+00 1.091462e+01 -6.303761e+00 -1.714056e+01 -2.110459e+00 -1.224377e+01 -7.892101e+00 -1.226295e+01 -1.751002e+00 -6.559446e-01 -5.424236e+00 7.095625e+01 1.128308e+00 1.617070e-01 -1.373211e+00 1.087340e+00 7.268629e-01 -5.807521e-02 5.551050e-01 -7.872903e-01 1.048464e-01 7.720718e-01 -9.010252e-01 -3.840867e-01 -7.416242e-01
<VARIANCE> 26
 2.178801e+01 2.787393e+01 6.704845e+01 1.248668e+02 4.425459e+01 5.075732e+01 8.278726e+01 5.850072e+01 5.284138e+01 6.450963e+01 1.123990e+02 5.608646e+01 2.164830e+01 7.703736e-01 8.612447e-01 2.044689e+00 4.880666e+00 2.866788e+00 4.542894e+00 3.531592e+00 3.874783e+00 2.883804e+00 3.393713e+00 3.553883e+00 2.276692e+00 7.796144e-01
<GCONST> 1.105830e+02
<STATE> 4
<MEAN> 26
 1.876745e+00 3.734922e+00 6.409525e+00 8.933839e-01 -1.384462e+01 -2.491801e+00 -1.113212e+01 -1.354769e+01 -9.681406e+00 1.096761e+00 -5.593383e+00 -5.053407e+00 6.495673e+01 -8.632691e-03 5.180538e-01 2.008218e-01 1.486769e-02 4.817965e-01 1.508126e-01 -1.220011e-01 -4.968569e-02 2.848564e-01 -9.194822e-02 -3.365360e-01 2.335522e-01 -7.064348e-01
<VARIANCE> 26
 5.838572e+00 2.588338e+01 3.686604e+01 6.898801e+01 3.534946e+01 4.281268e+01 6.230468e+01 3.691279e+01 3.860156e+01 5.235636e+01 5.202666e+01 4.395427e+01 2.658800e+01 3.169156e-01 5.855245e-01 6.685961e-01 8.305904e-01 1.397856e+00 1.380025e+00 1.481805e+00 1.966035e+00 1.631098e+00 1.396339e+00 1.602074e+00 1.116138e+00 2.547272e-01
<GCONST> 9.382404e+01
<STATE> 5
<MEAN> 26
 -9.087325e-01 6.006458e+00 6.884474e+00 1.104029e+00 -7.635827e+00 -3.077781e+00 -8.720403e+00 -1.050687e+01 -8.070844e+00 -9.570362e-01 -5.785699e+00 -4.709495e+00 6.110577e+01 -1.803484e+00 -1.065624e+00 -1.432360e+00 -1.186859e+00 1.778920e+00 -1.055173e+00 9.059142e-02 1.772963e+00 1.738500e+00 -6.240840e-01 5.362486e-01 2.981968e-01 1.345371e+00
<VARIANCE> 26
 1.681516e+01 1.915686e+01 2.889412e+01 4.267483e+01 4.140648e+01 4.024896e+01 4.165958e+01 3.480940e+01 3.059066e+01 4.316157e+01 3.185115e+01 2.629506e+01 2.608239e+01 1.392843e+00 2.199488e+00 2.740109e+00 3.688597e+00 3.480725e+00 3.592613e+00 4.829824e+00 3.472243e+00 3.897937e+00 3.577442e+00 3.457318e+00 2.714565e+00 4.526700e+00
<GCONST> 1.077151e+02
<STATE> 6
<MEAN> 26
 -4.117764e+00 -1.676128e+00 -1.576203e+00 -8.101370e+00 -5.852374e+00 -5.307036e+00 -1.465768e+01 -3.419562e+00 -1.370946e-01 3.253304e-01 -3.685128e+00 -5.083118e+00 7.314953e+01 1.163591e+00 -1.919730e+00 -1.946121e+00 -3.690517e+00 -1.563625e-01 2.153002e+00 -2.563562e+00 7.949351e-01 9.517706e-01 1.283929e+00 9.223536e-01 -1.030289e+00 2.580714e+00
<VARIANCE> 26
 2.716804e+01 2.859954e+01 3.724367e+01 6.015013e+01 3.781140e+01 6.165655e+01 6.799393e+01 5.159874e+01 5.209218e+01 5.713765e+01 4.783119e+01 3.851420e+01 2.651380e+01 2.603335e+00 1.980087e+00 2.373450e+00 2.960999e+00 4.984499e+00 6.458491e+00 6.464856e+00 6.857998e+00 6.005531e+00 4.275002e+00 5.571604e+00 3.118655e+00 3.390627e+00
<GCONST> 1.150414e+02
<STATE> 7
<MEAN> 26
 9.694911e-01 -2.940544e+00 -4.370389e+00 -1.825363e+01 -5.252240e+00 5.931427e+00 -1.687085e+01 -5.508879e+00 -4.686867e+00 2.699681e+00 1.146387e+00 -5.624993e+00 7.424434e+01 7.919640e-01 4.237886e-01 -5.597289e-01 -1.052194e+00 -1.684113e-01 1.625252e+00 1.486370e+00 1.072381e-01 -1.831753e+00 -1.215573e+00 1.039540e+00 5.177448e-01 -5.854902e-01
<VARIANCE> 26
 1.007210e+01 2.288029e+01 4.102591e+01 6.289977e+01 3.430007e+01 5.964827e+01 6.593780e+01 5.478524e+01 7.365771e+01 5.470667e+01 5.611511e+01 2.804068e+01 1.202029e+01 2.398994e-01 5.983438e-01 6.930745e-01 1.805742e+00 1.470654e+00 2.557866e+00 2.013210e+00 2.499384e+00 1.835908e+00 3.107288e+00 1.843582e+00 1.840289e+00 2.524836e-01
<GCONST> 9.785580e+01
<STATE> 8
<MEAN> 26
 2.955431e+00 -1.347208e+00 -1.673324e+00 -1.407682e+01 -1.056933e+01 7.447024e+00 -9.655292e+00 -3.296309e+00 -6.861875e+00 -4.227238e+00 3.191627e-01 -7.484865e+00 7.178595e+01 -1.973053e-02 1.237784e-01 6.579587e-01 1.166963e+00 -1.755817e-01 -6.134289e-01 5.241033e-01 -7.084056e-02 -1.137792e-01 -8.806578e-02 -1.071327e+00 -1.990688e-01 -5.069231e-01
<VARIANCE> 26
 6.958076e+00 2.368794e+01 3.398209e+01 5.610223e+01 5.041553e+01 3.678445e+01 6.894695e+01 4.495885e+01 5.135111e+01 4.577048e+01 3.959459e+01 2.951575e+01 1.017794e+01 1.885257e-01 4.561747e-01 8.532155e-01 9.103379e-01 1.345316e+00 1.088608e+00 2.811949e+00 1.870690e+00 1.890605e+00 1.831757e+00 2.229957e+00 1.603760e+00 1.621400e-01
<GCONST> 9.318614e+01
<STATE> 9
<MEAN> 26
 9.694133e-01 -1.486971e+00 -3.215420e+00 -1.079139e+01 -7.650123e+00 -4.296909e+00 -1.430426e+01 -7.089889e+00 -1.304631e+01 -4.617571e+00 -8.863026e+00 -5.439851e+00 6.506900e+01 -2.598848e-03 6.931473e-01 1.068186e+00 1.403448e+00 -3.621371e-01 -5.525762e-01 -3.918451e-02 -9.691434e-01 1.750302e-01 1.214886e-01 -5.931782e-01 2.748688e-01 -1.011216e+00
<VARIANCE> 26
 7.103382e+00 3.226799e+01 7.274802e+01 6.172777e+01 4.774588e+01 7.622037e+01 7.735725e+01 6.877473e+01 9.031054e+01 8.815253e+01 4.819075e+01 6.502890e+01 4.993434e+01 3.456169e-01 6.700963e-01 2.038520e+00 1.989763e+00 2.282549e+00 2.297110e+00 3.105076e+00 2.228017e+00 3.405397e+00 2.643004e+00 3.015224e+00 2.237415e+00 4.008555e-01
<GCONST> 1.060717e+02
<STATE> 10
<MEAN> 26
 1.985301e+00 5.169041e+00 4.996035e+00 -1.080003e+00 -7.188280e+00 1.974454e+00 -6.706498e+00 -9.184059e+00 -6.169713e+00 -4.850877e-01 -6.165209e+00 -4.618766e+00 6.322318e+01 -3.811199e-01 5.123597e-01 1.264536e-01 8.015550e-01 9.126921e-01 -2.442681e-01 3.276818e-01 2.585880e-02 1.001168e-01 -6.098438e-02 1.082936e-01 1.030125e-01 -9.816743e-01
<VARIANCE> 26
 7.619347e+00 1.298987e+01 2.256654e+01 4.016498e+01 4.830238e+01 3.933432e+01 4.783284e+01 5.152151e+01 3.734325e+01 5.260522e+01 2.454470e+01 2.898182e+01 1.910933e+01 4.153085e-01 9.755968e-01 1.148238e+00 1.303746e+00 1.885104e+00 1.844947e+00 2.451535e+00 2.735382e+00 2.048015e+00 2.283736e+00 1.746623e+00 1.815582e+00 5.001804e-01
<GCONST> 9.630218e+01
<STATE> 11
<MEAN> 26
 -4.534039e+00 1.610018e+00 1.115721e+00 -2.586612e+00 -3.476699e+00 -1.402186e+00 -5.473168e+00 -5.466051e+00 -4.713033e+00 -2.108480e+00 -3.316915e+00 -3.016098e+00 5.826303e+01 -1.195492e+00 -9.656636e-01 -3.188839e-01 -7.807375e-01 -6.396911e-01 -5.205456e-01 1.282438e-01 4.718317e-01 3.809991e-01 -4.390929e-02 9.011928e-01 4.618526e-01 3.569011e-01
<VARIANCE> 26
 2.365525e+01 3.331205e+01 3.389472e+01 4.731477e+01 3.301447e+01 3.812672e+01 5.216326e+01 3.718018e+01 3.467454e+01 3.012407e+01 2.602553e+01 2.200721e+01 3.969955e+01 1.564057e+00 1.446151e+00 3.096753e+00 2.666581e+00 4.054291e+00 3.380795e+00 4.367407e+00 3.494573e+00 3.317972e+00 3.494702e+00 2.631160e+00 2.275693e+00 2.727184e+00
<GCONST> 1.070397e+02
<TRANSP> 12
 0.000000e+00 1.000000e+00 0.000000e+00 0.000000e+00 0.000000e+00 0.000000e+00 0.000000e+00 0.000000e+00 0.000000e+00 0.000000e+00 0.000000e+00 0.000000e+00
 0.000000e+00 7.643827e-01 2.356173e-01 0.000000e+00 0.000000e+00 0.000000e+00 0.000000e+00 0.000000e+00 0.000000e+00 0.000000e+00 0.000000e+00 0.000000e+00
 0.000000e+00 0.000000e+00 8.540385e-01 1.459615e-01 0.000000e+00 0.000000e+00 0.000000e+00 0.000000e+00 0.000000e+00 0.000000e+00 0.000000e+00 0.000000e+00
 0.000000e+00 0.000000e+00 0.000000e+00 8.454426e-01 1.545574e-01 0.000000e+00 0.000000e+00 0.000000e+00 0.000000e+00 0.000000e+00 0.000000e+00 0.000000e+00
 0.000000e+00 0.000000e+00 0.000000e+00 0.000000e+00 6.675662e-01 3.324339e-01 0.000000e+00 0.000000e+00 0.000000e+00 0.000000e+00 0.000000e+00 0.000000e+00
 0.000000e+00 0.000000e+00 0.000000e+00 0.000000e+00 0.000000e+00 6.756101e-01 3.243899e-01 0.000000e+00 0.000000e+00 0.000000e+00 0.000000e+00 0.000000e+00
 0.000000e+00 0.000000e+00 0.000000e+00 0.000000e+00 0.000000e+00 0.000000e+00 7.104728e-01 2.895272e-01 0.000000e+00 0.000000e+00 0.000000e+00 0.000000e+00
 0.000000e+00 0.000000e+00 0.000000e+00 0.000000e+00 0.000000e+00 0.000000e+00 0.000000e+00 8.214614e-01 1.785386e-01 0.000000e+00 0.000000e+00 0.000000e+00
 0.000000e+00 0.000000e+00 0.000000e+00 0.000000e+00 0.000000e+00 0.000000e+00 0.000000e+00 0.000000e+00 7.632017e-01 2.367983e-01 0.000000e+00 0.000000e+00
 0.000000e+00 0.000000e+00 0.000000e+00 0.000000e+00 0.000000e+00 0.000000e+00 0.000000e+00 0.000000e+00 0.000000e+00 8.171074e-01 1.828925e-01 0.000000e+00
 0.000000e+00 0.000000e+00 0.000000e+00 0.000000e+00 0.000000e+00 0.000000e+00 0.000000e+00 0.000000e+00 0.000000e+00 0.000000e+00 7.673897e-01 2.326103e-01
 0.000000e+00 0.000000e+00 0.000000e+00 0.000000e+00 0.000000e+00 0.000000e+00 0.000000e+00 0.000000e+00 0.000000e+00 0.000000e+00 0.000000e+00 0.000000e+00
<ENDHMM>
