~o
<STREAMINFO> 1 13
<VECSIZE> 13<NULLD><MFCC_E><DIAGC>
~h "\345\276\256"
<BEGINHMM>
<NUMSTATES> 6
<STATE> 2
<MEAN> 13
 -7.123014e+00 -5.212321e-01 -2.736279e+00 -3.594768e+00 7.791922e-01 -6.537010e+00 5.099635e+00 -5.419713e+00 5.500074e+00 -3.507153e+00 4.521317e+00 -1.677715e+00 3.758004e-01
<VARIANCE> 13
 4.738191e+00 1.857056e+00 8.354691e+00 1.550998e+01 1.022007e+01 1.289234e+01 1.339509e+01 2.558955e+01 2.264738e+01 1.733944e+01 6.825233e+00 1.681348e+01 3.928723e-03
<GCONST> 4.682581e+01
<STATE> 3
<MEAN> 13
 3.420446e+00 1.069028e+00 -2.637283e+00 -1.973656e+01 -2.699453e+00 -1.851561e+00 -1.273722e+01 -1.134017e+01 -1.810731e+00 -9.370122e-01 4.422958e-01 -7.219393e-02 9.128059e-01
<VARIANCE> 13
 2.851179e+00 1.932488e+01 1.338964e+01 3.056069e+01 1.159671e+01 2.701234e+01 9.744134e+01 2.179215e+01 3.358762e+01 6.797886e+01 1.558417e+01 3.017429e+01 8.672940e-03
<GCONST> 5.646259e+01
<STATE> 4
<MEAN> 13
 -2.806588e+00 9.522291e-01 1.699760e+01 -1.560282e+01 -1.250537e+01 -4.588714e+00 -1.252464e+01 -8.752948e+00 -3.726086e+00 -6.674414e+00 4.545870e-01 -5.299861e+00 8.204483e-01
<VARIANCE> 13
 3.561825e+00 1.071704e+01 2.914893e+01 4.071978e+01 3.326841e+01 2.212950e+01 2.390008e+01 1.208214e+01 1.976697e+01 2.158121e+01 1.113242e+01 6.139890e+00 1.286552e-02
<GCONST> 5.280807e+01
<STATE> 5
<MEAN> 13
 -9.014858e+00 -9.776684e-01 -1.193125e+00 -5.600404e+00 4.413083e-01 -8.379631e+00 3.992580e+00 -1.141596e+00 9.297956e+00 -1.291465e+00 3.001739e+00 -3.156279e+00 4.172776e-01
<VARIANCE> 13
 5.028243e+00 6.020185e+00 6.251224e+00 6.029456e+00 1.223568e+01 1.888829e+01 1.894188e+01 3.639619e+01 2.195982e+01 1.816898e+01 2.119620e+01 2.700875e+01 1.874528e-03
<GCONST> 4.897028e+01
<TRANSP> 6
 0.000000e+00 1.000000e+00 0.000000e+00 0.000000e+00 0.000000e+00 0.000000e+00
 0.000000e+00 9.565212e-01 4.347879e-02 0.000000e+00 0.000000e+00 0.000000e+00
 0.000000e+00 0.000000e+00 9.083525e-01 9.164751e-02 0.000000e+00 0.000000e+00
 0.000000e+00 0.000000e+00 0.000000e+00 9.502208e-01 4.977926e-02 0.000000e+00
 0.000000e+00 0.000000e+00 0.000000e+00 0.000000e+00 9.552234e-01 4.477663e-02
 0.000000e+00 0.000000e+00 0.000000e+00 0.000000e+00 0.000000e+00 0.000000e+00
<ENDHMM>
