~o
<STREAMINFO> 1 39
<VECSIZE> 39<NULLD><MFCC_D_A_0><DIAGC>
~h "sil"
<BEGINHMM>
<NUMSTATES> 3
<STATE> 2
<MEAN> 39
 -9.227063e+00 -2.800910e+00 -5.348662e-01 -2.247103e+00 1.366495e-01 -8.073587e+00 1.920776e+00 -4.399637e+00 6.703348e+00 -2.329917e+00 3.135242e+00 -1.181837e+00 6.503362e+01 4.014535e-02 4.252030e-03 1.088981e-02 -1.206675e-02 9.548053e-03 2.681789e-02 6.143477e-02 6.881311e-02 -5.465719e-02 1.513850e-03 -2.004046e-02 -1.269441e-02 -7.951357e-02 -3.888445e-03 -7.103621e-03 3.574750e-03 -1.395256e-02 -1.388910e-02 -2.199368e-03 -1.144096e-03 -9.473705e-04 -1.584723e-02 -4.585297e-03 -4.176322e-03 -1.475024e-02 1.185469e-02
<VARIANCE> 39
 4.752374e+00 4.674246e+00 7.098642e+00 1.099997e+01 9.540044e+00 1.157996e+01 1.368848e+01 1.799384e+01 1.627584e+01 1.786058e+01 1.395068e+01 9.632755e+00 3.264793e+00 1.637163e-01 3.884083e-01 5.146123e-01 7.601835e-01 8.090290e-01 1.094232e+00 1.323861e+00 1.437107e+00 1.390570e+00 1.451741e+00 1.342727e+00 9.545049e-01 7.843056e-02 3.021382e-02 7.664279e-02 1.054228e-01 1.590728e-01 1.648220e-01 2.332799e-01 2.587903e-01 2.952186e-01 2.929068e-01 2.788453e-01 2.992982e-01 2.065163e-01 1.479063e-02
<GCONST> 7.084693e+01
<TRANSP> 3
 0.000000e+00 1.000000e+00 0.000000e+00
 0.000000e+00 9.648095e-01 3.519053e-02
 0.000000e+00 0.000000e+00 0.000000e+00
<ENDHMM>
