~o
<STREAMINFO> 1 13
<VECSIZE> 13<NULLD><MFCC_E><DIAGC>
~h "\347\221\236"
<BEGINHMM>
<NUMSTATES> 6
<STATE> 2
<MEAN> 13
 -6.971269e+00 -6.843146e-01 6.592074e-01 -3.568574e+00 2.179646e-01 -8.037998e+00 1.259148e+00 -5.236925e+00 3.639184e+00 -4.215460e+00 2.110186e+00 -2.158073e+00 4.875242e-01
<VARIANCE> 13
 1.504004e+00 6.599607e+00 7.552895e+00 1.697775e+01 5.030138e+00 1.119374e+01 9.331335e+00 1.465390e+01 1.837268e+01 1.141712e+01 1.330755e+01 1.759330e+01 1.147607e-02
<GCONST> 4.632461e+01
<STATE> 3
<MEAN> 13
 -8.867902e-01 -1.009353e+00 7.967026e+00 -1.205278e+01 -2.754659e+00 -1.249551e+01 -1.935406e+01 -7.684119e+00 3.421621e+00 -5.878199e+00 -7.294693e+00 -2.861337e+00 9.396685e-01
<VARIANCE> 13
 1.256195e+00 2.663342e+01 1.400948e+01 7.723902e+01 1.311227e+01 1.741906e+01 8.969880e+01 3.467733e+01 2.283360e+01 3.765538e+01 1.959641e+01 1.234394e+01 3.439774e-03
<GCONST> 5.443582e+01
<STATE> 4
<MEAN> 13
 -3.339639e+00 -1.519944e-01 1.119651e+01 -1.091412e+01 -6.735939e+00 -1.611114e+01 -6.930976e+00 -9.199068e+00 -4.703195e+00 -8.376536e-01 -3.381432e+00 2.609270e+00 8.277097e-01
<VARIANCE> 13
 2.057395e+00 2.185701e+01 1.204058e+01 1.797036e+01 2.193245e+01 2.420333e+01 2.301866e+01 2.229011e+01 2.078060e+01 9.923360e+00 3.315448e+01 1.221499e+01 9.203827e-03
<GCONST> 5.223489e+01
<STATE> 5
<MEAN> 13
 -8.732582e+00 -1.401278e+00 1.074449e+00 -4.217251e+00 -1.901723e+00 -8.379316e+00 5.378287e-01 -6.193424e+00 2.774232e+00 -4.947094e+00 2.419983e+00 7.582288e-01 4.620078e-01
<VARIANCE> 13
 3.684901e+00 2.978575e+00 7.606787e+00 1.105256e+01 1.503096e+01 1.183034e+01 7.072402e+00 1.226672e+01 1.688812e+01 1.007336e+01 1.076120e+01 9.032948e+00 4.131966e-03
<GCONST> 4.458799e+01
<TRANSP> 6
 0.000000e+00 1.000000e+00 0.000000e+00 0.000000e+00 0.000000e+00 0.000000e+00
 0.000000e+00 8.947364e-01 1.052636e-01 0.000000e+00 0.000000e+00 0.000000e+00
 0.000000e+00 0.000000e+00 9.259465e-01 7.405350e-02 0.000000e+00 0.000000e+00
 0.000000e+00 0.000000e+00 0.000000e+00 8.332176e-01 1.667824e-01 0.000000e+00
 0.000000e+00 0.000000e+00 0.000000e+00 0.000000e+00 9.200031e-01 7.999698e-02
 0.000000e+00 0.000000e+00 0.000000e+00 0.000000e+00 0.000000e+00 0.000000e+00
<ENDHMM>
