~o
<STREAMINFO> 1 13
<VECSIZE> 13<NULLD><MFCC_E><DIAGC>
~h "rui"
<BEGINHMM>
<NUMSTATES> 6
<STATE> 2
<MEAN> 13
 -7.011342e+00 -5.888016e-01 2.371616e-01 -2.665298e+00 3.968145e-01 -8.005172e+00 1.616428e+00 -5.500151e+00 3.937594e+00 -3.876132e+00 1.836598e+00 -1.684621e+00 4.706800e-01
<VARIANCE> 13
 1.542076e+00 5.764737e+00 7.683104e+00 1.626691e+01 4.473391e+00 1.162263e+01 1.005248e+01 1.501978e+01 1.629373e+01 1.113273e+01 1.432534e+01 1.708919e+01 9.639947e-03
<GCONST> 4.593305e+01
<STATE> 3
<MEAN> 13
 -8.019789e-01 -1.181865e+00 8.390837e+00 -1.192331e+01 -2.950077e+00 -1.109751e+01 -2.017929e+01 -7.980868e+00 2.921572e+00 -6.302387e+00 -7.119516e+00 -2.698406e+00 9.301572e-01
<VARIANCE> 13
 8.975255e-01 2.465849e+01 1.265214e+01 8.918433e+01 1.157568e+01 1.574107e+01 1.102948e+02 3.816842e+01 2.123758e+01 4.663111e+01 2.107095e+01 1.409984e+01 4.142935e-03
<GCONST> 5.467403e+01
<STATE> 4
<MEAN> 13
 -3.373148e+00 -2.919045e+00 1.148773e+01 -1.310860e+01 -7.932508e+00 -1.762963e+01 -1.130925e+01 -6.729335e+00 -2.975535e+00 -4.149480e-01 -5.496675e+00 1.882740e+00 8.486986e-01
<VARIANCE> 13
 1.868444e+00 2.483900e+01 1.299026e+01 1.816203e+01 1.930248e+01 9.011047e+00 5.054269e+01 4.059514e+01 4.369917e+01 9.742772e+00 3.836142e+01 1.637844e+01 1.184344e-02
<GCONST> 5.403950e+01
<STATE> 5
<MEAN> 13
 -8.710047e+00 -1.217906e+00 1.503615e+00 -3.936302e+00 -2.458425e+00 -8.245628e+00 5.694327e-01 -6.133695e+00 3.324692e+00 -4.715827e+00 2.582011e+00 6.642769e-01 4.620581e-01
<VARIANCE> 13
 3.864943e+00 4.205679e+00 8.845364e+00 1.208772e+01 1.344463e+01 1.245864e+01 7.934914e+00 1.356678e+01 1.470410e+01 1.109375e+01 1.091844e+01 9.507717e+00 4.950021e-03
<GCONST> 4.558147e+01
<TRANSP> 6
 0.000000e+00 1.000000e+00 0.000000e+00 0.000000e+00 0.000000e+00 0.000000e+00
 0.000000e+00 9.000004e-01 9.999964e-02 0.000000e+00 0.000000e+00 0.000000e+00
 0.000000e+00 0.000000e+00 9.198554e-01 8.014461e-02 0.000000e+00 0.000000e+00
 0.000000e+00 0.000000e+00 0.000000e+00 8.466765e-01 1.533235e-01 0.000000e+00
 0.000000e+00 0.000000e+00 0.000000e+00 0.000000e+00 9.285737e-01 7.142625e-02
 0.000000e+00 0.000000e+00 0.000000e+00 0.000000e+00 0.000000e+00 0.000000e+00
<ENDHMM>
