~o
<STREAMINFO> 1 13
<VECSIZE> 13<NULLD><MFCC_E><DIAGC>
~h "xin"
<BEGINHMM>
<NUMSTATES> 6
<STATE> 2
<MEAN> 13
 -1.908749e+01 2.678040e+00 -1.376986e+00 -8.093159e+00 5.559694e+00 -1.086508e+01 3.295582e+00 -1.451679e+00 2.670043e-01 -2.094411e+00 2.681223e+00 -1.434318e+00 6.096789e-01
<VARIANCE> 13
 5.684039e+01 3.786796e+01 1.433053e+01 1.883449e+01 2.311442e+01 1.534644e+01 1.473578e+01 2.247886e+01 2.956586e+01 1.911812e+01 1.948236e+01 1.969192e+01 1.773084e-02
<GCONST> 5.709356e+01
<STATE> 3
<MEAN> 13
 -3.517328e+00 -3.021927e+00 1.946512e+01 -1.980679e+01 -1.393862e+01 -5.243827e+00 -1.220208e+01 -4.996596e+00 -1.412814e+01 -3.091504e+00 3.695638e-01 -2.109773e+00 9.724171e-01
<VARIANCE> 13
 3.115050e-01 3.830899e+00 1.393838e+00 1.954681e+01 3.087834e+00 2.669961e+01 1.026009e+01 8.649948e+00 3.757715e+00 7.272492e+00 4.117663e+00 7.204000e+00 6.579510e-04
<GCONST> 3.564342e+01
<STATE> 4
<MEAN> 13
 -1.612318e+00 1.471641e+00 1.216652e+01 -9.276417e+00 -6.566556e+00 -3.306563e+00 -1.191261e+01 -9.529991e+00 -3.123976e+00 -1.058485e+01 -4.111386e+00 -6.168697e+00 8.482986e-01
<VARIANCE> 13
 3.002257e+00 6.641267e+00 2.828985e+01 8.006664e+01 3.153381e+01 2.971990e+01 5.966577e+01 1.308850e+01 1.645087e+01 4.362194e+01 8.178432e+00 1.092297e+01 1.025318e-02
<GCONST> 5.460195e+01
<STATE> 5
<MEAN> 13
 -6.116776e+00 -1.969994e+00 -6.352742e-01 -3.322065e+00 -2.340985e+00 -9.476019e+00 2.028455e+00 -6.292695e+00 7.065063e+00 -1.069230e+00 2.029324e+00 -4.578990e-01 4.531159e-01
<VARIANCE> 13
 5.032113e+00 2.469305e+00 4.248133e+00 2.363752e+00 1.707908e+01 1.685599e+01 9.947249e+00 1.101307e+01 1.616298e+01 2.155968e+01 1.036611e+01 9.667332e+00 2.896079e-03
<GCONST> 4.369429e+01
<TRANSP> 6
 0.000000e+00 1.000000e+00 0.000000e+00 0.000000e+00 0.000000e+00 0.000000e+00
 0.000000e+00 9.571428e-01 4.285722e-02 0.000000e+00 0.000000e+00 0.000000e+00
 0.000000e+00 0.000000e+00 8.639558e-01 1.360442e-01 0.000000e+00 0.000000e+00
 0.000000e+00 0.000000e+00 0.000000e+00 9.399377e-01 6.006229e-02 0.000000e+00
 0.000000e+00 0.000000e+00 0.000000e+00 0.000000e+00 9.090914e-01 9.090856e-02
 0.000000e+00 0.000000e+00 0.000000e+00 0.000000e+00 0.000000e+00 0.000000e+00
<ENDHMM>
