~o
<STREAMINFO> 1 52
<VECSIZE> 52<NULLD><MFCC_D_A_T_0><DIAGC>
~h "dd"
<BEGINHMM>
<NUMSTATES> 12
<STATE> 2
<NUMMIXES> 3
<MIXTURE> 1 3.596711e-01
<MEAN> 52
 -6.199515e+00 2.598084e+00 1.624145e+01 -2.024030e+00 -1.784058e+01 -4.129755e+00 -1.159189e+01 -5.820525e+00 -1.094477e+01 -4.967727e+00 3.712523e+00 -3.423600e+00 7.146085e+01 1.499806e+00 -5.745880e-01 3.399927e+00 -9.114350e-01 -3.360438e+00 8.030757e-01 -2.550695e+00 3.786120e-01 -1.860744e+00 -4.378207e-01 1.492427e+00 -7.791057e-01 1.975829e+00 8.077779e-02 -1.231748e-01 -1.353067e+00 -1.637838e-01 8.726382e-01 3.260587e-01 5.783152e-01 -2.096725e-02 3.854793e-01 5.899256e-01 -4.092100e-01 -1.818454e-01 -8.384209e-01 -2.699139e-01 1.652724e-01 -5.966898e-01 1.888189e-01 5.284797e-01 -1.723099e-01 5.134570e-01 -8.010408e-02 2.716798e-01 1.050944e-01 -2.391658e-01 7.284887e-02 -1.595609e-01
<VARIANCE> 52
 1.134680e+01 2.837889e+01 3.146649e+01 5.206106e+01 3.935381e+01 3.695510e+01 4.914295e+01 4.079716e+01 4.729062e+01 3.861832e+01 2.712786e+01 2.799179e+01 1.497715e+01 2.755968e+00 2.277369e+00 7.682266e+00 3.512175e+00 3.303285e+00 4.086650e+00 4.801097e+00 3.555302e+00 4.923970e+00 4.602115e+00 3.114178e+00 3.069367e+00 1.097665e+00 3.831339e-01 4.384646e-01 8.505227e-01 4.857186e-01 7.641724e-01 6.543533e-01 8.914915e-01 5.813999e-01 6.915702e-01 5.917159e-01 5.816326e-01 4.421787e-01 1.735929e-01 9.548232e-02 9.113888e-02 2.843164e-01 1.343054e-01 1.671817e-01 1.909005e-01 1.960346e-01 1.637831e-01 1.999400e-01 1.937948e-01 1.474043e-01 1.183654e-01 5.164316e-02
<GCONST> 1.233472e+02
<MIXTURE> 2 1.541553e-01
<MEAN> 52
 -1.213837e+01 -5.572756e-01 6.438109e+00 -1.897423e+01 -1.871531e+01 -6.868644e+00 -1.698606e+01 -1.459925e+01 -1.045131e+01 2.267598e+00 -1.295619e+01 5.948870e-01 7.096408e+01 -2.232364e-01 -4.116170e-02 2.405412e+00 -5.067361e+00 -1.356078e+00 -2.904926e-01 -3.311290e+00 -1.011532e+00 -1.294564e+00 -4.040778e-01 -4.343542e+00 1.036078e+00 2.297630e+00 2.473100e-01 -8.251862e-02 -8.762445e-01 3.549660e-01 1.516865e+00 6.445892e-01 5.866033e-01 9.629706e-01 6.233755e-01 -7.602132e-01 -5.150470e-02 -1.179800e-01 -1.198040e+00 9.257488e-03 3.386768e-02 -3.943862e-01 6.883033e-01 1.346421e-01 8.585300e-02 3.979187e-01 1.561864e-01 1.919391e-01 5.344126e-02 6.546062e-01 -1.652476e-01 -1.580854e-01
<VARIANCE> 52
 8.767779e+00 2.180119e+01 2.417333e+01 4.783601e+01 2.351697e+01 2.364199e+01 4.465112e+01 3.023447e+01 3.437119e+01 4.076146e+01 6.678344e+01 4.065467e+01 1.720231e+01 9.901368e-01 1.600467e+00 3.392967e+00 2.401660e+00 7.298616e+00 4.036160e+00 4.622269e+00 5.378322e+00 3.503768e+00 4.924421e+00 3.017752e+00 4.576807e+00 3.658509e+00 1.853413e-01 2.476452e-01 6.240520e-01 9.709734e-01 5.443601e-01 5.985872e-01 8.565723e-01 5.780693e-01 4.924408e-01 5.639482e-01 1.354195e+00 6.466396e-01 2.104735e-01 3.878140e-02 6.076146e-02 1.377015e-01 7.415049e-02 3.217659e-01 1.861913e-01 2.178495e-01 2.043223e-01 1.595726e-01 2.010406e-01 1.079508e-01 1.787608e-01 1.547874e-01
<GCONST> 1.211323e+02
<MIXTURE> 3 4.861737e-01
<MEAN> 52
 -1.152394e+01 -2.098978e-01 -1.954499e+00 -4.233196e+00 -5.296350e+00 -2.867104e+00 -3.651965e+00 -5.966694e+00 -3.459943e+00 -1.210198e+00 -2.426936e+00 -2.419219e+00 6.192704e+01 -3.506450e-01 6.313582e-01 2.539828e+00 -4.148417e-01 -2.524163e+00 -4.343087e-01 -1.107424e+00 -7.680005e-01 -1.081438e+00 -1.951419e-01 5.411659e-01 -1.354960e-01 3.256115e+00 5.703617e-01 4.528865e-02 9.633602e-01 -2.276452e-01 -6.490073e-01 6.258237e-02 -7.759489e-01 -7.287122e-02 -4.834249e-01 -1.601051e-01 -1.382073e-01 -7.662231e-02 1.526804e-01 6.048373e-02 -1.163060e-01 -3.661375e-01 -4.150280e-02 3.247945e-01 8.912976e-02 1.133321e-01 1.288610e-01 1.331286e-01 2.871820e-02 -1.213271e-01 -1.163696e-02 -3.962710e-01
<VARIANCE> 52
 2.362011e+01 3.305006e+01 4.958412e+01 3.546782e+01 4.201026e+01 3.065375e+01 3.575731e+01 3.400818e+01 3.084604e+01 3.015038e+01 3.720964e+01 2.926513e+01 5.300074e+01 2.760501e+00 2.544206e+00 7.747637e+00 4.671098e+00 5.928565e+00 3.382932e+00 5.504396e+00 4.391279e+00 4.241314e+00 3.988534e+00 3.594640e+00 2.997168e+00 3.849839e+00 6.484851e-01 4.536150e-01 1.043812e+00 9.361838e-01 7.810604e-01 6.769085e-01 9.205115e-01 7.844176e-01 6.959434e-01 7.882779e-01 8.355992e-01 5.576665e-01 6.186190e-01 1.097190e-01 9.813546e-02 3.288687e-01 1.561371e-01 2.836469e-01 1.409320e-01 2.375109e-01 1.768765e-01 1.683257e-01 1.796280e-01 1.311012e-01 1.066064e-01 1.562719e-01
<GCONST> 1.324708e+02
<STATE> 3
<NUMMIXES> 3
<MIXTURE> 1 4.166616e-01
<MEAN> 52
 -5.860573e+00 1.004339e+00 1.612204e+01 -8.535568e+00 -1.970086e+01 -2.422147e-01 -1.287803e+01 -6.194827e+00 -1.201686e+01 -2.657473e+00 3.681985e+00 -5.447968e+00 7.315759e+01 7.069046e-01 3.202584e-01 -1.288144e+00 -1.153527e-02 5.301852e-01 5.025162e-01 7.551100e-01 3.404294e-02 -4.248387e-01 9.085865e-01 -1.133702e-01 -8.178949e-01 -2.756261e-01 1.831663e-01 1.422336e-01 -8.860242e-01 8.117515e-01 8.128128e-01 -4.673520e-01 4.918480e-01 -2.432450e-01 2.329567e-01 2.152444e-01 -4.910597e-01 6.213014e-02 -5.642977e-01 3.654939e-02 -6.672250e-02 3.553784e-01 8.362535e-02 -2.195470e-01 -7.849433e-02 -2.430765e-01 -1.097656e-01 -6.603093e-04 -1.315652e-01 -7.795266e-03 1.014424e-01 1.378702e-01
<VARIANCE> 52
 1.375578e+01 2.837308e+01 4.528322e+01 8.001139e+01 3.150507e+01 4.986997e+01 5.823348e+01 4.881796e+01 4.908900e+01 5.367201e+01 4.729438e+01 4.093435e+01 1.567509e+01 5.738216e-01 7.490608e-01 1.695762e+00 3.088710e+00 2.064059e+00 3.394146e+00 2.284350e+00 1.938439e+00 1.886136e+00 2.205767e+00 1.909410e+00 1.618442e+00 5.443944e-01 1.914167e-01 2.298649e-01 5.683340e-01 4.498335e-01 5.067809e-01 7.959218e-01 8.755617e-01 6.061282e-01 6.081745e-01 5.943617e-01 5.702826e-01 3.960973e-01 9.806596e-02 3.575051e-02 4.747992e-02 9.438591e-02 1.324205e-01 1.105381e-01 1.690046e-01 1.166436e-01 1.162270e-01 1.191633e-01 1.103507e-01 1.031108e-01 7.087436e-02 2.085622e-02
<GCONST> 1.064142e+02
<MIXTURE> 2 1.870793e-01
<MEAN> 52
 -1.234656e+01 -6.554648e-01 5.099483e+00 -2.981919e+01 -1.158400e+01 -2.389675e+00 -2.134962e+01 -1.040303e+01 -8.308220e+00 -2.739181e+00 -2.210299e+01 1.496670e+00 7.196071e+01 6.739747e-01 1.296656e-01 -9.480940e-01 -4.417760e-02 1.190353e+00 7.108013e-01 -1.042177e+00 8.593875e-01 3.350812e-01 -1.306140e+00 -4.586701e-01 -3.445029e-02 -4.367791e-01 2.502877e-01 -1.073353e-01 -3.508558e-01 1.163198e+00 -1.929447e-01 -4.266832e-01 4.713110e-01 -8.074305e-02 -1.500939e-01 1.234652e-01 6.117132e-01 -1.544836e-01 -2.565950e-01 -1.872027e-02 -2.774610e-02 1.670379e-01 -1.050147e-01 -2.324724e-01 -2.411553e-01 4.495494e-02 -2.252467e-01 -1.766812e-01 1.709822e-01 -1.479800e-01 3.443353e-02 1.470039e-01
<VARIANCE> 52
 9.940291e+00 1.857071e+01 2.144864e+01 3.971310e+01 3.199127e+01 2.202878e+01 3.768896e+01 4.519686e+01 3.884806e+01 3.685389e+01 2.855250e+01 3.959385e+01 1.110760e+01 5.526357e-01 7.549379e-01 1.132244e+00 3.846496e+00 1.849889e+00 2.021792e+00 1.686742e+00 2.567331e+00 1.494516e+00 2.126662e+00 1.714310e+00 2.274158e+00 2.004408e-01 7.067349e-02 1.389606e-01 3.552485e-01 3.106585e-01 4.107863e-01 5.434755e-01 5.624791e-01 4.651037e-01 3.801734e-01 4.377593e-01 4.993930e-01 4.135266e-01 7.677342e-02 1.811424e-02 3.283253e-02 7.499609e-02 8.141574e-02 1.387210e-01 9.892853e-02 1.222038e-01 1.003164e-01 7.814503e-02 1.046086e-01 9.144201e-02 9.372771e-02 3.036510e-02
<GCONST> 9.264797e+01
<MIXTURE> 3 3.962591e-01
<MEAN> 52
 -2.455133e-01 3.011973e+00 6.995686e+00 3.430295e-01 -1.490301e+01 -3.600488e+00 -8.208398e+00 -7.735176e+00 -1.222450e+01 1.978505e-01 5.210599e-01 -7.509585e+00 6.939468e+01 1.590821e+00 5.752295e-03 -1.573960e+00 2.288055e+00 1.232578e+00 -5.797796e-01 5.110611e-01 -1.824701e+00 6.479847e-01 1.082463e+00 -1.909094e+00 7.092349e-04 -1.310979e+00 -2.085864e-01 -1.671630e-02 5.694219e-01 -2.810431e-01 -2.622706e-01 2.985547e-01 -3.172147e-01 -2.744854e-01 2.475792e-01 -1.318851e-01 -1.149109e-01 3.210173e-01 1.273266e-02 -1.743551e-01 4.896337e-02 2.057882e-01 -3.531387e-01 -1.845533e-01 1.461616e-01 -7.603798e-02 2.650438e-01 -1.202435e-01 -1.275543e-01 2.879862e-01 -3.605347e-02 1.699281e-01
<VARIANCE> 52
 1.377118e+01 2.466681e+01 4.951365e+01 7.620148e+01 4.401333e+01 4.554844e+01 6.694066e+01 5.908459e+01 5.405401e+01 6.259525e+01 5.584484e+01 4.483395e+01 2.016707e+01 6.075990e-01 9.356278e-01 2.296865e+00 3.144228e+00 3.053620e+00 5.005419e+00 4.042599e+00 4.471181e+00 3.431637e+00 4.185306e+00 3.125213e+00 2.414912e+00 5.229818e-01 1.379557e-01 1.609486e-01 2.970939e-01 5.914121e-01 4.830738e-01 6.642181e-01 4.598088e-01 7.261055e-01 5.474600e-01 6.018702e-01 5.928683e-01 3.321017e-01 1.108449e-01 2.573636e-02 4.334498e-02 1.308037e-01 1.350983e-01 1.435915e-01 2.017104e-01 1.640745e-01 1.765309e-01 1.414866e-01 1.742832e-01 1.309634e-01 9.102765e-02 2.262627e-02
<GCONST> 1.129935e+02
<STATE> 4
<NUMMIXES> 3
<MIXTURE> 1 5.371335e-01
<MEAN> 52
 1.947246e+00 3.186606e+00 7.769958e+00 2.732051e+00 -1.379808e+01 -1.120446e+00 -1.059167e+01 -1.330552e+01 -8.904945e+00 2.708150e+00 -3.680871e+00 -5.839682e+00 6.685889e+01 1.291167e-01 5.013037e-01 2.484368e-01 4.883789e-03 1.271533e-01 4.244211e-01 -2.768362e-01 -3.733065e-01 2.564752e-01 2.832060e-02 -5.092212e-01 3.230448e-01 -5.852396e-01 -2.375265e-01 1.161390e-01 1.509358e-01 -2.872925e-01 1.226928e-01 -3.028253e-02 1.599154e-03 4.077042e-01 -9.236442e-02 -1.696838e-01 2.139628e-01 -2.286231e-02 1.345700e-02 1.363597e-02 -6.023102e-02 -1.556090e-01 7.342029e-02 1.502014e-01 -1.105069e-01 7.412559e-02 4.424178e-02 5.278118e-02 1.246004e-02 -1.491901e-02 -3.903607e-02 -3.978679e-03
<VARIANCE> 52
 6.508567e+00 2.605914e+01 2.976414e+01 5.245594e+01 3.118323e+01 3.155277e+01 6.818447e+01 3.313641e+01 3.834588e+01 3.989401e+01 3.653149e+01 3.369708e+01 1.116901e+01 2.037916e-01 5.446112e-01 7.264981e-01 7.905651e-01 9.767895e-01 1.082673e+00 1.315472e+00 1.551128e+00 1.565860e+00 1.204644e+00 1.185491e+00 8.784398e-01 2.228799e-01 8.245500e-02 1.111118e-01 1.568513e-01 3.129011e-01 2.813069e-01 3.028313e-01 3.345675e-01 3.695332e-01 3.237922e-01 3.996172e-01 3.148797e-01 2.248579e-01 6.928587e-02 1.445497e-02 2.655929e-02 3.933059e-02 4.888428e-02 5.137140e-02 5.812908e-02 6.348412e-02 6.947315e-02 8.000734e-02 6.461686e-02 6.004883e-02 5.079228e-02 1.743740e-02
<GCONST> 7.663670e+01
<MIXTURE> 2 1.592985e-01
<MEAN> 52
 -6.031148e+00 -1.465523e+00 -3.793688e-01 -1.844342e+01 -1.084393e+01 -6.812025e+00 -2.038346e+01 -1.164586e+01 -1.115097e+01 -6.203172e+00 -2.207604e+01 -2.559360e-01 6.863186e+01 1.367243e+00 -3.652861e-01 -1.508296e+00 2.985219e+00 -2.555682e-01 -2.656835e+00 2.169341e+00 -9.288341e-01 -1.010363e+00 2.524359e-01 6.727210e-02 -2.247684e-01 -8.532464e-01 -9.827080e-02 6.646037e-02 1.502374e-01 -1.678878e-01 -3.592272e-02 -2.946166e-02 1.452398e-01 -1.380520e-01 -9.635355e-03 1.976627e-01 7.223153e-02 4.466223e-02 1.735262e-02 -9.518106e-02 7.713429e-02 1.500227e-01 -3.362266e-01 5.891170e-02 3.868903e-01 -3.839862e-01 1.703983e-01 1.287271e-01 -1.328162e-01 -1.330325e-02 2.496316e-02 4.457849e-02
<VARIANCE> 52
 1.557834e+01 2.698238e+01 2.167770e+01 5.898307e+01 3.763526e+01 4.812222e+01 4.857883e+01 7.216373e+01 3.428074e+01 5.898241e+01 3.236009e+01 4.528491e+01 1.044145e+01 2.963810e-01 6.325093e-01 1.185669e+00 1.374515e+00 1.773862e+00 2.634844e+00 1.545151e+00 1.804515e+00 2.256685e+00 2.847505e+00 1.523968e+00 1.743061e+00 2.215031e-01 7.799438e-02 1.163848e-01 2.346634e-01 5.405903e-01 3.162889e-01 8.226585e-01 7.487712e-01 4.155651e-01 4.076222e-01 5.235636e-01 2.311947e-01 2.887941e-01 3.537298e-02 1.074813e-02 2.294597e-02 4.265148e-02 7.534498e-02 7.523718e-02 1.086029e-01 7.608767e-02 6.444292e-02 7.208026e-02 8.999346e-02 5.326924e-02 7.489276e-02 6.747780e-03
<GCONST> 8.778025e+01
<MIXTURE> 3 3.035681e-01
<MEAN> 52
 -8.321235e-01 -2.261254e+00 -2.970156e+00 -1.189234e+01 -1.309223e+01 -1.335567e+01 -1.584151e+01 -1.349101e+01 -1.299182e+01 -6.075452e+00 -2.155828e+01 6.222492e-01 6.393692e+01 3.624766e-01 4.953759e-01 9.219529e-02 2.647335e-01 -3.424485e-01 7.794107e-02 -2.753546e-01 -2.492935e-01 2.257017e-01 -3.099702e-01 4.451185e-01 -3.517471e-01 -6.125643e-01 -1.682213e-01 1.293635e-01 1.882650e-01 -5.952941e-02 -3.594545e-02 2.651320e-01 -1.358734e-01 1.330831e-01 5.168314e-02 -1.132105e-01 1.465402e-01 -1.387771e-01 -2.896866e-02 -8.894287e-03 -4.163248e-02 -4.298532e-02 1.368207e-01 9.413487e-02 -9.340992e-02 1.414955e-01 3.566002e-03 -1.872075e-02 2.673560e-02 1.453621e-02 9.724434e-03 -2.112183e-02
<VARIANCE> 52
 1.121405e+01 3.184331e+01 1.205001e+01 3.225659e+01 4.707084e+01 3.165358e+01 2.580499e+01 5.862254e+01 3.723939e+01 4.749449e+01 7.077296e+01 5.607846e+01 3.153379e+01 1.835060e-01 4.199791e-01 5.291132e-01 6.439390e-01 1.007769e+00 1.056534e+00 8.877635e-01 1.250804e+00 1.167006e+00 1.461556e+00 1.274403e+00 1.213811e+00 1.019189e-01 5.277042e-02 5.970003e-02 1.370490e-01 2.494433e-01 2.373113e-01 2.954539e-01 2.698281e-01 2.624622e-01 2.333515e-01 2.576688e-01 2.665671e-01 1.762744e-01 2.929526e-02 1.133849e-02 1.416931e-02 2.622172e-02 3.674475e-02 4.388368e-02 4.716468e-02 4.309347e-02 4.790695e-02 4.656253e-02 5.095936e-02 5.262698e-02 4.318005e-02 5.858868e-03
<GCONST> 6.731255e+01
<STATE> 5
<NUMMIXES> 3
<MIXTURE> 1 2.839088e-01
<MEAN> 52
 7.950084e-01 7.628600e+00 7.951390e+00 4.538964e+00 -7.239155e+00 -1.727612e+00 -7.145115e+00 -1.156308e+01 -8.717300e+00 2.121538e+00 -5.522392e+00 -5.164433e+00 6.255706e+01 -1.722744e+00 -1.014685e+00 -1.416926e+00 -1.833292e+00 2.340250e+00 -1.115219e+00 -5.228695e-01 1.915047e+00 2.219683e+00 -9.661343e-01 3.992723e-01 2.069066e-01 1.338253e+00 -1.599969e-02 -7.962547e-01 -7.301063e-01 -8.944629e-01 -3.836797e-01 6.798287e-02 -6.721338e-01 4.210359e-01 6.835192e-01 8.932936e-02 4.500882e-01 -1.600800e-01 1.200054e+00 3.742892e-01 1.135206e-01 1.296366e-01 5.061292e-02 -3.848691e-01 4.309209e-01 -3.985604e-02 -3.167370e-01 -3.393399e-01 2.270503e-01 1.310167e-02 -5.283045e-02 -1.612688e-01
<VARIANCE> 52
 6.830471e+00 9.665468e+00 1.038256e+01 1.633286e+01 3.102069e+01 2.695721e+01 3.875455e+01 3.534787e+01 3.504745e+01 2.845627e+01 2.722920e+01 3.063539e+01 1.543163e+01 1.259248e+00 1.598857e+00 1.702349e+00 3.183284e+00 3.013575e+00 3.566098e+00 3.958572e+00 3.090313e+00 3.940832e+00 3.978088e+00 3.434024e+00 2.573972e+00 2.101535e+00 1.851619e-01 2.267910e-01 2.379616e-01 3.807769e-01 4.821402e-01 6.495590e-01 6.932876e-01 7.900569e-01 5.832456e-01 5.291317e-01 6.456000e-01 3.992004e-01 1.923470e-01 5.723947e-02 7.387093e-02 6.706668e-02 1.321716e-01 1.180960e-01 1.546474e-01 2.165099e-01 1.463050e-01 1.587028e-01 1.795265e-01 1.271150e-01 1.088851e-01 9.668485e-02
<GCONST> 1.088190e+02
<MIXTURE> 2 2.816370e-01
<MEAN> 52
 -2.120098e+00 2.826645e+00 -2.640938e-01 -8.001135e+00 -1.320026e+01 -1.050519e+01 -1.590149e+01 -1.482013e+01 -1.177356e+01 -8.493176e+00 -1.411542e+01 -4.443683e+00 5.964649e+01 -1.044690e+00 2.466398e-01 6.364502e-01 1.482381e+00 1.306865e+00 4.045172e-01 1.174229e+00 7.752792e-01 6.477779e-01 -4.781134e-01 1.396773e+00 -1.353453e-01 -9.153205e-01 -3.593417e-01 -4.575430e-01 -3.752451e-01 -1.097992e-01 3.237142e-01 -3.102801e-02 4.050898e-01 4.908778e-01 3.440660e-01 2.980114e-01 2.621880e-01 2.750336e-01 5.043553e-01 9.655486e-02 -1.390464e-01 -2.347094e-01 -3.594438e-01 -2.033049e-01 -8.460020e-02 -1.717950e-01 6.981148e-02 4.719899e-02 1.023331e-01 -1.040983e-01 3.006866e-02 3.318481e-01
<VARIANCE> 52
 2.256742e+01 1.842307e+01 1.537044e+01 3.503879e+01 3.533747e+01 2.429983e+01 2.730782e+01 2.211056e+01 2.113028e+01 3.932148e+01 4.056024e+01 3.034113e+01 2.768886e+01 1.080194e+00 1.468966e+00 1.710842e+00 1.768920e+00 2.858562e+00 2.249370e+00 2.555358e+00 2.718413e+00 2.568506e+00 3.033237e+00 3.018107e+00 2.268819e+00 6.905025e-01 2.595604e-01 1.994389e-01 3.655260e-01 5.569043e-01 5.639500e-01 3.775373e-01 3.802254e-01 2.980907e-01 3.866765e-01 4.972173e-01 4.730685e-01 3.653509e-01 5.012416e-01 6.962124e-02 5.199362e-02 6.244303e-02 9.776504e-02 1.358015e-01 1.000892e-01 1.286641e-01 8.645599e-02 9.326241e-02 1.245115e-01 1.435240e-01 8.539639e-02 5.169329e-02
<GCONST> 1.034721e+02
<MIXTURE> 3 4.344542e-01
<MEAN> 52
 1.773643e+00 6.037045e+00 8.764073e+00 2.534423e+00 -1.128231e+01 -5.653728e-01 -9.700594e+00 -1.135839e+01 -8.755547e+00 1.914592e+00 -4.340250e+00 -5.094426e+00 6.323797e+01 -6.237631e-01 4.557122e-01 9.989097e-02 -2.432959e-01 1.692609e+00 -2.036729e-01 3.813376e-01 7.821164e-01 3.454957e-01 -2.180731e-01 -1.320859e-01 2.034779e-01 -1.149579e+00 -4.585521e-01 -4.176411e-01 -4.961726e-01 -3.075005e-01 3.703439e-01 -3.864427e-01 6.824835e-02 3.213586e-01 4.329828e-01 -2.446769e-01 2.041997e-01 3.392496e-02 4.601632e-01 5.755104e-02 -1.794911e-01 -1.890877e-01 -1.377024e-01 -2.044571e-01 2.545436e-02 -1.979585e-01 -6.510415e-02 1.349614e-01 7.968567e-02 8.229827e-03 -3.077761e-02 3.408968e-01
<VARIANCE> 52
 7.169268e+00 1.752236e+01 2.181771e+01 4.661469e+01 2.842361e+01 2.902562e+01 4.208996e+01 3.065348e+01 3.495048e+01 3.333247e+01 2.930765e+01 3.073233e+01 1.396933e+01 4.304757e-01 9.386724e-01 7.947523e-01 1.074856e+00 1.367578e+00 1.738097e+00 2.367596e+00 2.628120e+00 2.099921e+00 1.697256e+00 1.846584e+00 1.560501e+00 4.029846e-01 9.964702e-02 1.783990e-01 2.599618e-01 3.291500e-01 4.069241e-01 4.461154e-01 4.443956e-01 5.591822e-01 5.264970e-01 3.519443e-01 3.487654e-01 3.497237e-01 2.560408e-01 3.222161e-02 4.553869e-02 4.563573e-02 7.404649e-02 6.674483e-02 1.001828e-01 1.309657e-01 1.279102e-01 1.041708e-01 8.999675e-02 8.743895e-02 8.164296e-02 3.076599e-02
<GCONST> 9.161295e+01
<STATE> 6
<NUMMIXES> 3
<MIXTURE> 1 4.498320e-01
<MEAN> 52
 -7.451353e+00 -1.466937e+00 -2.566338e+00 -6.938183e+00 -6.254930e+00 -1.037510e+01 -1.009553e+01 -2.592230e+00 -7.063620e-01 -2.382983e+00 -5.551559e+00 -1.892473e+00 7.236505e+01 5.030991e-01 -2.541502e+00 -2.516204e+00 -3.949839e+00 4.641201e-01 4.929423e-01 -2.577605e+00 1.866763e+00 2.093325e+00 1.192704e+00 -4.255753e-01 -8.118351e-01 3.836938e+00 9.564153e-01 2.149420e-01 2.099667e-01 -3.549324e-01 -1.651220e-02 1.324699e+00 -4.346697e-01 -8.457146e-01 -7.628360e-01 3.372983e-01 2.498503e-02 -4.899212e-01 -6.607363e-01 -1.261888e-01 4.074436e-01 2.871499e-01 5.080703e-01 8.524122e-02 5.686518e-02 5.580078e-01 -2.520245e-01 -4.039052e-01 -2.717245e-01 2.134104e-01 1.671472e-01 -6.453573e-01
<VARIANCE> 52
 2.166635e+01 2.915406e+01 4.144729e+01 6.448836e+01 4.003684e+01 4.459095e+01 4.180638e+01 5.175782e+01 4.609887e+01 4.107127e+01 3.321656e+01 2.528834e+01 2.598187e+01 1.969301e+00 1.590383e+00 1.573528e+00 2.765965e+00 4.798803e+00 5.168437e+00 6.502242e+00 6.560594e+00 4.865165e+00 4.054338e+00 6.733428e+00 2.960907e+00 2.109901e+00 4.371242e-01 3.643768e-01 4.608122e-01 7.595505e-01 1.189091e+00 7.445616e-01 1.035716e+00 7.623713e-01 5.724890e-01 8.076814e-01 1.173391e+00 5.423262e-01 5.656574e-01 9.200274e-02 7.233664e-02 7.100610e-02 1.154255e-01 1.806744e-01 2.259430e-01 2.499554e-01 2.604488e-01 1.677678e-01 1.679548e-01 3.059106e-01 1.324808e-01 9.485882e-02
<GCONST> 1.289951e+02
<MIXTURE> 2 2.629912e-01
<MEAN> 52
 -6.024019e+00 2.364239e+00 3.483018e+00 -3.152151e+00 -5.296035e+00 -5.638635e+00 -9.270292e+00 -9.151268e+00 -6.478247e+00 -5.547296e+00 -6.322576e+00 -3.519398e+00 5.829599e+01 -2.238492e+00 -1.720798e+00 -2.524399e+00 -1.216689e+00 2.750762e-01 -1.525730e+00 7.527136e-01 2.203868e+00 2.005698e+00 1.927860e-01 1.322669e+00 8.856119e-01 3.348663e+00 6.529639e-01 -5.758284e-01 -5.939798e-01 -1.238473e+00 -6.366828e-01 -1.715797e-02 -1.072555e+00 2.484450e-01 8.777849e-02 5.731438e-01 -4.527673e-01 -2.285996e-01 1.425945e+00 4.322689e-01 2.022036e-01 3.165261e-01 -2.389719e-02 1.749981e-01 4.532465e-01 -2.149375e-01 -2.709215e-01 -3.006834e-01 6.037345e-02 -2.061181e-01 -2.455940e-01 -5.055220e-01
<VARIANCE> 52
 2.598439e+01 2.638882e+01 4.416229e+01 3.595661e+01 4.079403e+01 4.261064e+01 3.638982e+01 3.361298e+01 2.518555e+01 3.282390e+01 4.094528e+01 1.737982e+01 2.803564e+01 1.646413e+00 1.935935e+00 2.160212e+00 3.959275e+00 2.997327e+00 4.338206e+00 4.230243e+00 3.664940e+00 2.689266e+00 3.716512e+00 4.802684e+00 2.532338e+00 3.113241e+00 4.510522e-01 4.564255e-01 3.839844e-01 6.356662e-01 8.439476e-01 1.147352e+00 8.888301e-01 9.338512e-01 5.553863e-01 7.850254e-01 1.111511e+00 5.351974e-01 3.641905e-01 6.926902e-02 8.264855e-02 9.486163e-02 1.633963e-01 1.653677e-01 1.783839e-01 1.587824e-01 1.517795e-01 1.111561e-01 1.518064e-01 2.306681e-01 1.097004e-01 1.470585e-01
<GCONST> 1.233830e+02
<MIXTURE> 3 2.871769e-01
<MEAN> 52
 -3.857502e-01 -2.508631e+00 -8.098258e-01 -1.097337e+01 -6.793908e+00 1.487539e+00 -1.985714e+01 -4.664140e+00 5.723751e-01 4.226198e+00 3.678826e-01 -9.181927e+00 7.506103e+01 2.174494e+00 -1.207624e+00 -1.222751e+00 -3.772695e+00 -9.929775e-01 3.912649e+00 -1.925899e+00 -8.158770e-02 -6.575100e-01 1.014737e+00 2.173169e+00 -9.009655e-01 1.222139e+00 1.324839e-01 7.371152e-01 4.556985e-01 6.263151e-01 -1.190180e-01 3.871670e-01 1.511318e+00 -3.580069e-01 -1.202106e+00 -6.638439e-01 -1.179425e-01 5.519767e-01 -1.162252e+00 -4.359622e-01 1.381541e-01 5.817445e-02 4.597603e-01 2.154119e-01 -6.738093e-01 3.879842e-01 1.688225e-01 1.877972e-01 -2.920956e-01 -3.648522e-01 1.727234e-01 -8.338903e-02
<VARIANCE> 52
 1.085433e+01 2.474162e+01 2.930676e+01 5.391674e+01 3.072136e+01 3.716431e+01 5.314264e+01 4.266669e+01 4.073548e+01 4.353362e+01 4.130413e+01 2.493634e+01 1.597941e+01 1.703866e+00 1.652470e+00 2.232051e+00 3.025203e+00 3.359387e+00 3.615201e+00 6.626349e+00 4.619001e+00 3.669641e+00 5.383687e+00 3.114697e+00 3.402680e+00 1.521486e+00 2.706910e-01 2.706233e-01 2.698973e-01 4.272364e-01 5.152032e-01 7.130498e-01 5.848258e-01 6.728582e-01 6.012554e-01 6.753260e-01 6.460312e-01 4.823780e-01 2.084022e-01 6.834231e-02 7.585911e-02 1.101003e-01 1.077825e-01 1.344118e-01 1.398318e-01 2.495350e-01 1.861480e-01 1.467357e-01 1.960258e-01 1.303540e-01 1.674615e-01 8.018681e-02
<GCONST> 1.181312e+02
<STATE> 7
<NUMMIXES> 3
<MIXTURE> 1 4.644150e-01
<MEAN> 52
 1.432213e+00 -1.987815e+00 -5.172661e+00 -1.647151e+01 -5.623718e+00 6.619330e+00 -1.549268e+01 -6.974504e+00 -3.764652e+00 1.688000e+00 2.391695e+00 -6.106288e+00 7.412067e+01 8.495473e-01 6.443452e-01 -5.657140e-01 -1.157055e+00 -4.582624e-01 1.740360e+00 2.031666e+00 1.225457e-01 -2.223249e+00 -1.469673e+00 1.056734e+00 8.630632e-01 -6.935824e-01 -3.373939e-01 3.028845e-01 4.727608e-01 9.805714e-01 -1.441709e-01 -9.617628e-01 7.512150e-01 3.416213e-01 -5.424481e-02 -5.076510e-01 -7.601705e-01 1.380552e-01 -3.470050e-01 -7.515961e-02 -2.375029e-01 -7.408525e-03 -5.606109e-03 5.853542e-02 -2.010853e-01 -4.611528e-01 4.293761e-02 4.498703e-01 2.707333e-01 -1.863474e-01 -2.385852e-01 2.858852e-01
<VARIANCE> 52
 9.073063e+00 2.390125e+01 4.645810e+01 5.666112e+01 3.399274e+01 4.362477e+01 7.063017e+01 6.246963e+01 7.195603e+01 6.727354e+01 5.415688e+01 2.955701e+01 1.392961e+01 2.395567e-01 6.906799e-01 8.355163e-01 1.483974e+00 1.225631e+00 2.061807e+00 2.059501e+00 2.313258e+00 1.640597e+00 2.837996e+00 2.025243e+00 1.607017e+00 3.221275e-01 1.122671e-01 1.994781e-01 2.278241e-01 2.631747e-01 4.356643e-01 4.305528e-01 6.645717e-01 5.591142e-01 5.944812e-01 5.846601e-01 5.309821e-01 5.785480e-01 1.437298e-01 2.234308e-02 2.771349e-02 4.664171e-02 5.332230e-02 7.469517e-02 1.176856e-01 1.129081e-01 1.229033e-01 8.089978e-02 1.292692e-01 1.203819e-01 7.288408e-02 2.341214e-02
<GCONST> 9.660524e+01
<MIXTURE> 2 3.071692e-01
<MEAN> 52
 -4.615652e+00 -8.717011e+00 -1.124641e+01 -2.036026e+01 8.848406e-02 -6.993208e+00 -1.550995e+01 -1.957840e+00 -1.278699e+00 -6.595669e-01 -1.302094e+01 -4.529498e+00 7.503232e+01 6.768485e-01 -6.587204e-02 -1.364473e+00 -1.663055e+00 2.134430e+00 2.183580e+00 -6.210943e-01 -1.522291e+00 -1.508734e+00 4.321317e-01 6.607052e-01 -1.097850e+00 -2.587986e-01 -7.809700e-02 6.654249e-01 4.284478e-01 7.748262e-01 -5.106279e-01 -9.233031e-02 6.646875e-01 -4.341640e-01 -9.130602e-01 -4.981117e-01 9.368743e-01 2.476507e-01 -7.310037e-01 -9.273672e-02 -1.674779e-01 3.257393e-02 1.217141e-02 -2.750687e-01 -4.076486e-01 1.300241e-01 4.683445e-01 1.824999e-01 -7.114383e-02 -1.169756e-01 2.026969e-01 3.075626e-01
<VARIANCE> 52
 1.293455e+01 1.926063e+01 4.727576e+01 5.061914e+01 4.630379e+01 3.491032e+01 5.379356e+01 8.296454e+01 7.802436e+01 5.541644e+01 2.758629e+01 2.318222e+01 2.964608e+01 4.735713e-01 9.115787e-01 8.503713e-01 1.004304e+00 2.756857e+00 2.123764e+00 1.938186e+00 1.920011e+00 3.090005e+00 3.195298e+00 4.051419e+00 1.390310e+00 3.862385e-01 1.502450e-01 1.926291e-01 1.785999e-01 1.917901e-01 4.933596e-01 6.797110e-01 6.172755e-01 1.036825e+00 5.676847e-01 5.514345e-01 6.220615e-01 4.173523e-01 2.529725e-01 3.448189e-02 3.948697e-02 3.720339e-02 5.168569e-02 1.386729e-01 1.227586e-01 1.044981e-01 9.103155e-02 1.014614e-01 1.355898e-01 2.514902e-01 6.806370e-02 2.479172e-02
<GCONST> 1.020599e+02
<MIXTURE> 3 2.284158e-01
<MEAN> 52
 1.341484e+00 -4.533245e+00 -2.638826e+00 -2.527803e+01 -5.901811e+00 9.746524e+00 -1.994405e+01 -4.342140e+00 -8.775749e+00 3.599743e+00 2.516576e+00 -5.544981e+00 7.428628e+01 4.398794e-01 2.407509e-01 -1.183289e-01 -2.096657e-01 9.566754e-02 4.187647e-01 1.243555e+00 4.930773e-01 -8.926890e-01 -1.762375e+00 6.981046e-01 5.866503e-01 -4.849914e-01 -9.232137e-02 -5.115648e-02 8.821139e-02 6.312024e-01 -6.135559e-02 -5.907713e-01 8.594657e-02 1.023808e-01 1.578579e-01 -8.967369e-02 -2.501500e-01 -3.279371e-01 -2.602769e-02 5.003256e-02 -7.134131e-02 1.623468e-03 -8.687355e-02 -5.016277e-02 1.186063e-01 -1.885308e-01 -7.168309e-02 2.912960e-02 2.640907e-01 -5.142425e-02 -1.596133e-01 7.497335e-02
<VARIANCE> 52
 1.012043e+01 8.932879e+00 3.107753e+01 2.825669e+01 2.766042e+01 4.068206e+01 1.257502e+01 2.122696e+01 1.789505e+01 3.416127e+01 2.373469e+01 2.443068e+01 6.549435e+00 5.190049e-02 2.485399e-01 1.817017e-01 1.145196e+00 4.857476e-01 9.922774e-01 6.579481e-01 9.343399e-01 7.363871e-01 1.237133e+00 6.940222e-01 9.199581e-01 3.979066e-02 1.632762e-02 5.594743e-02 5.204438e-02 7.570376e-02 9.840201e-02 1.599662e-01 1.908820e-01 1.602420e-01 1.640927e-01 3.138032e-01 1.320009e-01 1.594674e-01 1.024398e-02 1.064936e-02 1.749764e-02 1.472004e-02 2.494199e-02 2.087364e-02 2.786592e-02 5.702047e-02 3.400968e-02 2.682039e-02 5.453607e-02 3.803770e-02 6.076096e-02 7.321525e-03
<GCONST> 4.393063e+01
<STATE> 8
<NUMMIXES> 3
<MIXTURE> 1 3.036289e-01
<MEAN> 52
 2.469740e+00 -4.067098e+00 -2.783158e-01 -1.875581e+01 -9.770951e+00 7.228694e+00 -1.292288e+01 -1.529384e+00 -9.460459e+00 -4.829714e+00 5.107227e-01 -8.613275e+00 7.179893e+01 -2.575191e-02 3.666928e-02 5.039401e-01 1.123934e+00 -2.206708e-01 -6.271735e-01 2.104719e-01 3.042212e-01 1.472172e-02 -2.154343e-01 -6.549441e-01 -4.123369e-01 -4.221810e-01 -2.697003e-02 6.998491e-02 1.785926e-02 4.053999e-02 5.159031e-02 -5.203535e-02 -1.308477e-01 -8.546001e-02 1.333369e-01 1.714763e-01 -8.308093e-02 3.018730e-02 -4.977562e-02 1.029580e-02 2.887935e-02 -1.877801e-02 -4.308975e-02 3.284116e-02 3.396865e-02 4.496626e-02 -2.231175e-02 -4.720598e-03 -3.851794e-02 3.344495e-02 5.621909e-02 -2.481388e-02
<VARIANCE> 52
 4.326057e+00 1.941787e+01 1.676496e+01 2.527588e+01 6.381399e+01 2.244467e+01 4.913509e+01 2.123586e+01 2.711116e+01 2.736886e+01 2.756458e+01 2.159811e+01 8.537017e+00 8.331037e-02 2.298997e-01 4.408999e-01 4.632586e-01 7.794732e-01 5.196664e-01 1.358358e+00 7.100512e-01 1.010533e+00 9.429915e-01 1.195210e+00 9.234306e-01 6.659050e-02 1.009273e-02 3.434074e-02 6.933567e-02 8.246751e-02 1.167166e-01 1.014915e-01 2.114331e-01 1.298284e-01 1.743032e-01 1.443023e-01 2.054513e-01 1.619439e-01 1.067482e-02 2.230446e-03 7.144318e-03 1.527913e-02 2.028546e-02 2.550696e-02 2.663569e-02 3.692807e-02 3.150503e-02 3.777220e-02 2.582352e-02 3.908392e-02 4.221701e-02 1.558744e-03
<GCONST> 4.049879e+01
<MIXTURE> 2 2.757526e-01
<MEAN> 52
 -4.619927e+00 -9.720213e+00 -1.566205e+01 -2.500016e+01 4.976879e+00 -7.117290e+00 -9.813551e+00 -3.028723e+00 -1.753451e+01 -3.693607e+00 -9.051939e+00 -7.687793e+00 7.311241e+01 3.567090e-01 6.226467e-02 1.985640e-01 2.998788e-01 -2.952211e-01 -3.784516e-01 1.154691e+00 -4.586229e-02 -1.810905e+00 1.032751e-01 -3.577313e-01 1.402857e-02 -4.681334e-01 -1.448605e-03 8.081368e-03 1.638648e-01 1.098371e-01 -2.353289e-01 -1.710279e-01 -5.724936e-02 5.910630e-02 4.130443e-01 8.874436e-02 -3.623820e-01 1.202723e-01 -4.491412e-03 -1.203573e-02 -8.002718e-03 -2.618753e-02 -6.418878e-02 6.844571e-02 6.700982e-02 -1.094959e-01 -4.039587e-02 7.838429e-02 -1.130975e-02 1.130801e-02 -4.567078e-02 9.383786e-03
<VARIANCE> 52
 8.757758e+00 9.372508e+00 1.811239e+01 1.913178e+01 3.377190e+01 1.270246e+01 3.013671e+01 3.888915e+01 5.346280e+01 1.791990e+01 2.159437e+01 1.779217e+01 1.592675e+01 1.424957e-01 1.805277e-01 5.739715e-01 4.951820e-01 9.500391e-01 9.200161e-01 8.014778e-01 5.295188e-01 2.615737e+00 1.149014e+00 2.864211e+00 1.034084e+00 5.666556e-02 2.417079e-02 3.563453e-02 4.831315e-02 1.015747e-01 9.968078e-02 2.202541e-01 1.530937e-01 1.128558e-01 2.145808e-01 2.039868e-01 3.178641e-01 1.423389e-01 7.868632e-03 5.555585e-03 8.012601e-03 1.054599e-02 2.064622e-02 2.417876e-02 3.765785e-02 2.539689e-02 2.292707e-02 7.025430e-02 4.769734e-02 9.292776e-02 3.224303e-02 3.254363e-03
<GCONST> 4.648378e+01
<MIXTURE> 3 4.206184e-01
<MEAN> 52
 3.710279e+00 7.291965e-01 -5.468288e+00 -1.442005e+01 -8.737109e+00 7.514990e+00 -7.230099e+00 -4.108370e+00 -7.702830e+00 -4.591252e+00 1.296968e+00 -6.002829e+00 7.157313e+01 1.465603e-01 3.173262e-01 7.996691e-01 1.279463e+00 -8.520184e-01 -6.915643e-01 1.515466e+00 2.167556e-01 -4.743802e-01 -5.508029e-01 -1.817721e+00 -2.942055e-01 -6.336423e-01 -2.351654e-01 -1.318161e-01 4.150676e-01 4.464395e-01 1.337034e-01 -3.755456e-01 -5.059005e-01 -3.413242e-01 5.253372e-01 4.153729e-01 -4.338646e-01 8.487849e-03 5.483449e-02 4.568905e-02 -2.277918e-02 -1.028429e-01 -1.791675e-01 9.887964e-02 2.169341e-01 -2.048709e-01 -8.502164e-02 -4.131160e-02 5.295426e-02 3.149701e-01 8.956987e-02 3.282754e-02
<VARIANCE> 52
 7.804695e+00 2.198098e+01 4.227470e+01 5.185111e+01 3.972393e+01 5.005648e+01 6.282919e+01 6.610289e+01 6.801409e+01 7.735302e+01 5.373845e+01 3.222990e+01 1.152296e+01 2.493221e-01 7.022278e-01 1.161923e+00 1.477796e+00 1.680900e+00 1.902179e+00 2.160789e+00 3.036296e+00 3.219116e+00 3.010911e+00 2.493878e+00 2.478967e+00 2.230380e-01 4.011172e-02 9.181233e-02 1.837139e-01 2.363278e-01 2.926013e-01 3.451059e-01 4.408634e-01 4.074777e-01 3.548393e-01 5.027931e-01 5.198042e-01 4.141538e-01 4.048178e-02 1.084169e-02 2.826666e-02 5.091266e-02 4.331113e-02 7.729141e-02 7.550861e-02 1.088890e-01 1.088145e-01 1.033430e-01 1.126030e-01 1.108001e-01 1.011878e-01 1.455510e-02
<GCONST> 9.105962e+01
<STATE> 9
<NUMMIXES> 3
<MIXTURE> 1 6.239168e-01
<MEAN> 52
 2.536465e+00 1.826767e+00 3.017364e+00 -6.209403e+00 -1.077362e+01 4.338033e+00 -7.443107e+00 -6.557932e+00 -5.046692e+00 -1.866831e+00 -4.912489e+00 -5.487171e+00 6.814883e+01 -2.201175e-01 2.515039e-01 7.109681e-01 1.082116e+00 4.549564e-01 -4.336427e-01 -3.294710e-01 -5.888556e-01 1.357093e-01 3.088454e-01 -4.701205e-01 1.992408e-01 -6.090418e-01 3.346322e-04 9.425317e-02 -1.100667e-01 3.112385e-02 1.477176e-01 3.280997e-02 -4.636730e-02 -9.747739e-03 -8.261884e-02 3.951875e-02 2.051811e-01 -1.852084e-02 -8.251440e-02 1.447977e-02 2.612977e-02 -3.472361e-02 -2.429424e-02 -3.541771e-02 2.306334e-02 1.010153e-01 4.916250e-02 -4.046563e-02 -5.021139e-02 -7.926286e-03 -5.745145e-03 -2.537199e-02
<VARIANCE> 52
 7.121184e+00 1.898956e+01 3.425486e+01 3.907488e+01 4.311614e+01 3.235079e+01 5.329089e+01 5.667952e+01 4.692525e+01 5.561729e+01 2.650351e+01 3.584581e+01 1.771800e+01 2.064876e-01 5.137126e-01 1.412109e+00 1.124995e+00 1.186164e+00 1.216937e+00 2.290338e+00 1.832673e+00 1.644904e+00 1.785509e+00 1.761642e+00 1.534353e+00 2.017056e-01 4.129721e-02 9.918530e-02 2.402972e-01 1.980445e-01 2.722391e-01 2.380057e-01 4.103704e-01 3.262502e-01 2.865811e-01 2.967318e-01 4.153811e-01 2.923603e-01 4.209626e-02 9.554399e-03 2.073383e-02 5.180487e-02 4.133023e-02 5.401024e-02 5.347969e-02 8.767737e-02 7.062164e-02 6.741983e-02 7.151030e-02 8.284403e-02 6.812555e-02 6.857870e-03
<GCONST> 7.888937e+01
<MIXTURE> 2 1.357021e-01
<MEAN> 52
 -4.275007e+00 -1.142664e+01 -4.662452e+00 -2.354364e+01 -2.547917e+00 -1.469125e+01 -9.222007e+00 2.316387e+00 -1.715382e+01 -3.571218e+00 -1.848113e+01 -3.525690e+00 7.238898e+01 7.315126e-02 4.456579e-02 6.836420e-01 4.968267e-01 -4.835990e-01 -5.792619e-01 -1.032154e-01 3.820071e-02 1.123805e-01 -5.351150e-01 -4.714584e-01 -2.011663e-01 -4.398664e-01 -2.134312e-02 4.114787e-02 -1.544435e-01 6.469415e-02 5.277668e-02 1.538546e-01 -7.343210e-02 -1.026213e-01 -3.281844e-02 -1.033512e-01 2.496439e-01 -8.839798e-02 -4.337301e-02 6.735573e-03 2.925718e-02 -3.531905e-02 -8.113748e-03 -1.079976e-02 1.212682e-02 1.639876e-02 -1.177636e-02 -2.485934e-02 1.089999e-02 1.268547e-03 3.215346e-02 -1.832135e-02
<VARIANCE> 52
 2.859910e+00 1.129448e+01 8.069803e+01 2.046136e+01 5.360560e+01 1.642203e+01 2.219353e+01 1.432357e+01 6.336329e+00 1.397558e+01 1.154634e+01 6.729027e+00 2.688056e+00 1.215684e-01 2.098165e-01 4.900703e-01 5.153344e-01 4.020464e-01 9.329504e-01 6.041098e-01 9.785169e-01 6.140065e-01 6.932904e-01 1.335460e+00 6.129717e-01 6.637488e-02 2.463942e-02 4.634134e-02 6.385022e-02 8.680358e-02 8.429051e-02 1.072867e-01 9.537600e-02 1.271102e-01 1.037808e-01 1.101847e-01 1.873425e-01 1.017303e-01 1.491859e-02 4.957831e-03 8.921888e-03 1.203289e-02 2.138519e-02 1.634159e-02 3.295691e-02 1.554421e-02 3.356860e-02 2.861887e-02 2.369634e-02 4.510687e-02 2.239893e-02 2.112528e-03
<GCONST> 3.104851e+01
<MIXTURE> 3 2.403811e-01
<MEAN> 52
 -1.629339e-01 -5.779387e+00 -8.833457e+00 -1.449501e+01 -6.934693e+00 -7.234479e+00 -1.496460e+01 -5.560789e+00 -2.065800e+01 -1.471540e+01 -1.274228e+01 -6.621105e+00 6.429607e+01 -1.196980e-01 3.137448e-01 8.517335e-01 7.003589e-01 -2.432915e-01 -5.580404e-01 -7.455943e-01 -1.001813e-01 3.015832e-02 -3.616476e-01 -3.990117e-01 1.727824e-01 -5.652704e-01 -7.338280e-03 6.077383e-02 -4.094703e-02 -6.069466e-02 4.521640e-02 2.944635e-02 -8.057388e-02 -1.009510e-01 1.768726e-01 1.272641e-01 1.285941e-01 -2.372437e-02 -4.684738e-02 1.949593e-02 2.942767e-02 -1.839100e-02 7.860006e-03 -2.292389e-02 1.679615e-02 9.201222e-02 -3.334158e-02 -1.926914e-02 4.774494e-03 3.613634e-02 -7.998791e-03 -2.051016e-02
<VARIANCE> 52
 4.215029e+00 2.169945e+01 3.752747e+01 2.428454e+01 4.579344e+01 2.919268e+01 7.965498e+01 3.396628e+01 6.697040e+01 1.396367e+02 3.036237e+01 6.459042e+01 5.524063e+01 2.087410e-01 4.079372e-01 1.244761e+00 1.200065e+00 1.605638e+00 1.624481e+00 2.124179e+00 1.209424e+00 2.286859e+00 1.691991e+00 1.111973e+00 1.602974e+00 1.275290e-01 3.064603e-02 6.119384e-02 1.799358e-01 1.613618e-01 2.419899e-01 2.973880e-01 4.224805e-01 2.661788e-01 3.545013e-01 3.401107e-01 2.164650e-01 3.668747e-01 1.903728e-02 6.934224e-03 1.139579e-02 3.530317e-02 4.128961e-02 5.941195e-02 6.985950e-02 8.122411e-02 5.266684e-02 5.783230e-02 8.017065e-02 4.742476e-02 8.272849e-02 4.018354e-03
<GCONST> 7.585784e+01
<STATE> 10
<NUMMIXES> 3
<MIXTURE> 1 4.372268e-01
<MEAN> 52
 2.248705e+00 3.491891e+00 5.049823e+00 -4.424554e-01 -8.240383e+00 8.463480e-01 -9.687234e+00 -9.808559e+00 -7.524202e+00 2.154346e+00 -5.696246e+00 -5.398213e+00 6.591750e+01 -1.454861e-01 1.261632e+00 6.581126e-01 1.602598e+00 5.164614e-01 -6.467622e-01 4.592408e-01 -5.147435e-01 -5.740812e-02 5.605155e-02 -4.083069e-01 1.839603e-01 -1.588834e+00 -2.193152e-01 -1.334426e-01 -1.589015e-01 -3.305694e-01 1.793624e-01 4.047273e-02 1.751397e-01 4.195850e-01 1.431906e-01 -3.816709e-01 2.865142e-01 9.864389e-02 4.624425e-02 -8.854012e-02 -2.134380e-01 -4.226840e-02 -1.746664e-01 -6.955510e-02 5.698808e-03 -3.796606e-02 1.025016e-01 3.904478e-02 -3.480334e-02 9.303693e-02 1.142137e-02 2.070125e-01
<VARIANCE> 52
 5.379421e+00 2.761592e+01 2.883932e+01 4.897825e+01 4.242247e+01 3.298759e+01 6.793010e+01 6.449918e+01 5.239969e+01 5.978552e+01 3.984753e+01 3.950748e+01 1.767721e+01 4.125655e-01 7.659662e-01 2.245667e+00 2.289560e+00 3.222849e+00 2.177390e+00 2.794817e+00 3.608321e+00 2.901025e+00 3.125972e+00 3.297061e+00 2.152039e+00 3.725190e-01 1.153183e-01 2.460993e-01 3.237482e-01 3.995711e-01 5.291345e-01 4.362195e-01 4.917340e-01 6.124617e-01 5.103392e-01 5.241913e-01 5.209585e-01 4.481494e-01 1.783958e-01 2.184425e-02 2.552523e-02 8.880366e-02 8.048348e-02 1.442525e-01 1.074104e-01 9.808583e-02 1.372547e-01 1.096059e-01 1.254617e-01 1.218930e-01 9.529331e-02 2.574024e-02
<GCONST> 1.035774e+02
<MIXTURE> 2 2.552491e-01
<MEAN> 52
 -3.427022e+00 -5.314130e+00 -9.549498e+00 -1.709961e+01 -4.168518e+00 -1.253653e+01 -1.021719e+01 -4.391846e+00 -1.680999e+01 -9.451143e+00 -1.490782e+01 -6.508898e+00 6.531664e+01 8.588155e-02 8.107372e-01 1.408051e-01 1.247967e+00 -6.894141e-01 4.073443e-02 -4.584364e-01 -1.020125e+00 5.219136e-01 -4.879657e-01 9.725885e-01 3.496768e-02 -1.124185e+00 -4.130208e-02 3.128179e-03 1.087455e-01 1.900714e-01 5.138190e-02 5.479538e-02 2.583413e-02 -7.554334e-02 4.268812e-02 6.145991e-02 1.603301e-01 1.727623e-01 -3.433818e-02 -2.848153e-02 -6.195154e-02 2.514984e-02 -5.722475e-02 7.215768e-02 2.705044e-02 3.504190e-02 8.636490e-02 1.441776e-02 4.738262e-02 -9.283020e-02 1.401342e-02 4.388291e-02
<VARIANCE> 52
 1.127970e+01 1.740514e+01 7.109769e+01 4.470440e+01 3.462175e+01 3.418951e+01 2.973290e+01 3.501110e+01 4.605493e+01 5.741431e+01 2.704753e+01 2.706631e+01 2.781018e+01 4.020486e-01 7.095028e-01 1.386865e+00 1.421532e+00 1.649639e+00 1.901656e+00 1.378482e+00 2.172650e+00 1.665011e+00 1.801902e+00 1.577547e+00 1.366492e+00 3.175316e-01 7.083553e-02 1.285662e-01 2.440121e-01 2.849589e-01 3.697390e-01 3.416843e-01 2.754941e-01 3.729323e-01 3.012331e-01 2.998009e-01 3.361595e-01 2.883127e-01 4.407199e-02 1.389382e-02 2.254640e-02 4.945556e-02 7.136761e-02 6.745981e-02 7.615267e-02 5.390607e-02 8.319092e-02 7.053724e-02 6.176763e-02 5.826652e-02 6.752561e-02 5.951768e-03
<GCONST> 8.306261e+01
<MIXTURE> 3 3.075241e-01
<MEAN> 52
 -2.007184e+00 6.584642e-01 -3.657439e+00 -8.269914e+00 -7.327375e+00 -1.127813e+01 -1.538899e+01 -1.292834e+01 -1.512971e+01 -1.224863e+01 -1.035348e+01 -2.082619e+00 5.777471e+01 -4.353034e-01 6.761700e-02 1.171524e-01 8.761322e-01 2.535745e-01 8.630178e-01 6.031488e-01 -1.257246e-01 1.067729e+00 7.047096e-01 6.422607e-01 3.691263e-01 -9.189429e-01 -1.216737e-01 -2.498470e-01 -1.202929e-01 -2.125915e-01 9.758210e-02 2.134092e-01 3.006954e-01 4.361403e-01 2.066104e-01 2.540006e-01 -4.071703e-02 -5.757801e-02 1.417732e-01 9.208948e-03 -8.022447e-04 1.731655e-02 -5.437379e-02 -7.859347e-02 -9.959718e-02 -6.069374e-02 4.687038e-03 -2.787768e-02 -1.909154e-02 -2.017564e-02 -2.624610e-02 5.402221e-02
<VARIANCE> 52
 1.610495e+01 2.243457e+01 2.818679e+01 2.575903e+01 2.874612e+01 4.800463e+01 4.698251e+01 4.070188e+01 6.980825e+01 5.194524e+01 3.235813e+01 4.287877e+01 3.111410e+01 8.638901e-01 1.668732e+00 1.823338e+00 1.689345e+00 2.977651e+00 3.086431e+00 3.605501e+00 4.824187e+00 4.538027e+00 2.701394e+00 2.698561e+00 2.452585e+00 5.253944e-01 1.481724e-01 1.778707e-01 2.576340e-01 2.842284e-01 3.836547e-01 4.545308e-01 4.635424e-01 5.242796e-01 6.897210e-01 4.125994e-01 4.569062e-01 3.822304e-01 9.360342e-02 3.402374e-02 5.481682e-02 6.434231e-02 7.685778e-02 1.233318e-01 1.155582e-01 1.289958e-01 1.766576e-01 1.672256e-01 9.733595e-02 1.158434e-01 1.017748e-01 1.892891e-02
<GCONST> 1.050857e+02
<STATE> 11
<NUMMIXES> 3
<MIXTURE> 1 3.027149e-01
<MEAN> 52
 -3.314903e+00 4.557103e+00 4.064525e+00 7.938740e-01 -5.661896e+00 -3.995675e+00 -6.297211e+00 -7.894358e+00 -6.478747e+00 -2.205094e+00 -4.507984e+00 -3.510571e+00 6.211442e+01 -1.778203e+00 -9.735180e-01 6.824048e-01 -1.040596e+00 -7.862152e-01 -6.687537e-01 2.914054e-01 1.174177e+00 4.056530e-01 -7.857149e-01 1.535523e+00 5.980444e-01 1.533832e+00 1.390445e-01 -2.476919e-01 4.912957e-01 -3.980659e-01 -9.751143e-01 1.825323e-01 -5.391632e-01 -1.598723e-01 -2.631233e-01 1.740504e-01 1.404417e-01 -5.082371e-02 7.282887e-01 2.569755e-01 1.819636e-01 2.048547e-02 1.640583e-01 4.070112e-02 1.114840e-01 -7.297767e-02 -1.455554e-01 -1.082657e-01 1.143514e-01 -2.236391e-01 -1.111464e-01 -2.483658e-01
<VARIANCE> 52
 3.106755e+01 3.263649e+01 4.110530e+01 3.767279e+01 4.146304e+01 4.766488e+01 5.677715e+01 3.741133e+01 3.967553e+01 4.588696e+01 3.477141e+01 2.476724e+01 5.080069e+01 2.253388e+00 2.321974e+00 4.471819e+00 4.231801e+00 7.685268e+00 4.834658e+00 6.040709e+00 4.407310e+00 4.639912e+00 5.497693e+00 3.118683e+00 2.760478e+00 3.535546e+00 6.561037e-01 5.745468e-01 6.187394e-01 7.951218e-01 1.016483e+00 8.442689e-01 1.005490e+00 9.090104e-01 8.011006e-01 8.311739e-01 7.523067e-01 6.403903e-01 5.051894e-01 9.004694e-02 1.051546e-01 1.965085e-01 1.771479e-01 3.892435e-01 1.734806e-01 2.405779e-01 1.857135e-01 1.981495e-01 2.132373e-01 1.503259e-01 1.186212e-01 1.384288e-01
<GCONST> 1.346895e+02
<MIXTURE> 2 3.060284e-01
<MEAN> 52
 -5.018446e-01 5.223724e+00 3.985874e+00 7.462591e-01 1.837081e-01 3.449381e+00 -3.373660e+00 -5.590535e+00 -5.063964e+00 -2.626448e+00 -5.773505e+00 -4.285964e+00 5.871703e+01 -7.710087e-01 -4.002970e-01 -4.931191e-01 2.045886e-01 6.519597e-01 1.121036e-01 6.189543e-01 3.999476e-01 4.981680e-01 1.019021e-01 2.841523e-01 3.203563e-01 -9.007001e-01 -4.528133e-02 -3.407887e-01 -2.738775e-01 -4.473408e-01 -3.872076e-01 -2.141661e-01 -2.337275e-01 -2.704464e-02 -2.431780e-03 1.503785e-01 7.188104e-02 3.134527e-02 1.587745e-01 4.382210e-02 5.093690e-02 4.151641e-02 2.278911e-02 -6.903306e-02 -1.048459e-01 -1.014368e-01 -8.853068e-02 -4.798746e-02 -3.167393e-03 -3.304106e-02 -2.706194e-02 3.746042e-02
<VARIANCE> 52
 9.919986e+00 1.508781e+01 1.735109e+01 2.504806e+01 2.422213e+01 2.914602e+01 4.353666e+01 3.656403e+01 2.391892e+01 2.652693e+01 2.735884e+01 2.126387e+01 1.130635e+01 5.020235e-01 1.022571e+00 8.469753e-01 1.610020e+00 2.037277e+00 2.069135e+00 2.357961e+00 2.475032e+00 2.157585e+00 2.076530e+00 1.541348e+00 1.779869e+00 3.701919e-01 6.896603e-02 1.572617e-01 1.525524e-01 2.484000e-01 3.129352e-01 4.635708e-01 4.191951e-01 4.482633e-01 3.615670e-01 3.619855e-01 3.247114e-01 3.312281e-01 3.412342e-02 1.485780e-02 3.274152e-02 3.621568e-02 6.048040e-02 7.935087e-02 9.545829e-02 9.364459e-02 9.715226e-02 8.054413e-02 9.189837e-02 6.963639e-02 7.981727e-02 7.492858e-03
<GCONST> 8.282302e+01
<MIXTURE> 3 3.912567e-01
<MEAN> 52
 -6.424324e+00 -2.068679e+00 -3.500065e+00 -6.546266e+00 -3.070652e+00 -5.488739e-01 -5.226131e+00 -3.536324e+00 -4.039800e+00 -2.273702e+00 -2.917341e+00 -2.583317e+00 5.448748e+01 -5.242753e-01 -5.787365e-01 -6.552854e-01 -4.740346e-01 -4.464827e-01 -4.834266e-01 -1.042035e-01 1.131916e-02 5.235955e-01 4.420369e-01 3.321145e-01 2.740381e-01 -4.328142e-01 1.804387e-01 1.598349e-01 1.877719e-01 1.414694e-01 6.316694e-02 -1.557799e-02 -1.638722e-01 -1.803962e-01 -1.650934e-01 -1.069012e-01 -1.827124e-01 -8.208542e-02 1.487465e-01 6.011876e-03 3.051871e-02 4.839262e-02 9.902422e-02 7.864400e-02 7.348116e-02 4.674846e-02 8.587073e-03 1.567190e-02 -3.561114e-02 -2.091444e-02 -2.851131e-03 -1.742581e-02
<VARIANCE> 52
 1.497572e+01 1.879564e+01 1.804386e+01 2.886188e+01 1.752013e+01 2.391706e+01 4.149662e+01 2.378466e+01 2.785635e+01 2.479718e+01 1.936784e+01 1.791751e+01 1.635155e+01 4.920619e-01 8.747931e-01 1.156996e+00 1.535767e+00 1.671657e+00 2.141937e+00 2.617601e+00 2.313418e+00 2.421770e+00 2.237549e+00 1.722480e+00 1.753127e+00 2.110248e-01 6.931654e-02 1.397676e-01 1.644909e-01 2.247768e-01 3.221499e-01 4.086398e-01 5.245221e-01 4.117966e-01 4.022186e-01 4.074425e-01 2.710068e-01 3.335919e-01 2.909944e-02 1.766619e-02 3.565997e-02 4.145226e-02 5.177587e-02 7.565673e-02 8.763024e-02 1.148707e-01 8.860455e-02 9.769453e-02 8.986468e-02 7.059290e-02 8.079743e-02 6.132543e-03
<GCONST> 8.226944e+01
<TRANSP> 12
 0.000000e+00 1.000000e+00 0.000000e+00 0.000000e+00 0.000000e+00 0.000000e+00 0.000000e+00 0.000000e+00 0.000000e+00 0.000000e+00 0.000000e+00 0.000000e+00
 0.000000e+00 7.874901e-01 2.125099e-01 0.000000e+00 0.000000e+00 0.000000e+00 0.000000e+00 0.000000e+00 0.000000e+00 0.000000e+00 0.000000e+00 0.000000e+00
 0.000000e+00 0.000000e+00 8.387639e-01 1.612361e-01 0.000000e+00 0.000000e+00 0.000000e+00 0.000000e+00 0.000000e+00 0.000000e+00 0.000000e+00 0.000000e+00
 0.000000e+00 0.000000e+00 0.000000e+00 8.352197e-01 1.647803e-01 0.000000e+00 0.000000e+00 0.000000e+00 0.000000e+00 0.000000e+00 0.000000e+00 0.000000e+00
 0.000000e+00 0.000000e+00 0.000000e+00 0.000000e+00 7.481924e-01 2.518076e-01 0.000000e+00 0.000000e+00 0.000000e+00 0.000000e+00 0.000000e+00 0.000000e+00
 0.000000e+00 0.000000e+00 0.000000e+00 0.000000e+00 0.000000e+00 7.579576e-01 2.420424e-01 0.000000e+00 0.000000e+00 0.000000e+00 0.000000e+00 0.000000e+00
 0.000000e+00 0.000000e+00 0.000000e+00 0.000000e+00 0.000000e+00 0.000000e+00 7.180576e-01 2.819425e-01 0.000000e+00 0.000000e+00 0.000000e+00 0.000000e+00
 0.000000e+00 0.000000e+00 0.000000e+00 0.000000e+00 0.000000e+00 0.000000e+00 0.000000e+00 7.965153e-01 2.034847e-01 0.000000e+00 0.000000e+00 0.000000e+00
 0.000000e+00 0.000000e+00 0.000000e+00 0.000000e+00 0.000000e+00 0.000000e+00 0.000000e+00 0.000000e+00 8.405524e-01 1.594476e-01 0.000000e+00 0.000000e+00
 0.000000e+00 0.000000e+00 0.000000e+00 0.000000e+00 0.000000e+00 0.000000e+00 0.000000e+00 0.000000e+00 0.000000e+00 7.981237e-01 2.018763e-01 0.000000e+00
 0.000000e+00 0.000000e+00 0.000000e+00 0.000000e+00 0.000000e+00 0.000000e+00 0.000000e+00 0.000000e+00 0.000000e+00 0.000000e+00 8.140640e-01 1.859360e-01
 0.000000e+00 0.000000e+00 0.000000e+00 0.000000e+00 0.000000e+00 0.000000e+00 0.000000e+00 0.000000e+00 0.000000e+00 0.000000e+00 0.000000e+00 0.000000e+00
<ENDHMM>
