~o
<STREAMINFO> 1 52
<VECSIZE> 52<NULLD><MFCC_D_A_T_0><DIAGC>
~h "lx"
<BEGINHMM>
<NUMSTATES> 12
<STATE> 2
<NUMMIXES> 3
<MIXTURE> 1 4.900286e-01
<MEAN> 52
 -3.512210e+00 2.493866e+00 1.476404e+01 -5.065088e-01 -1.054598e+01 -6.241255e+00 -1.056472e+01 -2.405430e+00 -9.147556e+00 -2.148071e+00 6.610207e-01 -1.074714e+00 6.920157e+01 -4.149719e-01 -7.828754e-01 1.089113e+00 -1.361809e+00 -2.684564e+00 1.515736e-01 -4.875981e-02 8.248791e-01 -7.937255e-01 1.340847e-01 1.745287e+00 3.663134e-01 2.174973e+00 -1.217493e-01 -2.496084e-02 -2.591411e-01 -2.161700e-01 2.955602e-03 4.305005e-01 -7.477053e-03 -7.281788e-02 9.933598e-02 3.292363e-02 8.641716e-03 -1.503545e-01 -2.923501e-01 1.478632e-01 2.505618e-01 -3.538814e-02 1.997714e-01 4.026134e-01 4.413422e-05 -6.289490e-02 -1.725363e-01 6.650874e-02 1.943140e-02 -2.819923e-01 -1.054572e-01 -2.407681e-01
<VARIANCE> 52
 1.287704e+01 2.790284e+01 3.886950e+01 4.995203e+01 5.851408e+01 4.571972e+01 5.881050e+01 5.361496e+01 3.862220e+01 3.949863e+01 3.991819e+01 2.829230e+01 2.923407e+01 1.218711e+00 1.851719e+00 2.718534e+00 3.617666e+00 4.142340e+00 3.874367e+00 3.880006e+00 3.983130e+00 2.934791e+00 2.987013e+00 2.695363e+00 2.768131e+00 1.497826e+00 3.020219e-01 5.170481e-01 5.073714e-01 5.528261e-01 1.080846e+00 5.038615e-01 7.664675e-01 7.704373e-01 4.912648e-01 6.326048e-01 7.083139e-01 5.108226e-01 3.529034e-01 5.708732e-02 7.862195e-02 1.054222e-01 1.235473e-01 1.786135e-01 1.470998e-01 1.793996e-01 1.607473e-01 1.097822e-01 1.422669e-01 1.221034e-01 1.222883e-01 5.077073e-02
<GCONST> 1.201400e+02
<MIXTURE> 2 3.228042e-01
<MEAN> 52
 -4.935666e+00 2.276915e+00 4.846820e+00 4.056221e-01 -1.717607e+00 -3.107820e+00 -8.188692e+00 -4.367294e+00 -4.480416e+00 -3.429308e+00 -4.664265e+00 -2.095653e+00 5.669268e+01 1.472119e+00 1.213045e+00 3.064337e+00 9.874593e-02 -1.175040e+00 -1.329993e+00 -2.025440e+00 -8.300108e-01 -1.295478e+00 -4.797063e-01 -5.522971e-01 -5.885782e-02 2.528625e+00 -2.895430e-01 -4.571247e-01 7.582834e-02 -6.324311e-01 -7.033944e-01 -2.277279e-01 8.417535e-02 1.851911e-01 -1.811396e-01 1.595482e-01 2.351796e-01 2.370387e-01 5.516620e-01 -2.255529e-01 -1.895280e-01 -3.166198e-01 -9.177339e-02 2.486483e-02 2.077658e-01 2.998152e-01 1.474467e-01 1.332712e-01 1.330681e-01 1.100235e-01 3.694445e-02 -1.920900e-01
<VARIANCE> 52
 2.063957e+01 2.957907e+01 5.515658e+01 3.297316e+01 3.354881e+01 4.010182e+01 5.049668e+01 4.219863e+01 3.509785e+01 3.855284e+01 3.132384e+01 2.004366e+01 2.997162e+01 1.371776e+00 2.882435e+00 3.982315e+00 4.675713e+00 4.139743e+00 3.859711e+00 4.097192e+00 4.754206e+00 3.986398e+00 3.881083e+00 3.528937e+00 2.688643e+00 2.561137e+00 4.007568e-01 6.265287e-01 6.952035e-01 4.689370e-01 5.974290e-01 7.012966e-01 8.929097e-01 8.559693e-01 6.511974e-01 8.578374e-01 5.602531e-01 4.071652e-01 2.862028e-01 6.503840e-02 1.280444e-01 1.554331e-01 1.285723e-01 1.684877e-01 1.724326e-01 1.767222e-01 2.008279e-01 1.800104e-01 1.957370e-01 1.275542e-01 1.230617e-01 9.212416e-02
<GCONST> 1.249648e+02
<MIXTURE> 3 1.871672e-01
<MEAN> 52
 -6.684612e+00 -2.380788e+00 1.088111e+01 -1.772131e+01 -1.411619e+01 -1.268040e+01 -1.381343e+01 -7.891861e+00 -1.323755e+01 -1.173076e+00 -1.209373e+01 -6.949748e-01 6.789001e+01 -5.127007e-01 -4.570013e-01 1.484031e+00 -2.847980e+00 -2.362155e+00 3.871754e-01 1.841750e-01 -7.207889e-01 -3.191343e-01 2.873059e+00 -1.144202e+00 6.908102e-02 2.734204e+00 -2.205085e-01 2.188459e-01 -6.685105e-01 3.814846e-01 3.389704e-01 9.151148e-01 -5.920763e-02 -5.028157e-03 6.975104e-01 8.058504e-03 1.288709e-01 8.404221e-02 -5.820053e-01 1.391371e-01 2.224614e-01 -9.327987e-02 2.720193e-01 3.347601e-01 -1.126128e-01 -3.148939e-01 2.592727e-03 7.120111e-04 -5.287125e-01 3.491098e-02 1.645874e-02 -2.839090e-01
<VARIANCE> 52
 1.075426e+01 2.641879e+01 4.140538e+01 5.848579e+01 5.079107e+01 1.975428e+01 5.063772e+01 4.602630e+01 1.904902e+01 5.990764e+01 2.872054e+01 4.004147e+01 3.009298e+01 9.820922e-01 1.843796e+00 4.255407e+00 4.050212e+00 3.745059e+00 5.298258e+00 4.515056e+00 2.222796e+00 4.175660e+00 4.420156e+00 2.202940e+00 3.447748e+00 2.645390e+00 2.292832e-01 4.877211e-01 5.506270e-01 6.552321e-01 9.729683e-01 6.181246e-01 1.622465e+00 5.750399e-01 7.645306e-01 1.603802e+00 3.910764e-01 7.130676e-01 4.223143e-01 3.926789e-02 8.070126e-02 1.681137e-01 1.476136e-01 1.414478e-01 2.250847e-01 2.201839e-01 1.136482e-01 2.120754e-01 2.084226e-01 8.674272e-02 1.368962e-01 8.463676e-02
<GCONST> 1.234877e+02
<STATE> 3
<NUMMIXES> 3
<MIXTURE> 1 5.357686e-01
<MEAN> 52
 -3.965048e+00 2.909145e+00 1.682034e+01 -3.152320e+00 -1.835604e+01 -1.304709e+00 -1.184758e+01 -1.321853e+00 -1.006354e+01 -2.809205e+00 5.380917e+00 -1.749514e+00 7.367410e+01 9.446110e-02 9.383093e-01 -3.087041e-01 -8.735719e-01 1.141539e-01 1.288861e+00 -2.497990e-01 -8.094198e-01 1.586215e-01 2.798184e-01 -1.743938e-02 -8.052416e-01 -6.391401e-02 9.658027e-02 1.850451e-01 -4.250032e-01 2.331210e-01 8.087314e-01 -1.712539e-01 1.628136e-01 -3.067396e-01 8.830221e-02 1.557508e-01 -4.930299e-01 -1.620739e-01 -3.877741e-01 -9.960324e-03 -1.238887e-01 4.900499e-02 8.992813e-02 -1.651617e-01 -1.738053e-01 9.272779e-02 1.034706e-01 -8.704510e-02 -5.580117e-03 8.943056e-02 9.741832e-02 1.305944e-01
<VARIANCE> 52
 9.499074e+00 2.651489e+01 2.556585e+01 4.052415e+01 3.005038e+01 6.264127e+01 6.096604e+01 5.105052e+01 4.347006e+01 4.727382e+01 2.515289e+01 3.486563e+01 1.265971e+01 3.488568e-01 8.981025e-01 1.330268e+00 1.120186e+00 2.784974e+00 2.040748e+00 2.676715e+00 2.300476e+00 2.650317e+00 1.939829e+00 2.405741e+00 1.864117e+00 4.041883e-01 9.342946e-02 2.161893e-01 2.301446e-01 3.024117e-01 4.294117e-01 5.238768e-01 5.355535e-01 4.410779e-01 4.896951e-01 4.067618e-01 4.353249e-01 3.919280e-01 1.362532e-01 1.760611e-02 3.553446e-02 5.072576e-02 4.194970e-02 1.168958e-01 8.408140e-02 1.036105e-01 8.201066e-02 9.346050e-02 8.668575e-02 8.741721e-02 7.461997e-02 1.829094e-02
<GCONST> 9.394730e+01
<MIXTURE> 2 2.398418e-01
<MEAN> 52
 -9.010839e+00 4.825234e-01 1.153288e+01 -2.436601e+01 -1.649965e+01 -6.093669e+00 -1.806579e+01 -1.200547e+01 -9.220083e+00 3.518386e+00 -1.636329e+01 1.279321e+00 7.232616e+01 4.099578e-02 1.520557e+00 -3.085306e-01 -6.197950e-01 1.408015e+00 1.100975e+00 -2.362675e+00 -2.891739e-01 9.283042e-01 -9.735806e-01 -7.153533e-01 7.108878e-01 -3.056604e-01 2.534232e-01 1.308023e-02 -2.295256e-01 4.820307e-01 5.902140e-01 -4.443225e-01 -3.040250e-02 2.239393e-01 -1.687987e-01 -6.077881e-01 1.732034e-01 -1.102624e-01 -4.279285e-01 -2.597166e-03 -2.272636e-01 8.737405e-02 -4.973961e-02 -2.683339e-01 -1.671022e-01 3.042207e-01 -3.304419e-03 -1.524761e-01 2.659987e-01 1.763494e-02 -1.216636e-01 1.946421e-01
<VARIANCE> 52
 5.578651e+00 1.694564e+01 1.197766e+01 2.463355e+01 2.720106e+01 1.744214e+01 3.568179e+01 2.786437e+01 3.007370e+01 3.385653e+01 2.627854e+01 3.392944e+01 1.059054e+01 3.530149e-01 4.499522e-01 1.228968e+00 1.230583e+00 1.985507e+00 1.890147e+00 2.461611e+00 2.442733e+00 2.475770e+00 2.421423e+00 1.301789e+00 1.735792e+00 4.147067e-01 7.314093e-02 2.747672e-01 2.272136e-01 2.378790e-01 4.877605e-01 3.893290e-01 6.295873e-01 3.213553e-01 4.990779e-01 6.482916e-01 2.563733e-01 3.869511e-01 1.512809e-01 2.007279e-02 2.837910e-02 4.796053e-02 4.966968e-02 7.400377e-02 1.000382e-01 1.006751e-01 7.718642e-02 1.226751e-01 1.120175e-01 5.930089e-02 6.574734e-02 2.199788e-02
<GCONST> 8.602833e+01
<MIXTURE> 3 2.243897e-01
<MEAN> 52
 -6.360335e+00 -8.556358e-02 2.296918e+01 -1.514106e+01 -1.228378e+01 1.750067e+00 -1.249098e+01 -4.468842e+00 -1.393600e+01 4.330106e+00 2.919107e+00 -2.960860e+00 7.221919e+01 1.603067e-01 8.566265e-01 -2.112522e-01 -1.069227e-01 9.743788e-01 5.341176e-01 -3.776744e-01 -1.108694e+00 -6.263300e-01 7.187685e-01 -1.203221e-01 -7.132518e-01 -5.067455e-01 1.152617e-01 9.756508e-02 -3.507191e-01 3.636059e-01 1.109146e-01 -2.388698e-01 8.762804e-02 -4.508800e-02 1.538416e-02 -5.977692e-02 2.844428e-02 4.763734e-02 -1.427305e-01 -4.389475e-02 -8.504292e-02 3.289938e-02 -4.695725e-02 -1.303332e-01 -6.422188e-02 6.002032e-02 1.362397e-01 3.620500e-02 -1.048329e-01 3.694018e-02 1.086533e-01 1.011827e-01
<VARIANCE> 52
 9.227890e+00 2.143173e+01 1.751083e+01 6.409815e+01 2.797685e+01 2.206765e+01 2.089659e+01 2.085932e+01 2.486750e+01 3.528689e+01 1.463035e+01 2.975438e+01 9.243664e+00 2.021454e-01 2.065316e-01 7.654073e-01 7.549797e-01 4.782522e-01 9.305297e-01 7.157748e-01 7.743970e-01 9.193196e-01 5.287450e-01 6.260539e-01 6.709799e-01 1.194595e-01 2.930083e-02 1.179006e-01 8.590641e-02 1.584626e-01 1.270613e-01 1.190747e-01 1.522168e-01 1.826755e-01 1.273434e-01 1.760100e-01 9.863488e-02 1.503986e-01 4.376788e-02 8.067733e-03 2.014701e-02 1.342728e-02 3.392204e-02 2.057814e-02 2.848637e-02 2.894691e-02 3.295131e-02 3.463132e-02 2.848915e-02 2.392095e-02 3.111140e-02 8.321421e-03
<GCONST> 4.801720e+01
<STATE> 4
<NUMMIXES> 3
<MIXTURE> 1 3.091183e-01
<MEAN> 52
 -2.159153e+00 5.031611e+00 6.181159e+00 -7.480146e+00 -1.368517e+01 -5.494271e+00 -1.435070e+01 -8.594647e+00 -1.201642e+01 -1.469163e+00 -8.097454e+00 -5.024059e+00 6.900806e+01 -1.621822e-01 8.974777e-01 -6.588805e-01 6.375997e-01 1.935779e-01 -1.346718e-02 4.700857e-01 -8.368633e-01 -1.906860e-02 -5.448484e-01 -8.680533e-02 6.370444e-02 -3.995420e-01 -5.836249e-01 2.875886e-01 1.106115e-01 1.574043e-01 2.456948e-01 1.961121e-03 2.821614e-01 3.623486e-03 2.772355e-01 -2.344271e-01 2.383772e-01 1.653077e-01 5.254468e-02 -2.160913e-01 -4.684326e-02 -2.513288e-02 8.876184e-03 1.292125e-01 1.006891e-02 9.845025e-02 1.402924e-01 8.824120e-02 7.376084e-02 3.350478e-02 -3.228755e-02 5.147664e-02
<VARIANCE> 52
 1.470016e+01 1.973490e+01 3.453410e+01 1.327103e+02 4.587378e+01 4.755281e+01 1.103889e+02 9.432152e+01 4.139122e+01 8.581337e+01 1.341129e+02 4.109488e+01 2.234598e+01 1.436551e+00 1.549569e+00 2.955108e+00 3.160709e+00 3.370203e+00 2.702448e+00 3.702627e+00 3.404594e+00 3.177311e+00 3.562911e+00 4.266250e+00 2.974156e+00 4.989547e-01 2.717203e-01 3.143086e-01 4.146412e-01 7.550131e-01 7.013993e-01 5.634791e-01 8.732345e-01 6.624170e-01 6.097272e-01 6.314007e-01 7.915413e-01 6.538473e-01 8.251656e-02 3.080867e-02 6.749138e-02 1.168389e-01 1.398079e-01 1.590195e-01 1.447561e-01 1.893071e-01 1.397550e-01 1.423579e-01 1.501127e-01 1.767471e-01 1.297389e-01 2.284594e-02
<GCONST> 1.202555e+02
<MIXTURE> 2 2.783594e-01
<MEAN> 52
 -5.489670e+00 2.607926e+00 7.001492e+00 -2.163990e+01 -9.173449e+00 -7.836420e+00 -2.468565e+01 -9.621509e+00 -9.536307e+00 -2.304102e+00 -1.869153e+01 1.272046e+00 6.811791e+01 4.548950e-01 -7.082351e-03 -5.948535e-01 7.009353e-01 2.219527e-01 -3.848524e-01 -1.116618e-01 -1.548909e-01 -1.926634e-01 -4.683147e-01 -2.376469e-01 -5.017216e-01 -4.787921e-01 -7.476901e-02 1.679767e-02 -2.834802e-02 7.288548e-02 -2.444102e-01 -7.343812e-03 2.272914e-01 -1.431340e-01 -5.515738e-02 3.119745e-02 1.010969e-01 -5.622133e-02 1.462859e-02 -6.603397e-02 9.562342e-02 -8.905522e-03 -1.543667e-03 6.652615e-03 5.413205e-02 -2.465423e-02 -3.074055e-02 3.926145e-02 -4.256604e-02 4.576094e-02 3.369897e-02 1.030713e-02
<VARIANCE> 52
 1.069100e+01 1.284246e+01 1.342129e+01 5.660426e+01 4.510011e+01 2.424339e+01 2.212466e+01 5.376805e+01 2.590710e+01 4.869348e+01 3.752539e+01 3.206533e+01 2.058138e+01 2.861204e-01 7.159238e-01 6.658503e-01 1.353555e+00 1.491726e+00 1.275428e+00 2.008119e+00 1.857427e+00 1.597834e+00 1.696691e+00 1.336204e+00 1.156840e+00 1.330200e-01 4.226620e-02 1.682502e-01 1.399022e-01 2.452732e-01 2.024393e-01 2.653645e-01 3.978863e-01 2.962354e-01 3.019067e-01 3.390320e-01 3.410951e-01 2.372256e-01 2.166781e-02 1.116204e-02 1.943896e-02 3.011025e-02 6.340761e-02 4.083183e-02 5.855696e-02 8.850090e-02 6.512657e-02 6.408140e-02 7.864606e-02 7.863421e-02 5.142582e-02 4.626342e-03
<GCONST> 7.407410e+01
<MIXTURE> 3 4.125222e-01
<MEAN> 52
 -2.588489e+00 5.912537e+00 1.219633e+01 -4.262676e+00 -1.291021e+01 5.985112e-02 -9.841581e+00 -7.616788e+00 -9.614883e+00 3.327512e-02 3.274570e+00 -5.169804e+00 7.144853e+01 4.260787e-02 3.936099e-01 -7.058241e-01 4.354537e-01 5.370971e-01 -5.598828e-01 5.912457e-01 -2.324284e-01 -3.810218e-01 2.079617e-01 -2.242182e-01 -2.343085e-01 -1.836414e-01 -2.562731e-01 1.191474e-01 2.596452e-02 1.803561e-01 -5.838485e-02 -2.883334e-01 3.214922e-01 1.405870e-01 2.228846e-02 -1.311125e-01 4.465001e-03 2.328142e-01 4.479467e-02 -1.315923e-01 1.027998e-01 1.141691e-03 -2.531234e-02 7.407653e-02 8.891590e-02 1.680527e-02 -1.907704e-02 1.122653e-01 -2.976038e-02 -1.494459e-02 4.020462e-02 1.400798e-03
<VARIANCE> 52
 1.005935e+01 2.352627e+01 3.975980e+01 5.869501e+01 3.362832e+01 6.902634e+01 5.598895e+01 6.118266e+01 5.663533e+01 4.920036e+01 3.261184e+01 3.269194e+01 1.316293e+01 4.174304e-01 5.469272e-01 1.148769e+00 1.517192e+00 1.135047e+00 1.753065e+00 1.623120e+00 1.480865e+00 1.692120e+00 1.623113e+00 1.527799e+00 1.449695e+00 1.911348e-01 8.465515e-02 1.597588e-01 2.081600e-01 2.442360e-01 3.319594e-01 3.995485e-01 3.560731e-01 3.319001e-01 4.455908e-01 2.845789e-01 3.010213e-01 2.434335e-01 3.154880e-02 1.549028e-02 2.677191e-02 4.858091e-02 5.463894e-02 8.049683e-02 7.981077e-02 7.135850e-02 7.395414e-02 7.828835e-02 6.441218e-02 7.406320e-02 5.976329e-02 8.318485e-03
<GCONST> 8.387273e+01
<STATE> 5
<NUMMIXES> 3
<MIXTURE> 1 3.685390e-01
<MEAN> 52
 -5.736989e+00 1.032158e+01 1.117746e+01 -2.690619e+00 -1.012937e+01 -2.959871e+00 -5.229650e+00 -8.566751e+00 -1.062606e+01 -5.399308e-01 2.156655e+00 -3.343426e+00 7.089610e+01 -2.713246e+00 2.434829e+00 -1.268753e+00 1.194264e+00 2.532654e+00 -1.194043e+00 2.568765e+00 -1.165602e-01 1.556787e+00 -8.093860e-01 -7.846207e-01 1.325382e+00 -3.114768e-01 -9.835393e-01 -8.585852e-02 -3.612222e-01 5.896154e-02 5.233421e-01 2.345485e-01 4.348195e-02 3.654242e-01 4.245038e-01 -2.924929e-02 -2.120685e-01 -2.906529e-02 -8.220872e-03 1.312471e-01 -4.149355e-01 -6.237730e-03 -2.295437e-01 -3.286748e-01 1.549337e-01 -3.565633e-01 1.290622e-02 -2.019727e-01 1.439430e-01 7.852109e-02 -2.170056e-01 3.185232e-02
<VARIANCE> 52
 1.076675e+01 1.948629e+01 2.565841e+01 4.723401e+01 3.516438e+01 4.099513e+01 5.478720e+01 4.946687e+01 4.229361e+01 3.553656e+01 3.012029e+01 3.471946e+01 1.518838e+01 1.636425e+00 1.502693e+00 2.948048e+00 3.499130e+00 4.371564e+00 2.823134e+00 2.647666e+00 4.506028e+00 3.689302e+00 3.469171e+00 2.610720e+00 2.371937e+00 4.323512e-01 1.779255e-01 4.252426e-01 3.209490e-01 3.501254e-01 5.586379e-01 4.639280e-01 6.105342e-01 5.140625e-01 4.964364e-01 4.572378e-01 4.559480e-01 4.025882e-01 6.594457e-02 5.677396e-02 5.571342e-02 8.436503e-02 9.051786e-02 1.749625e-01 1.161228e-01 1.037854e-01 1.560710e-01 1.302021e-01 1.223596e-01 1.077440e-01 8.737607e-02 1.498344e-02
<GCONST> 1.071124e+02
<MIXTURE> 2 4.563126e-01
<MEAN> 52
 -1.767121e+01 1.503202e+01 5.434987e+00 5.364754e-01 -1.879076e+00 -3.855177e+00 -6.896031e-01 -7.451382e+00 -5.381241e+00 -3.606387e+00 -2.673276e+00 -1.800979e+00 6.955048e+01 -4.520099e+00 -1.744718e-01 -1.757573e+00 4.448592e-01 2.125574e+00 6.585616e-01 1.535865e+00 1.268098e+00 1.715359e+00 2.363176e-01 -1.372086e-01 4.136873e-01 5.448803e-02 2.692181e-01 -9.389110e-01 -1.747818e-01 -8.256830e-01 -8.506243e-01 2.133075e-02 -7.711216e-01 -5.966464e-02 -2.713139e-01 3.270671e-01 1.420147e-01 -1.412925e-01 2.779453e-02 5.061746e-01 8.729408e-02 1.657620e-01 -6.411857e-02 -3.005351e-01 -1.915206e-01 -1.163739e-01 -2.297695e-01 -2.170199e-01 -7.029007e-02 4.371845e-02 -1.717855e-02 -2.444348e-02
<VARIANCE> 52
 3.282591e+01 1.694858e+01 3.620586e+01 3.661155e+01 3.107898e+01 2.854944e+01 3.952179e+01 3.405198e+01 2.797839e+01 3.304408e+01 3.328811e+01 2.464903e+01 1.922325e+01 1.769235e+00 2.686077e+00 2.489556e+00 2.713609e+00 2.960106e+00 3.047441e+00 4.056620e+00 2.856610e+00 2.990486e+00 3.222785e+00 3.432257e+00 2.706390e+00 5.216850e-01 4.443718e-01 3.090804e-01 4.009126e-01 4.143495e-01 6.264164e-01 5.320636e-01 4.926486e-01 5.224471e-01 5.874096e-01 5.673829e-01 5.399897e-01 5.431429e-01 8.293845e-02 5.709025e-02 9.989429e-02 9.225361e-02 8.595143e-02 1.389843e-01 1.074449e-01 1.454949e-01 9.697263e-02 1.266285e-01 1.344383e-01 1.143524e-01 1.214597e-01 1.851637e-02
<GCONST> 1.096720e+02
<MIXTURE> 3 1.751484e-01
<MEAN> 52
 -1.068842e+01 1.142780e+01 1.652146e+00 -1.247799e+01 -1.212927e+01 -9.876182e+00 -1.985467e+01 -1.808329e+01 -1.039127e+01 -1.017574e+01 -1.252156e+01 -4.388910e+00 6.606068e+01 -4.084054e+00 1.607339e+00 -1.025984e+00 3.505937e+00 9.495881e-01 3.423121e-01 3.514208e+00 5.969201e-01 1.107845e+00 -5.482106e-01 2.290343e+00 -1.193810e+00 4.528544e-01 -7.359505e-01 -6.157838e-01 -5.929388e-02 1.375983e-01 6.787002e-01 5.512380e-01 6.924264e-01 9.020936e-01 4.931016e-01 7.725237e-01 8.210064e-02 3.150902e-01 2.420150e-01 4.071962e-01 -2.394417e-01 3.335800e-02 -5.035303e-01 -1.006451e-01 3.637674e-02 -4.291360e-01 -5.657090e-02 -8.641041e-02 1.649105e-01 -2.394540e-01 2.437503e-01 -7.248754e-02
<VARIANCE> 52
 3.000558e+01 1.975790e+01 2.473554e+01 5.744297e+01 2.169180e+01 3.421721e+01 3.602915e+01 4.023916e+01 2.094132e+01 2.862165e+01 2.793736e+01 4.084749e+01 2.323821e+01 1.791470e+00 2.136009e+00 1.678074e+00 4.203771e+00 5.121253e+00 5.292866e+00 3.185168e+00 3.313779e+00 2.191436e+00 4.389375e+00 3.670430e+00 3.469845e+00 5.153871e-01 4.336645e-01 3.250151e-01 3.385218e-01 9.534155e-01 5.431409e-01 5.598809e-01 7.555189e-01 3.375638e-01 4.020936e-01 4.969315e-01 7.169445e-01 8.831298e-01 8.880710e-02 7.284901e-02 8.311871e-02 6.284875e-02 1.318230e-01 1.960484e-01 2.003166e-01 1.574982e-01 1.436523e-01 1.009562e-01 1.733972e-01 1.827365e-01 1.397533e-01 1.829519e-02
<GCONST> 1.140054e+02
<STATE> 6
<NUMMIXES> 3
<MIXTURE> 1 2.573794e-01
<MEAN> 52
 -2.630300e+01 1.065112e+01 -6.889772e-01 -2.103273e+00 -2.281939e+00 -4.405489e+00 -5.709745e-01 -6.195257e+00 -2.752548e+00 -2.115653e+00 -1.609962e+00 -1.496735e+00 6.962769e+01 -2.348180e+00 -1.711867e+00 -1.884357e+00 -1.854154e+00 -9.422100e-01 -4.983845e-01 -3.703058e-01 -1.415279e-01 3.840056e-01 5.189443e-01 3.622593e-01 3.860993e-01 5.799197e-02 1.078699e+00 -1.762639e-02 5.259141e-01 -1.660179e-01 -4.596230e-01 -1.172812e-01 -3.269974e-01 -2.304115e-01 -4.103405e-01 -2.012770e-02 2.931394e-02 -3.779253e-02 -1.920830e-02 1.274660e-01 3.549688e-01 2.886674e-01 3.967277e-01 3.425215e-01 8.121037e-02 2.157671e-01 7.780956e-02 6.666441e-02 -1.334380e-01 -9.628954e-02 -2.677098e-02 -9.491753e-03
<VARIANCE> 52
 1.124091e+01 2.119267e+01 3.721209e+01 3.422377e+01 2.640253e+01 3.214408e+01 4.362197e+01 4.282387e+01 2.668491e+01 3.279256e+01 3.058402e+01 2.525806e+01 1.508397e+01 1.687850e+00 9.119552e-01 1.498147e+00 1.182187e+00 1.594376e+00 1.944679e+00 2.155387e+00 1.956389e+00 2.252339e+00 2.100350e+00 2.196239e+00 1.968689e+00 2.455470e-01 1.619570e-01 3.353323e-01 4.180947e-01 4.628983e-01 5.765320e-01 4.845757e-01 5.548783e-01 3.901681e-01 4.451716e-01 4.160796e-01 4.338247e-01 4.219514e-01 6.466863e-02 6.294107e-02 4.626990e-02 5.851407e-02 5.129826e-02 7.637551e-02 9.909079e-02 1.085539e-01 8.681867e-02 1.188148e-01 9.920051e-02 1.041834e-01 1.086457e-01 1.202740e-02
<GCONST> 9.577206e+01
<MIXTURE> 2 6.130900e-01
<MEAN> 52
 -2.970236e+01 8.382161e+00 -2.310242e+00 -6.553995e+00 -3.113360e+00 -4.318060e+00 -3.006264e+00 -5.440305e+00 -3.107782e+00 -7.378898e-01 -2.006369e+00 -1.061625e+00 6.915044e+01 -1.115480e-01 -5.070316e-01 2.767595e-01 -2.876607e-01 4.367414e-02 1.874825e-01 1.618298e-01 3.048708e-01 1.325331e-01 1.671584e-01 1.866258e-02 9.076579e-02 -1.661909e-01 7.044829e-01 1.953327e-01 5.641590e-01 1.543042e-01 -1.515035e-01 -1.228485e-01 -2.543985e-01 -2.225224e-01 -2.629343e-01 -2.261915e-01 -1.155353e-01 -7.604910e-02 -7.056353e-04 2.347960e-02 -8.587646e-03 2.498375e-02 -1.893088e-03 -8.753958e-02 -6.387703e-02 -1.185513e-01 -7.427269e-02 -6.389558e-02 -4.972853e-02 1.129696e-02 8.951976e-03 6.446130e-02
<VARIANCE> 52
 8.735719e+00 1.588626e+01 3.464494e+01 2.204666e+01 1.620545e+01 3.090519e+01 4.035340e+01 3.289886e+01 2.738049e+01 2.291021e+01 2.504802e+01 1.580958e+01 1.708790e+01 7.906719e-01 6.533819e-01 1.300906e+00 1.079380e+00 1.379444e+00 1.538219e+00 1.664191e+00 1.802985e+00 1.954116e+00 2.091307e+00 1.762505e+00 1.544275e+00 2.072943e-01 2.707483e-01 1.830552e-01 3.101079e-01 3.296802e-01 3.859829e-01 4.164820e-01 4.456224e-01 4.680941e-01 4.487517e-01 4.094984e-01 3.836088e-01 3.263803e-01 4.546995e-02 4.745694e-02 3.441976e-02 4.832891e-02 5.343221e-02 8.147877e-02 9.277703e-02 1.012846e-01 8.659291e-02 1.075106e-01 1.014432e-01 9.521707e-02 8.655217e-02 1.260291e-02
<GCONST> 8.694366e+01
<MIXTURE> 3 1.295306e-01
<MEAN> 52
 -2.373596e+01 8.286553e+00 -6.865608e-01 -1.029482e+01 -9.962270e+00 -6.352618e+00 -9.738666e+00 -1.291460e+01 -5.716049e+00 -3.313397e+00 -4.549853e+00 -1.663584e+00 6.681580e+01 3.490799e+00 -1.648568e-01 2.018448e+00 -2.524163e+00 -2.738889e+00 -2.251792e+00 -3.597865e+00 -3.228915e+00 -2.906798e+00 -1.620455e+00 -2.212000e+00 -5.110934e-01 6.966797e-01 5.660583e-02 -4.674860e-01 2.979332e-01 -5.013943e-01 2.581687e-01 1.605680e-01 -5.829171e-02 2.374861e-01 -1.274601e-01 -1.473543e-02 -6.134040e-01 -1.016711e-01 3.532684e-01 -4.800785e-01 -8.524629e-02 -1.589687e-01 2.146323e-01 4.539810e-01 3.474499e-01 5.060158e-01 5.162793e-01 3.961715e-01 2.693389e-01 2.517559e-01 8.879071e-02 -8.714841e-02
<VARIANCE> 52
 4.360517e+01 1.875952e+01 2.933580e+01 2.495668e+01 4.527346e+01 5.171938e+01 7.419859e+01 6.482778e+01 4.721639e+01 3.102417e+01 2.962669e+01 2.082765e+01 2.406326e+01 1.115707e+00 1.475184e+00 1.716722e+00 2.381553e+00 2.008081e+00 3.049991e+00 3.825267e+00 2.286422e+00 2.503069e+00 2.131663e+00 3.089333e+00 3.008355e+00 7.211778e-01 8.617064e-01 2.527004e-01 3.515555e-01 4.248056e-01 1.009185e+00 9.444178e-01 1.324427e+00 1.305102e+00 9.182422e-01 6.501319e-01 5.397812e-01 3.846949e-01 8.867150e-02 4.305424e-02 7.172968e-02 6.998711e-02 9.270735e-02 8.934883e-02 1.317890e-01 1.374650e-01 1.124129e-01 1.057341e-01 8.901981e-02 1.307288e-01 9.839083e-02 3.114229e-02
<GCONST> 1.121136e+02
<STATE> 7
<NUMMIXES> 3
<MIXTURE> 1 1.590156e-01
<MEAN> 52
 -1.089554e+01 2.488852e+00 1.587727e+01 -2.353789e+00 -1.299408e+01 -9.355663e+00 -1.023996e+01 -9.011724e+00 -8.786820e+00 -5.482996e+00 7.407371e-01 1.115327e+00 7.533201e+01 3.753736e+00 -2.834343e+00 3.777494e+00 2.816491e-01 -3.007561e+00 -2.966719e-01 -3.377000e+00 -6.727500e-01 -1.104640e+00 -1.736148e+00 1.490412e+00 9.646093e-01 1.776667e+00 -1.111480e+00 1.241316e-02 -8.315789e-01 -4.820967e-01 3.122955e-01 3.989199e-01 3.516164e-01 2.520579e-01 1.374080e-01 2.710780e-01 1.039869e-01 -1.311745e-01 -3.259328e-01 -3.969385e-01 3.821009e-01 -3.955744e-01 -6.293846e-02 3.766303e-01 9.964792e-02 4.864008e-01 1.236207e-01 1.158914e-01 2.548133e-01 -2.500796e-01 -2.066110e-01 -2.876283e-01
<VARIANCE> 52
 1.278119e+01 3.114625e+01 2.117541e+01 3.137356e+01 1.695810e+01 2.109664e+01 4.906103e+01 1.669795e+01 3.448669e+01 2.909806e+01 1.141851e+01 1.741566e+01 4.336553e+00 2.259940e+00 1.091588e+00 3.041188e+00 2.120369e+00 1.962654e+00 2.907842e+00 9.927441e-01 1.910106e+00 2.047705e+00 2.246864e+00 1.300446e+00 2.074793e+00 6.704116e-01 2.532727e-01 5.543074e-01 3.116152e-01 1.708824e-01 4.448227e-01 3.716045e-01 3.065216e-01 2.208811e-01 2.954749e-01 3.039122e-01 2.076452e-01 2.806627e-01 1.017933e-01 8.918983e-02 4.065024e-02 8.038334e-02 5.251116e-02 7.645674e-02 1.061828e-01 3.574651e-02 5.790073e-02 7.793375e-02 7.588225e-02 4.793774e-02 7.403443e-02 2.310924e-02
<GCONST> 8.803494e+01
<MIXTURE> 2 5.398930e-01
<MEAN> 52
 -2.500970e+01 7.103916e+00 4.078509e+00 -4.987221e+00 -2.762096e+00 -4.398213e+00 -8.174536e-01 -4.920411e+00 -4.058145e+00 -1.749385e+00 -2.215372e+00 -1.167111e+00 6.909078e+01 4.042678e+00 3.623210e-01 3.677267e+00 1.155965e+00 -1.342117e+00 -7.338904e-01 -1.986401e+00 -8.483607e-01 -1.483992e+00 -1.121645e+00 9.705529e-02 -1.321186e-01 6.057453e-01 9.843751e-01 -1.644018e-01 6.503587e-01 2.086159e-01 -7.877538e-01 -1.288876e-01 -9.221749e-01 -2.937730e-01 -4.757855e-01 -2.862622e-01 3.823605e-01 6.036095e-02 4.459477e-01 -5.555498e-01 -2.649777e-01 -4.704447e-01 -2.794477e-01 2.031867e-02 1.605224e-01 1.380228e-01 1.574183e-01 1.754720e-01 1.541282e-01 6.005118e-02 1.462380e-02 -5.142038e-02
<VARIANCE> 52
 2.091495e+01 2.149901e+01 3.736597e+01 2.103243e+01 2.036300e+01 2.719363e+01 3.270106e+01 2.865385e+01 2.644136e+01 2.325592e+01 2.025835e+01 1.814850e+01 1.127984e+01 2.265412e+00 2.723310e+00 2.543391e+00 1.890004e+00 3.027049e+00 2.308874e+00 2.250856e+00 2.039172e+00 2.174667e+00 1.821676e+00 1.951242e+00 1.448323e+00 6.607355e-01 4.081597e-01 3.667303e-01 5.010162e-01 3.257450e-01 3.636456e-01 4.891236e-01 3.745911e-01 3.046079e-01 5.251461e-01 4.373731e-01 3.990579e-01 4.095046e-01 7.433870e-02 7.206349e-02 8.353800e-02 7.107297e-02 5.425769e-02 1.438608e-01 8.837117e-02 1.053541e-01 8.217113e-02 8.620293e-02 8.153744e-02 9.257571e-02 7.351163e-02 2.637184e-02
<GCONST> 9.825553e+01
<MIXTURE> 3 3.010914e-01
<MEAN> 52
 -1.662967e+01 2.827959e+00 7.231199e+00 -2.106690e+01 -1.161370e+01 -1.009490e+01 -1.651252e+01 -1.861327e+01 -1.209010e+01 -6.887273e+00 -1.495106e+01 -2.463480e+00 7.117227e+01 2.428522e-01 -1.363808e+00 1.822037e+00 -2.135029e+00 1.107141e+00 5.539934e-02 -4.219754e-01 4.563332e-01 -5.518814e-01 2.191962e-01 -1.736875e+00 1.224723e-01 7.337778e-01 -6.240851e-01 3.042369e-01 -4.469534e-01 5.845384e-01 3.834086e-01 3.149841e-01 5.246805e-01 4.961849e-01 5.316201e-01 3.672581e-01 6.377495e-01 1.762641e-01 -2.089404e-01 2.126434e-01 1.786436e-01 -1.122151e-01 1.076911e-01 -3.248698e-01 -1.696817e-01 -1.778366e-01 -2.781594e-01 -9.062170e-02 -1.338753e-01 9.033734e-02 -3.355290e-02 -5.613156e-02
<VARIANCE> 52
 6.922974e+00 1.130311e+01 2.117756e+01 2.358224e+01 2.503772e+01 1.326945e+01 2.188427e+01 3.707807e+01 2.329240e+01 1.418379e+01 2.188289e+01 3.782936e+01 1.497908e+01 1.014691e+00 1.497946e+00 1.965117e+00 2.144095e+00 1.896899e+00 2.189410e+00 2.380949e+00 1.718590e+00 1.126818e+00 1.612007e+00 2.055879e+00 1.698785e+00 2.567682e-01 2.776241e-01 1.687324e-01 2.986716e-01 2.772473e-01 6.354440e-01 3.569737e-01 5.887237e-01 4.330863e-01 2.768460e-01 2.777559e-01 2.375319e-01 3.053090e-01 4.127929e-02 3.741406e-02 6.612771e-02 7.224864e-02 8.424248e-02 6.995951e-02 7.435568e-02 9.226353e-02 7.691798e-02 5.221283e-02 6.188222e-02 8.807957e-02 5.335426e-02 1.351467e-02
<GCONST> 8.556239e+01
<STATE> 8
<NUMMIXES> 3
<MIXTURE> 1 2.981107e-01
<MEAN> 52
 -8.602942e+00 2.316934e+00 1.814124e+01 -4.417471e+00 -1.531896e+01 -4.638081e+00 -1.583643e+01 -7.375072e+00 -1.231476e+01 -5.962516e+00 1.585961e+00 -1.577193e+00 7.407639e+01 7.327697e-01 -1.092532e+00 8.375246e-01 -4.361104e-01 -1.246329e+00 9.524523e-01 -1.431811e+00 4.779880e-01 -5.748995e-01 -1.298591e-01 8.151198e-01 -5.577565e-01 2.980828e-01 -8.086824e-01 4.438331e-01 -7.933857e-01 2.323659e-02 7.404418e-01 -3.201862e-02 9.174370e-01 1.276219e-01 4.320241e-01 2.488071e-01 -2.570431e-01 -1.226735e-01 -3.494887e-01 2.626724e-01 1.442241e-01 1.567550e-01 1.399213e-01 3.101646e-02 -1.972116e-01 1.498378e-02 -1.331384e-01 -4.161744e-02 -5.820922e-02 -1.115378e-01 6.427959e-02 -5.053685e-03
<VARIANCE> 52
 1.160580e+01 2.334340e+01 2.363408e+01 4.453542e+01 2.638273e+01 3.989375e+01 3.753799e+01 4.940921e+01 4.019392e+01 4.519445e+01 2.844058e+01 2.818795e+01 1.316700e+01 5.128622e-01 8.498402e-01 1.205456e+00 1.325608e+00 1.859885e+00 1.557691e+00 1.957956e+00 1.359392e+00 1.533720e+00 1.977804e+00 1.361110e+00 1.381094e+00 1.999607e-01 2.109176e-01 1.587307e-01 2.633867e-01 2.342934e-01 3.034002e-01 3.854049e-01 2.944015e-01 3.804810e-01 3.227924e-01 3.373832e-01 2.949078e-01 2.985124e-01 6.324974e-02 3.356937e-02 4.756175e-02 4.233962e-02 4.217402e-02 9.117920e-02 6.016323e-02 8.789816e-02 5.695121e-02 6.120244e-02 6.669582e-02 6.219530e-02 5.645429e-02 1.561865e-02
<GCONST> 8.468781e+01
<MIXTURE> 2 4.889654e-01
<MEAN> 52
 -1.745212e+01 2.132741e+00 1.058933e+01 -2.721383e+01 -7.820298e+00 -1.119035e+01 -1.624980e+01 -1.639680e+01 -1.037519e+01 -4.541291e+00 -1.823935e+01 -8.836250e-01 7.277603e+01 1.716142e-01 -6.808913e-02 6.098859e-02 -1.745950e-01 -5.243365e-02 9.422689e-02 -2.895918e-02 1.684839e-01 1.028789e-01 1.772275e-01 -1.021784e-01 -2.563755e-03 -1.223047e-01 4.201473e-02 9.703550e-03 -7.695959e-02 9.247057e-02 -9.379119e-02 2.648982e-02 6.838753e-04 -4.409925e-02 2.487126e-02 -4.744957e-02 5.303271e-02 -3.482699e-02 -7.133954e-02 1.080951e-02 -1.524958e-02 1.992448e-02 -3.339205e-02 7.965547e-03 -1.162916e-02 -4.796960e-03 -5.467962e-03 -1.487643e-02 -1.792352e-02 -2.777337e-02 2.465678e-03 1.695901e-03
<VARIANCE> 52
 1.043485e+01 8.154339e+00 1.033004e+01 1.840699e+01 8.863883e+00 1.512847e+01 2.407211e+01 1.991304e+01 1.928822e+01 1.840671e+01 1.606539e+01 8.888968e+00 5.211535e+00 1.101635e-01 1.620733e-01 2.653118e-01 4.414612e-01 3.868544e-01 4.603750e-01 6.225157e-01 6.010419e-01 4.866871e-01 4.765109e-01 5.831323e-01 3.486224e-01 1.035641e-01 2.037811e-02 3.449747e-02 5.464235e-02 8.722910e-02 8.288851e-02 8.165470e-02 1.250432e-01 1.120901e-01 9.247661e-02 9.909888e-02 1.156845e-01 6.665622e-02 6.614133e-03 4.889402e-03 1.031321e-02 1.577126e-02 2.378269e-02 1.847911e-02 2.020915e-02 2.899978e-02 2.601450e-02 2.177369e-02 2.286280e-02 3.170845e-02 1.583674e-02 2.076597e-03
<GCONST> 2.392599e+01
<MIXTURE> 3 2.129240e-01
<MEAN> 52
 -1.197598e+01 9.339643e+00 1.417919e+01 -1.778006e+00 -9.019217e+00 -6.964214e+00 -9.096290e+00 -8.933097e+00 -9.807480e+00 -5.626985e+00 -6.611899e-01 -1.275919e+00 7.189679e+01 3.909282e+00 -1.011550e+00 3.017040e+00 2.108829e-01 -3.356171e+00 -6.057734e-02 -3.581721e+00 -5.891301e-01 -2.150207e+00 -6.950814e-01 1.228410e+00 -2.478536e-01 1.140890e+00 -8.485765e-01 -5.939347e-01 -7.607207e-01 -3.966754e-01 -2.032037e-02 4.768323e-01 1.861688e-01 4.567735e-01 3.332998e-01 3.268144e-01 1.723075e-01 -1.052182e-01 -6.310254e-02 -4.744582e-01 1.370083e-01 -3.205918e-01 -9.434842e-03 4.738531e-01 1.178155e-02 4.874883e-01 1.152896e-01 2.658762e-01 8.028679e-02 -1.982743e-01 -2.795751e-03 -1.880352e-01
<VARIANCE> 52
 1.601240e+01 1.996014e+01 1.866489e+01 1.906447e+01 3.828296e+01 3.165855e+01 3.291435e+01 3.616372e+01 2.224612e+01 2.762202e+01 2.028322e+01 1.730253e+01 1.277799e+01 1.993005e+00 1.928807e+00 3.468601e+00 2.630815e+00 2.363386e+00 3.492906e+00 3.152001e+00 3.305398e+00 3.605436e+00 2.890398e+00 2.348980e+00 2.031739e+00 4.930061e-01 3.343883e-01 2.019369e-01 3.012773e-01 1.927046e-01 5.659062e-01 3.471737e-01 5.516362e-01 3.669632e-01 3.445129e-01 3.304476e-01 4.125948e-01 2.954080e-01 7.439462e-02 8.536113e-02 6.014171e-02 1.107397e-01 7.320785e-02 8.784314e-02 1.294480e-01 1.171498e-01 1.148890e-01 1.249039e-01 9.621864e-02 1.112027e-01 8.877605e-02 1.861708e-02
<GCONST> 9.989687e+01
<STATE> 9
<NUMMIXES> 3
<MIXTURE> 1 4.278334e-01
<MEAN> 52
 -7.665083e+00 3.472032e+00 1.730123e+01 -3.760816e+00 -1.534126e+01 -5.685531e+00 -1.509981e+01 -7.819160e+00 -1.155776e+01 -6.537798e+00 2.755147e+00 -2.232137e+00 7.321734e+01 3.021321e-01 -1.051026e-01 -1.065382e-01 7.944197e-02 -2.062040e-01 -5.324674e-02 9.529947e-02 2.243067e-01 7.312582e-02 1.532338e-01 -3.911322e-03 -1.960915e-01 -2.815173e-01 -2.203443e-02 1.349624e-01 -2.037264e-01 1.437187e-01 3.018723e-01 -8.739723e-02 2.886520e-01 2.550933e-02 1.107268e-01 1.292543e-01 -2.321369e-01 3.240118e-02 -2.075255e-01 9.366173e-02 -2.276794e-02 4.469696e-02 2.391789e-02 4.995481e-03 2.732521e-02 -6.676526e-02 -2.304512e-02 -2.392142e-02 -3.233604e-02 -8.379729e-03 2.056185e-02 -1.682675e-02
<VARIANCE> 52
 1.089843e+01 2.931048e+01 4.021270e+01 5.048937e+01 5.036141e+01 7.594305e+01 4.335291e+01 4.967706e+01 4.929620e+01 5.178694e+01 2.721955e+01 2.955742e+01 1.283605e+01 2.425310e-01 4.948822e-01 8.009666e-01 8.927362e-01 9.521337e-01 1.141425e+00 1.297718e+00 1.088472e+00 9.629161e-01 1.060233e+00 9.333717e-01 7.359662e-01 2.316547e-01 8.450379e-02 1.170967e-01 1.549949e-01 1.859749e-01 2.939163e-01 2.198859e-01 3.372628e-01 2.193047e-01 2.403628e-01 2.132453e-01 2.337926e-01 1.691255e-01 6.688911e-02 2.457417e-02 2.336092e-02 4.194228e-02 3.885232e-02 6.629200e-02 4.538418e-02 7.159932e-02 5.428348e-02 4.875301e-02 4.245926e-02 4.568392e-02 3.494557e-02 1.326754e-02
<GCONST> 7.352670e+01
<MIXTURE> 2 2.249264e-01
<MEAN> 52
 -1.335794e+01 1.119360e+00 8.837973e+00 -2.503089e+01 -1.272751e+01 -7.004375e+00 -1.925955e+01 -1.297561e+01 -1.127217e+01 -5.237695e+00 -1.730879e+01 -4.428924e+00 6.835359e+01 4.733312e-01 7.161969e-02 -3.674099e-01 2.410554e-01 -3.372477e-01 9.547621e-02 -2.817605e-02 -2.461269e-02 1.379724e-01 -2.205374e-01 4.788152e-02 1.433032e-01 -6.405713e-01 9.386579e-02 7.313534e-02 -9.164354e-02 2.881055e-01 -1.921534e-03 -7.090636e-02 1.195990e-02 -1.755155e-02 -3.091195e-02 -1.003639e-02 1.440275e-01 8.027331e-02 -1.617674e-01 -3.695130e-03 -1.648545e-02 1.135013e-02 6.190537e-02 5.714889e-02 6.139482e-03 1.086989e-02 4.171210e-02 -1.219886e-02 1.186860e-02 3.448953e-02 -1.482407e-02 -7.739921e-03
<VARIANCE> 52
 1.553102e+01 1.850366e+01 1.628179e+01 2.136695e+01 3.502911e+01 2.605110e+01 5.381998e+01 2.667342e+01 1.794119e+01 1.876780e+01 2.800477e+01 2.606309e+01 2.527933e+01 2.816920e-01 4.653468e-01 6.219863e-01 1.174028e+00 9.531311e-01 1.169596e+00 1.148552e+00 1.032359e+00 9.932851e-01 1.254010e+00 1.183076e+00 6.556537e-01 3.189073e-01 4.061246e-02 7.361548e-02 1.254062e-01 2.255858e-01 1.608839e-01 2.227079e-01 2.598779e-01 1.994546e-01 1.706376e-01 2.171325e-01 2.491607e-01 1.216408e-01 3.118083e-02 1.123221e-02 1.834881e-02 2.221153e-02 4.443228e-02 4.495781e-02 5.223027e-02 6.686093e-02 4.942016e-02 4.503018e-02 5.374915e-02 5.292728e-02 3.221149e-02 5.420290e-03
<GCONST> 6.284872e+01
<MIXTURE> 3 3.472402e-01
<MEAN> 52
 -7.923414e+00 4.344966e-01 2.054972e+01 -8.191784e+00 -1.661698e+01 -5.040318e+00 -1.734496e+01 -7.641255e+00 -1.443412e+01 -5.001825e+00 3.247523e+00 -2.154672e+00 7.415973e+01 1.490936e-01 4.737740e-02 9.996738e-02 -1.496236e-01 -1.752104e-01 1.849187e-01 3.094982e-03 2.246781e-02 -1.043573e-01 1.699731e-01 1.097399e-01 -1.617201e-01 -2.276201e-01 5.376563e-03 4.894427e-02 -7.769568e-02 5.689283e-02 2.717844e-02 -8.132395e-02 9.898638e-02 -2.068205e-02 2.333322e-02 2.002859e-02 -2.823803e-02 5.195528e-03 -5.235432e-02 2.365551e-02 -1.603381e-02 8.301600e-03 6.561961e-03 -1.131837e-03 -4.597072e-03 -1.104305e-02 1.243166e-02 2.905302e-05 -1.876033e-03 -7.912580e-03 -3.584115e-03 -7.549357e-03
<VARIANCE> 52
 1.184720e+01 2.503150e+01 2.183728e+01 4.877700e+01 2.159748e+01 3.793400e+01 1.839636e+01 3.882384e+01 4.005298e+01 5.029571e+01 2.945661e+01 1.747638e+01 8.864951e+00 4.360450e-02 1.275966e-01 2.194030e-01 2.465457e-01 3.359371e-01 3.685756e-01 4.796231e-01 3.572862e-01 3.388095e-01 4.520707e-01 3.772652e-01 3.500333e-01 5.967882e-02 8.530962e-03 1.865040e-02 3.305004e-02 5.219561e-02 5.595483e-02 6.118825e-02 7.827953e-02 7.332709e-02 6.753509e-02 1.015433e-01 6.663839e-02 5.845415e-02 7.429786e-03 3.131610e-03 6.578685e-03 9.469094e-03 1.113598e-02 1.388791e-02 1.476812e-02 2.359225e-02 1.611664e-02 1.747302e-02 2.202524e-02 1.681399e-02 1.447728e-02 2.657730e-03
<GCONST> 1.905912e+01
<STATE> 10
<NUMMIXES> 3
<MIXTURE> 1 4.079406e-01
<MEAN> 52
 -4.953416e+00 3.414582e+00 1.700672e+01 -4.247042e+00 -1.488349e+01 -4.657093e+00 -1.341463e+01 -5.722795e+00 -1.135003e+01 -1.493854e+00 1.299228e+00 -2.787385e+00 6.797760e+01 2.129477e-01 6.174707e-01 -1.121493e+00 8.998907e-01 1.090632e+00 1.838430e-01 9.812721e-01 -1.490006e-01 5.902675e-01 3.288682e-01 -6.609386e-01 -1.125963e-01 -1.363674e+00 -5.679224e-02 -1.049544e-01 -1.438813e-01 1.243578e-01 2.446364e-01 5.529309e-02 1.147939e-01 2.380756e-03 1.372389e-01 -1.541713e-01 -2.557905e-02 8.196434e-02 -1.604210e-01 -3.289156e-02 -1.243771e-01 3.355897e-02 -1.220194e-01 -8.026738e-02 -1.097802e-02 -8.207896e-02 3.024885e-02 -2.827992e-02 -1.448814e-02 7.168224e-02 1.326051e-02 6.771026e-02
<VARIANCE> 52
 7.011555e+00 2.543950e+01 2.136857e+01 5.602576e+01 3.192649e+01 6.815115e+01 6.181154e+01 4.290188e+01 5.701826e+01 4.173667e+01 2.028436e+01 2.525512e+01 2.080194e+01 3.306824e-01 1.001926e+00 8.626743e-01 1.704276e+00 1.146058e+00 1.539566e+00 2.605646e+00 1.578176e+00 1.710821e+00 1.955877e+00 1.425295e+00 1.331346e+00 3.530253e-01 6.487153e-02 2.039348e-01 2.064109e-01 3.311483e-01 3.172663e-01 3.170778e-01 4.817961e-01 3.203130e-01 3.183261e-01 2.637362e-01 3.262393e-01 2.751940e-01 8.072800e-02 1.456370e-02 3.641153e-02 3.629070e-02 6.676252e-02 5.274648e-02 6.309624e-02 1.095632e-01 6.713631e-02 6.873436e-02 7.514172e-02 5.954852e-02 5.609355e-02 9.968590e-03
<GCONST> 8.419109e+01
<MIXTURE> 2 3.138799e-01
<MEAN> 52
 -9.833064e+00 2.693238e+00 6.022897e+00 -1.673194e+01 -1.233889e+01 -8.341713e+00 -1.775280e+01 -1.439948e+01 -1.060638e+01 -4.987337e+00 -1.282731e+01 -1.222211e-02 6.265417e+01 4.413106e-01 -1.594829e-01 -9.380436e-01 2.258497e+00 8.798993e-01 -3.779018e-02 9.962039e-01 7.821944e-01 5.976162e-01 -3.214333e-01 1.319865e+00 3.078923e-02 -1.686525e+00 -2.225146e-01 -2.242676e-01 -4.865971e-02 -5.333966e-02 3.341136e-01 1.452853e-01 3.528242e-01 3.590978e-01 2.316500e-01 1.660364e-01 1.328456e-01 -6.009410e-02 1.395794e-02 -3.767233e-02 -2.368196e-02 6.446500e-02 -2.221102e-01 -8.453631e-02 4.187220e-02 -5.336608e-02 -3.314386e-02 -6.195480e-03 1.139805e-01 -1.033003e-01 3.532963e-02 1.247138e-01
<VARIANCE> 52
 1.259562e+01 2.714508e+01 2.653190e+01 4.580486e+01 4.001057e+01 3.649364e+01 3.789999e+01 4.648394e+01 3.141698e+01 5.743330e+01 4.191406e+01 6.261847e+01 4.193127e+01 1.202884e+00 1.840858e+00 1.775807e+00 2.249179e+00 2.485993e+00 3.603184e+00 3.995624e+00 3.165502e+00 3.200477e+00 3.335348e+00 2.876345e+00 2.871998e+00 7.178711e-01 1.543219e-01 2.770253e-01 2.812186e-01 5.229561e-01 3.303131e-01 6.164659e-01 5.286610e-01 4.915288e-01 5.237786e-01 6.448911e-01 5.115803e-01 4.648983e-01 1.349677e-01 4.578642e-02 6.879965e-02 6.698588e-02 8.855925e-02 9.197197e-02 1.429178e-01 1.477131e-01 1.374112e-01 1.392746e-01 1.519270e-01 1.212075e-01 1.058335e-01 2.326302e-02
<GCONST> 1.098096e+02
<MIXTURE> 3 2.781795e-01
<MEAN> 52
 -4.058135e+00 4.379502e+00 1.294478e+01 2.706818e+00 -1.201193e+01 -4.444888e+00 -9.079722e+00 -6.144353e+00 -9.371002e+00 -5.072969e+00 3.096704e-01 -4.292161e+00 6.730328e+01 8.187746e-01 8.027428e-02 -1.647014e+00 9.703890e-01 3.048478e+00 -2.602176e-01 1.753206e+00 7.157344e-01 9.285456e-01 4.227894e-01 -1.972243e+00 1.331968e-01 -2.250345e+00 -3.041764e-01 -1.348038e-01 -5.179946e-02 -4.667816e-01 5.513882e-02 2.348301e-01 -2.600644e-01 -7.079225e-02 9.842577e-02 -2.475112e-02 5.686342e-02 7.195882e-02 9.050017e-02 -1.401584e-01 -8.446402e-02 1.747150e-01 -1.923421e-01 -5.765839e-01 4.983995e-02 -2.489981e-01 -1.101263e-01 -1.398987e-01 -2.356930e-02 4.022731e-01 -2.355661e-02 3.497045e-01
<VARIANCE> 52
 1.406846e+01 2.638468e+01 2.482732e+01 3.255876e+01 6.167500e+01 5.194619e+01 5.210145e+01 4.445629e+01 3.587980e+01 3.770566e+01 3.492277e+01 2.049040e+01 3.828664e+01 1.241066e+00 1.387666e+00 2.436040e+00 3.022039e+00 2.951881e+00 3.229844e+00 3.888061e+00 3.195373e+00 3.208750e+00 2.211121e+00 1.857352e+00 2.267201e+00 1.146894e+00 2.473464e-01 3.015181e-01 2.812612e-01 3.649932e-01 1.115321e+00 3.816956e-01 5.593040e-01 5.220087e-01 3.889280e-01 3.002247e-01 6.339369e-01 2.858982e-01 4.237260e-01 6.320382e-02 5.275345e-02 6.347736e-02 1.156818e-01 1.272644e-01 1.313461e-01 1.547302e-01 1.402712e-01 1.238595e-01 9.436148e-02 9.031260e-02 8.771827e-02 4.798862e-02
<GCONST> 1.097430e+02
<STATE> 11
<NUMMIXES> 3
<MIXTURE> 1 2.758428e-01
<MEAN> 52
 -4.847151e+00 2.165363e+00 1.025124e+01 -1.167289e+00 -8.688918e+00 -5.630535e+00 -1.065348e+01 -6.372117e+00 -8.781440e+00 -4.045048e+00 -4.089882e+00 -3.241837e+00 6.549635e+01 -6.793252e-01 -2.562321e-01 7.477135e-03 -1.085785e+00 -4.186108e-01 3.203026e-01 2.163273e-01 2.260448e-01 -9.501644e-02 6.184202e-01 6.033152e-01 8.714717e-02 6.309872e-01 -1.766412e-01 -6.171577e-02 2.776919e-01 -3.138363e-01 -9.110921e-01 2.699945e-01 -1.317369e-01 -5.513143e-02 -1.035197e-01 1.854742e-02 5.036935e-01 1.092606e-03 5.671454e-01 1.740956e-01 6.287716e-02 -2.526110e-02 1.663386e-01 7.686136e-02 -1.351647e-02 1.933119e-02 8.176722e-03 5.945495e-02 -8.541731e-02 -1.057668e-01 -1.811318e-02 -1.505865e-01
<VARIANCE> 52
 2.310787e+01 3.658493e+01 6.782026e+01 8.192036e+01 5.142582e+01 4.276251e+01 6.254028e+01 6.545669e+01 4.701292e+01 4.551178e+01 4.500134e+01 2.621550e+01 5.337979e+01 1.928684e+00 1.182071e+00 2.493843e+00 2.657001e+00 5.217183e+00 2.334495e+00 2.996679e+00 3.575066e+00 3.564777e+00 2.666829e+00 4.299497e+00 1.790039e+00 2.114118e+00 3.817410e-01 3.644537e-01 6.290188e-01 6.344057e-01 1.022077e+00 6.318882e-01 8.237484e-01 8.222590e-01 8.791876e-01 8.012043e-01 8.773102e-01 4.638602e-01 4.874825e-01 7.951482e-02 5.912945e-02 1.119275e-01 1.170955e-01 2.482356e-01 1.057091e-01 1.405250e-01 1.643577e-01 1.754193e-01 1.463096e-01 1.988696e-01 7.929906e-02 8.275210e-02
<GCONST> 1.251987e+02
<MIXTURE> 2 3.392949e-01
<MEAN> 52
 -8.767349e+00 1.267506e+00 3.709311e+00 -3.196397e+00 -2.807691e+00 -9.458595e-01 -5.134638e+00 -4.760867e+00 -3.893318e+00 -2.433170e+00 -3.411608e+00 -2.445451e+00 5.627823e+01 -7.067502e-01 -1.588047e+00 -1.737895e+00 -4.547189e-01 2.560014e-01 2.657819e-01 7.162394e-01 7.279680e-01 9.894034e-01 6.811693e-01 7.703609e-01 5.239308e-01 -1.088429e+00 5.898064e-02 1.348847e-02 1.717486e-01 -3.939061e-01 -6.026872e-01 -3.122800e-01 -4.698191e-01 -3.200120e-01 -3.307336e-01 -6.526708e-02 4.329295e-02 1.016046e-01 3.201972e-01 1.042287e-01 2.139888e-01 1.194324e-01 1.724135e-01 8.766797e-02 -1.450780e-02 -7.773078e-03 -8.870522e-02 -9.801165e-02 -1.090826e-01 -1.393058e-01 -8.353104e-02 1.064557e-02
<VARIANCE> 52
 1.599846e+01 1.845766e+01 5.822198e+01 3.556025e+01 2.972353e+01 2.830976e+01 3.154042e+01 2.571402e+01 2.182467e+01 2.729725e+01 2.802613e+01 1.715222e+01 2.549906e+01 5.493482e-01 9.098382e-01 1.447891e+00 2.456205e+00 2.568729e+00 3.111715e+00 3.580617e+00 2.823931e+00 2.375798e+00 2.602142e+00 2.079590e+00 1.843604e+00 4.959191e-01 1.310945e-01 2.633709e-01 2.539238e-01 4.272882e-01 3.905182e-01 3.718157e-01 4.270918e-01 4.258805e-01 4.427103e-01 5.552618e-01 5.067464e-01 3.160079e-01 8.280452e-02 2.399972e-02 4.062985e-02 5.426488e-02 7.872140e-02 1.127561e-01 1.223916e-01 1.323305e-01 1.145975e-01 1.158667e-01 1.320376e-01 7.592899e-02 7.324534e-02 1.662446e-02
<GCONST> 9.628547e+01
<MIXTURE> 3 3.848624e-01
<MEAN> 52
 -9.211061e+00 -1.468675e+00 3.689421e+00 -7.721494e+00 -8.804592e+00 -5.865528e+00 -9.801374e+00 -8.632660e+00 -6.707526e+00 -2.183666e+00 -1.138890e+00 -2.809776e-01 5.544571e+01 -6.688016e-03 -4.144309e-01 -5.877299e-01 7.598107e-02 2.128553e-01 6.262227e-02 1.115687e-01 4.759838e-02 5.021876e-02 -5.024078e-02 -4.745603e-02 -8.810589e-02 -5.016605e-01 5.728278e-02 1.757307e-01 1.553191e-01 1.087723e-01 7.520067e-02 2.653391e-02 2.618995e-02 9.037624e-02 -1.445443e-02 -1.364664e-02 -8.130786e-02 -5.832037e-02 1.265615e-01 -3.171438e-02 -1.845966e-02 -3.783701e-02 -1.807429e-03 2.243338e-02 2.323057e-02 5.129158e-02 3.166381e-02 6.113139e-02 2.666511e-02 4.434799e-02 2.797787e-02 -2.446624e-02
<VARIANCE> 52
 1.118492e+01 1.648924e+01 4.003326e+01 2.405906e+01 4.028283e+01 3.479219e+01 3.705980e+01 3.141426e+01 3.781784e+01 1.912861e+01 3.817627e+01 2.055293e+01 1.181633e+01 2.161501e-01 5.592858e-01 8.846300e-01 1.344550e+00 1.163749e+00 1.581422e+00 1.814574e+00 2.009400e+00 1.659821e+00 1.603390e+00 1.448995e+00 1.371901e+00 1.011388e-01 6.287171e-02 1.247398e-01 1.926969e-01 2.341559e-01 2.374840e-01 3.215294e-01 3.803402e-01 3.794681e-01 3.974507e-01 3.324381e-01 2.739989e-01 2.755835e-01 2.411170e-02 1.045702e-02 2.510732e-02 3.670973e-02 5.783923e-02 5.387598e-02 7.032802e-02 8.349364e-02 8.652908e-02 8.035246e-02 7.802110e-02 6.479377e-02 6.178348e-02 5.699415e-03
<GCONST> 7.556669e+01
<TRANSP> 12
 0.000000e+00 1.000000e+00 0.000000e+00 0.000000e+00 0.000000e+00 0.000000e+00 0.000000e+00 0.000000e+00 0.000000e+00 0.000000e+00 0.000000e+00 0.000000e+00
 0.000000e+00 8.090772e-01 1.909228e-01 0.000000e+00 0.000000e+00 0.000000e+00 0.000000e+00 0.000000e+00 0.000000e+00 0.000000e+00 0.000000e+00 0.000000e+00
 0.000000e+00 0.000000e+00 7.702957e-01 2.297043e-01 0.000000e+00 0.000000e+00 0.000000e+00 0.000000e+00 0.000000e+00 0.000000e+00 0.000000e+00 0.000000e+00
 0.000000e+00 0.000000e+00 0.000000e+00 8.561435e-01 1.438566e-01 0.000000e+00 0.000000e+00 0.000000e+00 0.000000e+00 0.000000e+00 0.000000e+00 0.000000e+00
 0.000000e+00 0.000000e+00 0.000000e+00 0.000000e+00 7.926676e-01 2.073324e-01 0.000000e+00 0.000000e+00 0.000000e+00 0.000000e+00 0.000000e+00 0.000000e+00
 0.000000e+00 0.000000e+00 0.000000e+00 0.000000e+00 0.000000e+00 8.703745e-01 1.296255e-01 0.000000e+00 0.000000e+00 0.000000e+00 0.000000e+00 0.000000e+00
 0.000000e+00 0.000000e+00 0.000000e+00 0.000000e+00 0.000000e+00 0.000000e+00 6.647553e-01 3.352447e-01 0.000000e+00 0.000000e+00 0.000000e+00 0.000000e+00
 0.000000e+00 0.000000e+00 0.000000e+00 0.000000e+00 0.000000e+00 0.000000e+00 0.000000e+00 7.962424e-01 2.037576e-01 0.000000e+00 0.000000e+00 0.000000e+00
 0.000000e+00 0.000000e+00 0.000000e+00 0.000000e+00 0.000000e+00 0.000000e+00 0.000000e+00 0.000000e+00 8.666938e-01 1.333062e-01 0.000000e+00 0.000000e+00
 0.000000e+00 0.000000e+00 0.000000e+00 0.000000e+00 0.000000e+00 0.000000e+00 0.000000e+00 0.000000e+00 0.000000e+00 7.940951e-01 2.059049e-01 0.000000e+00
 0.000000e+00 0.000000e+00 0.000000e+00 0.000000e+00 0.000000e+00 0.000000e+00 0.000000e+00 0.000000e+00 0.000000e+00 0.000000e+00 8.070165e-01 1.929836e-01
 0.000000e+00 0.000000e+00 0.000000e+00 0.000000e+00 0.000000e+00 0.000000e+00 0.000000e+00 0.000000e+00 0.000000e+00 0.000000e+00 0.000000e+00 0.000000e+00
<ENDHMM>
