~o
<STREAMINFO> 1 13
<VECSIZE> 13<NULLD><MFCC_0><DIAGC>
~h "\350\212\257"
<BEGINHMM>
<NUMSTATES> 6
<STATE> 2
<MEAN> 13
 -7.405101e+00 5.305723e+00 -1.110065e+00 -5.455589e+00 -2.333189e+00 -1.071121e+01 -5.705648e+00 -2.340097e+00 2.950754e-01 -7.119761e+00 -4.626620e+00 -8.638315e+00 6.080051e+01
<VARIANCE> 13
 1.200090e+01 4.048765e+00 1.553212e+00 9.755844e+00 7.991159e+00 4.527074e+01 4.041092e+00 2.258578e+01 8.036841e+00 1.730345e+00 3.081893e+01 2.838299e+01 1.257123e+00
<GCONST> 5.053392e+01
<STATE> 3
<MEAN> 13
 -4.367339e+00 1.097527e+01 -6.081945e+00 -1.659248e+01 -3.681929e+00 -2.228930e+01 -2.569366e+00 -1.834002e+00 -7.706439e+00 -2.436388e+00 -4.269154e+00 -6.727673e+00 6.901805e+01
<VARIANCE> 13
 1.403071e+00 4.996479e+00 9.255987e+00 8.004778e+00 1.080005e+01 1.807727e+01 6.058060e+00 1.575231e+01 6.583854e+00 1.389411e+01 1.280186e+01 4.694224e+00 2.912466e+00
<GCONST> 4.965871e+01
<STATE> 4
<MEAN> 13
 -9.534829e-01 5.240309e+00 3.184751e+00 -8.264464e+00 -6.910707e+00 -9.622085e+00 -5.180570e+00 -8.704569e+00 -2.855907e+00 -7.365912e+00 -7.797204e+00 -6.245656e+00 6.170194e+01
<VARIANCE> 13
 1.838758e+00 8.225771e+00 1.293306e+01 1.605201e+01 2.757633e+01 2.251894e+01 1.064027e+01 7.050323e+00 2.045623e+01 1.502466e+01 1.882996e+01 1.018893e+01 7.697512e+00
<GCONST> 5.571905e+01
<STATE> 5
<MEAN> 13
 -5.748002e+00 -3.505452e+00 3.136463e+00 -4.538210e+00 6.223270e-01 -7.283750e+00 1.480661e+00 -4.927526e+00 1.343601e+00 8.232813e-01 -5.664206e+00 -2.829234e+00 5.624947e+01
<VARIANCE> 13
 2.998266e+00 8.250592e+00 5.874955e+00 6.938229e+00 8.308992e+00 9.745355e+00 1.576074e+01 1.699355e+01 2.811514e+01 8.791555e+00 1.414012e+01 2.764326e+01 1.438805e+00
<GCONST> 5.263526e+01
<TRANSP> 6
 0.000000e+00 1.000000e+00 0.000000e+00 0.000000e+00 0.000000e+00 0.000000e+00
 0.000000e+00 5.000010e-01 4.999991e-01 0.000000e+00 0.000000e+00 0.000000e+00
 0.000000e+00 0.000000e+00 8.861061e-01 1.138939e-01 0.000000e+00 0.000000e+00
 0.000000e+00 0.000000e+00 0.000000e+00 8.745868e-01 1.254132e-01 0.000000e+00
 0.000000e+00 0.000000e+00 0.000000e+00 0.000000e+00 7.998500e-01 2.001500e-01
 0.000000e+00 0.000000e+00 0.000000e+00 0.000000e+00 0.000000e+00 0.000000e+00
<ENDHMM>
