~o
<STREAMINFO> 1 52
<VECSIZE> 52<NULLD><MFCC_D_A_T_0><DIAGC>
~h "rx"
<BEGINHMM>
<NUMSTATES> 12
<STATE> 2
<NUMMIXES> 3
<MIXTURE> 1 2.777008e-01
<MEAN> 52
 -2.671607e+00 -1.483265e+01 7.700630e-02 -1.073848e+01 -1.354023e+01 -1.433235e+01 -1.885131e+01 -4.226447e-01 -4.787187e+00 -7.145669e+00 -1.332684e+01 2.341107e+00 7.096545e+01 -1.041718e+00 -9.561301e-01 8.666312e-01 -2.492225e+00 -5.797467e-01 6.347467e-01 1.757058e+00 2.126847e+00 -5.076649e-01 9.270565e-01 -2.036182e-02 1.061190e-01 2.008163e+00 -3.145099e-01 7.769672e-01 -2.756842e-02 5.187249e-02 1.938117e-01 1.380517e-01 7.788615e-01 -5.116745e-01 -3.946455e-01 3.496732e-01 3.231968e-01 -2.415611e-01 -4.547940e-01 1.709231e-01 7.342700e-02 3.761001e-02 2.720533e-01 -8.397019e-02 -1.998270e-01 -3.505993e-01 -4.020932e-01 -1.766935e-02 -5.748321e-02 -7.252450e-02 3.148736e-02 -5.665495e-02
<VARIANCE> 52
 1.309189e+01 2.820671e+01 3.397535e+01 7.944212e+01 4.870929e+01 3.673070e+01 8.316969e+01 6.679783e+01 5.786650e+01 3.235501e+01 4.847041e+01 2.476686e+01 2.863824e+01 6.589252e-01 2.738355e+00 2.256104e+00 3.902455e+00 3.512695e+00 3.014341e+00 3.827788e+00 4.491941e+00 6.127295e+00 2.428478e+00 4.181193e+00 2.119838e+00 8.386493e-01 1.907596e-01 3.240650e-01 4.138776e-01 9.519845e-01 6.117994e-01 7.238701e-01 9.587202e-01 1.198653e+00 8.977802e-01 4.904274e-01 6.129219e-01 3.437690e-01 1.948584e-01 3.373662e-02 1.068244e-01 1.024770e-01 1.782187e-01 1.485086e-01 1.458908e-01 1.432440e-01 1.849587e-01 2.375566e-01 1.128323e-01 1.780553e-01 8.689412e-02 3.524547e-02
<GCONST> 1.195215e+02
<MIXTURE> 2 3.681498e-01
<MEAN> 52
 1.977047e+00 1.738728e+00 1.825868e+00 1.595289e+00 -3.635661e+00 -4.964398e+00 -1.621314e+01 -1.111563e+01 -4.278659e+00 -3.677109e-01 -5.971508e+00 -4.909199e+00 6.380325e+01 4.143385e-01 -5.896099e-01 -1.139376e-01 2.898822e-01 -3.466488e-01 -7.617214e-01 -1.424375e+00 3.143945e-01 4.884239e-01 1.687701e-01 1.456765e-01 1.842555e-01 6.090508e-01 -7.372511e-02 -2.245319e-01 1.369080e-01 -1.290521e-01 -3.906826e-01 8.985810e-02 1.398402e-01 3.810425e-01 -6.189006e-02 -1.467790e-01 1.428326e-01 8.001022e-02 2.073771e-01 -6.633402e-02 4.648014e-03 5.769638e-02 -4.033373e-02 -2.678279e-02 5.993507e-02 8.154976e-02 2.895616e-02 -4.584408e-02 -6.612221e-03 1.350256e-02 -2.236879e-02 1.553177e-02
<VARIANCE> 52
 1.505204e+01 1.904178e+01 3.749208e+01 4.383536e+01 4.703034e+01 4.484890e+01 8.061263e+01 7.762511e+01 4.343724e+01 3.131110e+01 3.723490e+01 2.518137e+01 3.345128e+01 3.447631e-01 1.035021e+00 1.147239e+00 1.988258e+00 2.625295e+00 2.082716e+00 2.993787e+00 4.219420e+00 2.435679e+00 2.021752e+00 2.385211e+00 1.937699e+00 3.655744e-01 8.235887e-02 2.277346e-01 2.427729e-01 3.297264e-01 4.454896e-01 4.045905e-01 4.695680e-01 7.717481e-01 4.813279e-01 3.963609e-01 4.557932e-01 3.821601e-01 9.539384e-02 1.392101e-02 4.416528e-02 4.843222e-02 7.945912e-02 9.754806e-02 9.507257e-02 9.923355e-02 1.336877e-01 1.145595e-01 9.022120e-02 1.054697e-01 8.534396e-02 1.469665e-02
<GCONST> 9.830077e+01
<MIXTURE> 3 3.541494e-01
<MEAN> 52
 -3.201800e-02 -1.634265e+00 -5.194440e-01 9.253035e-01 -4.976609e+00 -8.388302e+00 -1.713769e+01 -8.293186e+00 -4.141775e+00 -3.854848e+00 -6.802361e+00 -1.127133e+00 6.149583e+01 1.608647e+00 -1.889000e+00 7.176051e-01 1.521355e-01 -1.887535e+00 -1.726349e+00 -3.078188e+00 2.317853e-01 3.183236e-02 -6.529740e-01 -6.434376e-01 4.402246e-01 3.313497e+00 -5.094424e-01 -6.687967e-01 5.807618e-02 -6.543319e-01 -4.493049e-01 3.720780e-01 3.613492e-01 7.130538e-01 1.726300e-01 4.950232e-02 1.555112e-01 -3.208986e-02 2.665337e-01 -2.620072e-01 2.605992e-01 1.160774e-02 -1.038760e-01 1.817217e-01 2.284473e-01 4.483931e-01 6.387389e-02 -4.911162e-02 7.078570e-02 1.111009e-01 -7.776705e-02 -3.228809e-01
<VARIANCE> 52
 2.832537e+01 4.365100e+01 3.387712e+01 3.743562e+01 3.533995e+01 7.638762e+01 7.964252e+01 4.078840e+01 4.177486e+01 4.309762e+01 4.451224e+01 2.857507e+01 4.089240e+01 2.956799e+00 5.405566e+00 3.110363e+00 4.334478e+00 4.603662e+00 6.514925e+00 7.710819e+00 6.499675e+00 4.207375e+00 3.677096e+00 4.288023e+00 2.878078e+00 1.770129e+00 5.074816e-01 6.040752e-01 5.196100e-01 6.038741e-01 7.556770e-01 1.252774e+00 1.461371e+00 8.483518e-01 7.541758e-01 6.589731e-01 8.456099e-01 5.283924e-01 4.274682e-01 1.047756e-01 2.202347e-01 1.165421e-01 1.664142e-01 1.790465e-01 2.613027e-01 2.705692e-01 2.591931e-01 1.786306e-01 1.586434e-01 1.554344e-01 1.213191e-01 6.214875e-02
<GCONST> 1.344080e+02
<STATE> 3
<NUMMIXES> 3
<MIXTURE> 1 4.552802e-01
<MEAN> 52
 -1.150645e+00 -7.085451e+00 9.349009e+00 -2.882554e+00 -1.571437e+01 -7.971935e+00 -1.813636e+01 3.641213e+00 -4.607043e+00 -4.093077e+00 9.382046e-01 -2.854596e+00 7.485365e+01 -1.071409e+00 6.852972e-01 1.816682e+00 -3.562208e-01 -1.043391e+00 -4.567989e-01 1.529142e+00 1.581553e-01 -1.700400e+00 -4.096903e-01 1.412792e+00 2.794330e-01 3.979287e-01 -2.027033e-02 4.283864e-01 1.510536e-01 1.945384e-01 2.627535e-01 3.292414e-01 1.085013e-01 -7.789615e-01 -1.672807e-01 2.196496e-01 -1.108164e-01 -1.679488e-02 -3.221844e-01 5.011304e-02 -7.026616e-02 -1.174099e-01 -2.782992e-02 1.281926e-01 6.916618e-02 -2.176640e-01 6.703477e-02 2.465944e-01 3.901761e-02 -1.868858e-01 -1.860818e-02 1.635399e-02
<VARIANCE> 52
 9.290167e+00 4.630036e+01 3.275119e+01 4.404440e+01 2.913382e+01 3.892330e+01 4.735040e+01 4.408030e+01 5.864464e+01 3.683199e+01 3.308473e+01 3.490330e+01 1.081457e+01 3.790402e-01 6.929407e-01 1.094477e+00 1.372545e+00 1.363564e+00 1.459229e+00 1.531156e+00 2.815249e+00 1.863250e+00 1.788829e+00 1.640769e+00 1.288939e+00 2.248459e-01 5.796736e-02 1.226252e-01 1.756044e-01 2.192406e-01 2.473114e-01 2.905637e-01 3.571487e-01 4.360781e-01 3.720924e-01 3.058055e-01 4.243245e-01 1.930539e-01 3.990137e-02 1.445661e-02 2.315223e-02 3.927760e-02 5.273941e-02 6.117269e-02 7.461454e-02 6.434648e-02 1.147400e-01 7.835552e-02 6.202557e-02 7.478361e-02 5.712983e-02 9.429035e-03
<GCONST> 8.185595e+01
<MIXTURE> 2 2.293237e-01
<MEAN> 52
 -9.374173e+00 -1.193373e+01 2.312195e+00 -2.069196e+01 -1.731855e+01 -1.288448e+01 -6.110918e+00 -2.179253e+00 -1.118010e+01 8.745998e-01 -1.284271e+01 9.306775e-01 7.616208e+01 -8.995672e-01 1.327570e+00 1.431432e+00 -8.964327e-01 -9.126514e-01 4.207326e-01 4.013366e-01 -2.402989e+00 -7.024243e-01 2.143301e+00 -2.429991e-02 -1.689287e-01 1.409067e-01 1.927231e-01 1.728648e-01 2.185073e-01 1.368360e-01 1.131539e-01 1.007069e-01 -8.554367e-01 -2.902009e-01 4.474203e-01 -1.773457e-01 -1.919564e-01 1.561067e-01 -3.130006e-01 3.219588e-02 -6.697796e-02 -9.867695e-02 -3.007998e-02 1.095442e-01 2.771930e-02 -1.019687e-03 3.319272e-01 3.345817e-02 -2.502564e-01 8.558360e-03 3.241034e-02 4.319175e-02
<VARIANCE> 52
 8.192468e+00 1.856612e+01 2.020241e+01 2.828741e+01 4.204256e+01 1.846235e+01 5.057001e+01 5.892220e+01 5.046724e+01 4.723606e+01 2.170077e+01 3.786920e+01 2.870746e+01 2.926114e-01 5.792186e-01 1.363208e+00 6.628295e-01 8.437806e-01 1.067036e+00 3.772129e+00 1.553050e+00 2.698554e+00 1.511947e+00 1.587753e+00 1.158789e+00 3.000414e-01 4.010269e-02 9.084187e-02 1.711890e-01 2.459531e-01 2.860621e-01 1.992871e-01 3.885068e-01 4.845354e-01 3.407475e-01 4.609940e-01 2.830196e-01 2.992830e-01 2.626772e-02 8.597541e-03 2.539686e-02 4.831900e-02 5.605403e-02 5.255531e-02 4.637592e-02 1.273060e-01 9.283586e-02 1.273075e-01 7.596687e-02 7.850518e-02 5.902680e-02 5.238067e-03
<GCONST> 7.870336e+01
<MIXTURE> 3 3.153962e-01
<MEAN> 52
 2.267747e+00 -5.475096e+00 3.103052e+00 1.181514e+00 -1.328339e+01 -2.689879e+00 -2.089723e+01 -4.375086e+00 -4.361242e-01 -2.675840e-01 -1.962346e+00 -4.925335e+00 7.260574e+01 -8.928404e-01 -1.040410e+00 1.280682e+00 -1.486941e+00 -1.935054e+00 -1.094805e-01 -5.959477e-01 2.566818e+00 3.224132e-01 -9.491458e-01 8.189563e-01 -2.490550e-01 1.651096e+00 -2.914664e-01 5.792028e-01 3.382919e-01 5.133194e-02 3.486993e-01 -2.994080e-01 6.107721e-01 -3.565295e-02 -5.526562e-01 -1.970464e-01 1.054145e-01 1.131522e-01 -2.935059e-01 9.253205e-02 1.528939e-01 -5.520145e-02 2.352058e-01 1.447237e-01 -2.574421e-02 8.143093e-02 -3.512085e-01 -1.434926e-01 1.035018e-01 -6.517640e-03 7.366446e-02 -1.385114e-01
<VARIANCE> 52
 1.008280e+01 2.040547e+01 4.137853e+01 5.647962e+01 4.134251e+01 5.101669e+01 5.147078e+01 5.702608e+01 6.492690e+01 3.856524e+01 3.556530e+01 3.980680e+01 1.085342e+01 5.438024e-01 1.802259e+00 2.200246e+00 3.698521e+00 4.544763e+00 5.279036e+00 3.804267e+00 3.563313e+00 4.460611e+00 3.531355e+00 3.925758e+00 3.252807e+00 7.068864e-01 9.671107e-02 2.462476e-01 3.175934e-01 7.687336e-01 7.996443e-01 7.757247e-01 6.959106e-01 7.239147e-01 7.057231e-01 5.350373e-01 6.345882e-01 4.610043e-01 1.315437e-01 2.058189e-02 6.919487e-02 8.438687e-02 1.417896e-01 2.081855e-01 2.122648e-01 1.578824e-01 1.400093e-01 1.531173e-01 1.461174e-01 1.855561e-01 1.071212e-01 2.375951e-02
<GCONST> 1.146640e+02
<STATE> 4
<NUMMIXES> 3
<MIXTURE> 1 4.256131e-01
<MEAN> 52
 -4.799510e+00 -1.777290e+00 1.702034e+01 -3.019251e+00 -1.714631e+01 -5.445387e+00 -1.482916e+01 -5.720745e-01 -1.025983e+01 -4.600042e+00 4.259109e+00 -3.205659e+00 7.417909e+01 -7.202638e-01 1.534309e+00 1.339351e+00 1.857308e-01 7.386016e-01 5.509621e-01 6.019051e-01 -9.468822e-01 -7.948202e-01 1.068626e-01 -1.631383e-01 1.962499e-01 -6.501998e-01 -1.125748e-01 3.367342e-01 -5.944642e-01 1.471326e-01 7.753778e-01 -1.572910e-01 1.675791e-01 -4.602400e-04 6.065575e-01 2.206535e-01 -4.495067e-01 1.855838e-01 -2.279404e-01 -1.860723e-01 1.087343e-02 -2.080155e-01 -2.650392e-02 4.780396e-02 -1.225030e-01 1.993236e-01 1.456981e-01 1.225644e-01 2.647420e-03 7.077004e-02 5.574459e-02 6.433960e-02
<VARIANCE> 52
 1.101749e+01 2.765219e+01 3.503772e+01 4.927524e+01 3.641015e+01 4.121750e+01 3.457050e+01 4.483513e+01 4.909044e+01 4.479556e+01 2.537983e+01 3.404035e+01 1.396343e+01 3.891020e-01 7.452126e-01 1.177744e+00 1.088237e+00 1.990105e+00 1.475867e+00 1.436690e+00 2.164746e+00 1.756621e+00 1.397851e+00 1.409966e+00 1.343342e+00 2.527240e-01 1.698932e-01 1.836533e-01 2.401960e-01 2.792569e-01 3.835040e-01 3.190398e-01 4.196391e-01 4.493741e-01 3.619272e-01 3.456502e-01 3.016685e-01 2.890431e-01 5.422452e-02 2.530051e-02 4.235259e-02 3.877001e-02 5.791427e-02 7.111013e-02 6.594222e-02 6.594539e-02 1.080884e-01 7.800054e-02 5.645181e-02 6.567504e-02 5.594458e-02 8.512971e-03
<GCONST> 8.546693e+01
<MIXTURE> 2 2.665368e-01
<MEAN> 52
 -1.130220e+01 -2.467440e+00 1.033240e+01 -2.276752e+01 -1.825879e+01 -9.049484e+00 -1.420173e+01 -1.290598e+01 -1.112072e+01 4.264855e+00 -1.617529e+01 1.911558e+00 7.251251e+01 5.834861e-02 1.807751e+00 5.282900e-01 5.025414e-01 4.998898e-01 5.337561e-01 -1.438971e+00 -7.260339e-01 6.713346e-02 -8.475131e-01 -2.895752e-01 -7.507589e-02 -8.709173e-01 5.021396e-02 1.008133e-01 -5.148734e-01 5.593901e-01 8.802303e-02 -7.117921e-02 2.217026e-01 2.686149e-01 -1.643676e-02 -5.774930e-01 2.296237e-01 -3.020690e-01 -1.398355e-01 -1.447600e-01 1.471483e-02 -8.449392e-02 5.901860e-02 -2.027381e-02 6.143370e-03 2.412924e-01 -2.353094e-02 3.732249e-02 9.365100e-02 1.028534e-01 -7.667283e-02 5.621117e-02
<VARIANCE> 52
 8.971404e+00 2.715962e+01 1.011790e+01 1.957999e+01 2.880406e+01 3.231674e+01 3.965591e+01 3.973623e+01 3.360371e+01 4.911303e+01 3.638618e+01 3.667211e+01 3.139850e+01 4.022198e-01 4.992253e-01 1.388889e+00 1.951904e+00 1.044880e+00 1.638413e+00 1.218995e+00 3.046256e+00 1.644716e+00 2.086976e+00 2.299316e+00 1.937033e+00 3.388947e-01 8.724093e-02 1.133475e-01 1.737433e-01 1.737161e-01 2.191608e-01 3.047397e-01 3.882068e-01 5.201743e-01 2.777226e-01 3.634622e-01 3.566106e-01 2.983287e-01 2.129182e-02 2.804288e-02 2.817108e-02 3.759928e-02 4.203941e-02 5.444707e-02 5.828938e-02 7.185209e-02 1.002539e-01 7.444602e-02 8.770863e-02 9.247532e-02 6.468052e-02 5.776063e-03
<GCONST> 8.110072e+01
<MIXTURE> 3 3.078501e-01
<MEAN> 52
 -6.856335e+00 4.001657e+00 1.753565e+01 -1.432535e+00 -1.182096e+01 -5.845052e+00 -1.134144e+01 -2.879128e+00 -9.565801e+00 -3.281677e+00 1.845052e+00 -9.267772e-01 7.134698e+01 -2.199562e+00 3.178995e+00 -1.457899e+00 7.270349e-01 3.176821e+00 -6.448744e-01 2.784306e+00 -8.675482e-01 1.628334e+00 7.973125e-01 -9.024552e-01 1.266147e+00 -1.061474e+00 -8.790042e-01 9.542994e-02 -9.084129e-01 -7.268705e-02 4.523221e-01 9.649561e-02 5.156389e-01 2.727445e-01 5.435123e-01 1.427953e-01 -4.110770e-02 -4.660960e-02 4.943144e-02 1.801580e-02 -4.205137e-01 1.370198e-01 -2.045800e-01 -4.318975e-01 1.596081e-01 -3.137291e-01 8.845051e-02 -2.833275e-01 -9.678517e-02 1.365617e-01 -2.071685e-01 1.216317e-01
<VARIANCE> 52
 1.144341e+01 2.494291e+01 2.638700e+01 4.091093e+01 3.306345e+01 3.932135e+01 4.298694e+01 3.701727e+01 4.522282e+01 4.067396e+01 2.302847e+01 2.467549e+01 1.795536e+01 1.505710e+00 1.656110e+00 3.313891e+00 3.245134e+00 3.013893e+00 2.424595e+00 2.698296e+00 2.966976e+00 3.949486e+00 3.307429e+00 2.208737e+00 1.488058e+00 4.440387e-01 1.062711e-01 3.960557e-01 3.288901e-01 4.740049e-01 5.338238e-01 3.865630e-01 4.592517e-01 4.975688e-01 6.140854e-01 4.142029e-01 3.648297e-01 3.456740e-01 7.385969e-02 5.614415e-02 5.833465e-02 8.261960e-02 1.022982e-01 1.240261e-01 8.888266e-02 1.138370e-01 1.221981e-01 1.354206e-01 1.134334e-01 8.267707e-02 6.069122e-02 1.385983e-02
<GCONST> 1.026508e+02
<STATE> 5
<NUMMIXES> 3
<MIXTURE> 1 4.226781e-01
<MEAN> 52
 -1.673198e+01 1.288428e+01 8.581850e+00 -5.171039e-01 -4.036822e+00 -6.065141e+00 -4.088204e+00 -5.903496e+00 -4.429175e+00 -3.089891e+00 -2.356790e+00 -5.967634e-01 6.860728e+01 -4.254307e+00 1.209757e+00 -2.613048e+00 3.229476e-01 2.826502e+00 1.192246e+00 2.582791e+00 9.702021e-01 1.932722e+00 1.002786e+00 3.591291e-02 1.414838e-01 -3.972068e-01 2.540411e-02 -1.109650e+00 -1.683961e-01 -7.530614e-01 -8.193399e-01 7.821339e-02 -6.409643e-01 2.010164e-01 -2.707055e-01 1.468896e-01 6.184281e-02 -7.022600e-02 2.078805e-01 5.258678e-01 -7.638830e-02 3.105070e-01 -4.773293e-02 -3.807262e-01 -2.150528e-01 -3.205594e-01 -2.368251e-01 -2.728200e-01 -1.921793e-01 -5.300608e-03 -9.989295e-03 -1.695278e-02
<VARIANCE> 52
 2.341761e+01 1.259401e+01 4.202899e+01 2.250782e+01 3.535574e+01 3.963445e+01 3.496281e+01 4.228982e+01 2.623068e+01 3.494345e+01 3.236946e+01 3.035163e+01 1.671062e+01 7.327777e-01 3.314574e+00 2.927883e+00 4.052243e+00 2.725759e+00 2.567085e+00 3.176551e+00 3.485150e+00 2.844525e+00 3.307743e+00 3.418120e+00 2.016061e+00 4.275390e-01 3.224996e-01 2.438329e-01 3.673550e-01 3.673038e-01 5.915132e-01 4.991579e-01 4.909281e-01 4.861565e-01 6.141361e-01 7.301748e-01 4.587648e-01 5.462372e-01 4.982818e-02 2.467470e-02 1.154479e-01 8.676522e-02 9.861363e-02 1.106180e-01 8.463915e-02 1.116339e-01 1.194027e-01 1.155442e-01 1.320285e-01 1.120621e-01 9.191196e-02 1.213755e-02
<GCONST> 1.050479e+02
<MIXTURE> 2 4.166857e-01
<MEAN> 52
 -2.496198e+01 1.040508e+01 3.649399e+00 -3.262435e+00 -1.246050e+00 -3.544470e+00 -9.620914e-01 -2.848626e+00 -1.530508e+00 -3.062182e-02 -1.052378e+00 4.880909e-01 6.891949e+01 -2.430011e+00 -1.215666e+00 -2.346338e+00 -1.728892e+00 -6.011096e-01 -1.391422e-01 -2.607706e-02 -4.230650e-02 2.993294e-01 2.408277e-01 5.709013e-02 -1.266203e-01 -1.106386e-01 1.056659e+00 -3.853676e-01 6.354696e-01 -1.231600e-01 -8.097025e-01 -3.574312e-01 -6.808340e-01 -3.126281e-01 -5.021480e-01 -3.016758e-01 6.306228e-03 -7.349876e-02 8.204938e-02 2.192596e-01 3.841368e-01 2.711425e-01 3.396237e-01 3.105441e-01 3.458213e-02 2.170153e-01 -1.754919e-02 6.521969e-02 -1.302674e-03 -3.733371e-02 4.792345e-02 -5.434814e-02
<VARIANCE> 52
 1.196459e+01 1.750784e+01 4.018301e+01 2.812396e+01 2.904072e+01 3.907841e+01 3.361786e+01 3.151162e+01 2.400109e+01 2.378418e+01 2.412381e+01 2.207951e+01 9.501704e+00 1.737550e+00 1.339138e+00 1.738471e+00 1.703565e+00 2.067453e+00 1.953006e+00 2.263632e+00 2.248307e+00 2.277931e+00 2.191003e+00 2.188442e+00 1.422515e+00 2.403834e-01 1.230039e-01 3.879392e-01 3.729992e-01 5.330332e-01 5.915489e-01 3.693232e-01 4.457276e-01 4.188235e-01 3.994866e-01 3.943042e-01 4.570944e-01 3.152443e-01 4.305179e-02 4.924582e-02 4.506386e-02 6.656997e-02 6.377558e-02 9.970377e-02 8.989757e-02 9.681365e-02 9.989265e-02 1.172357e-01 1.183443e-01 1.045866e-01 7.650392e-02 8.033912e-03
<GCONST> 9.344744e+01
<MIXTURE> 3 1.606361e-01
<MEAN> 52
 -1.077120e+01 6.658256e+00 6.203335e+00 -1.485158e+01 -1.663201e+01 -8.021524e+00 -1.634637e+01 -1.548693e+01 -1.073240e+01 -4.723751e+00 -1.406315e+01 -2.488803e+00 6.791578e+01 -1.729893e+00 2.722998e+00 -2.166931e+00 3.577414e+00 1.105875e+00 6.523931e-01 1.569521e+00 -3.820008e-02 7.794576e-01 -2.517126e+00 1.891716e+00 -2.077840e+00 -9.176097e-01 -1.050160e+00 -2.016514e-01 -3.435750e-01 2.307607e-01 5.750836e-01 3.027279e-01 8.227650e-01 6.627181e-01 4.726505e-01 6.243585e-01 4.658595e-01 1.536563e-01 2.562652e-01 5.500021e-02 -3.224828e-01 1.898786e-01 -4.060529e-01 -2.069367e-02 1.051832e-02 -2.079619e-01 1.063622e-01 1.874170e-02 4.309705e-01 -1.997820e-01 3.271723e-01 4.705925e-02
<VARIANCE> 52
 8.124609e+00 2.645189e+01 2.641630e+01 3.461250e+01 2.470630e+01 2.176545e+01 3.659986e+01 1.409563e+01 1.564431e+01 4.805550e+01 3.185021e+01 2.675689e+01 2.441799e+01 2.211999e+00 1.047348e+00 1.562293e+00 1.705012e+00 4.519063e+00 3.852072e+00 3.454964e+00 2.935926e+00 2.849412e+00 3.467056e+00 2.141174e+00 2.458305e+00 3.970231e-01 1.049187e-01 4.062344e-01 3.430995e-01 4.753299e-01 4.050421e-01 3.725355e-01 4.588991e-01 5.929563e-01 3.667645e-01 9.947343e-01 4.941182e-01 5.640328e-01 3.448050e-02 1.016531e-01 4.278462e-02 5.740298e-02 6.920841e-02 1.435004e-01 1.224013e-01 1.061495e-01 1.240045e-01 8.567402e-02 1.257640e-01 8.721998e-02 8.435922e-02 9.769726e-03
<GCONST> 9.965385e+01
<STATE> 6
<NUMMIXES> 3
<MIXTURE> 1 1.307829e-01
<MEAN> 52
 -2.594863e+01 8.431485e+00 -1.687205e+00 -5.494914e+00 -4.555921e+00 -2.354237e+00 -2.988889e+00 -7.584847e+00 -1.849045e+00 -5.536504e-01 -2.967148e+00 -2.168324e+00 6.574059e+01 3.300793e+00 3.570228e-01 2.329076e+00 -1.233952e+00 -2.190175e+00 -1.806194e+00 -2.788546e+00 -3.004533e+00 -2.571471e+00 -1.525300e+00 -1.132840e+00 -4.556151e-01 2.115522e-01 1.009246e+00 -7.929187e-02 4.846770e-01 -8.692569e-01 -7.397529e-01 -4.037485e-01 -8.295273e-01 -4.731034e-01 -4.364782e-01 -3.950705e-02 -5.152582e-01 -1.074023e-01 3.707082e-01 -4.229927e-01 -1.995230e-01 -2.844462e-01 -1.109700e-01 3.423993e-01 3.658783e-01 3.629878e-01 5.177515e-01 4.170349e-01 3.614416e-01 5.621636e-02 5.945590e-02 2.700273e-02
<VARIANCE> 52
 1.565167e+01 1.123926e+01 4.329281e+01 2.491038e+01 2.948417e+01 2.801710e+01 3.943615e+01 3.889919e+01 2.949028e+01 2.635931e+01 1.841383e+01 1.953456e+01 2.006373e+01 2.283175e+00 1.174953e+00 1.446219e+00 3.074786e+00 2.457988e+00 1.879701e+00 2.941722e+00 2.850322e+00 1.870455e+00 2.045556e+00 2.249792e+00 2.173908e+00 4.794317e-01 2.228677e-01 2.425330e-01 2.780705e-01 4.941357e-01 5.078128e-01 5.341079e-01 5.524562e-01 7.253773e-01 5.244555e-01 6.313501e-01 4.000847e-01 4.786629e-01 6.682241e-02 8.803593e-02 5.150937e-02 5.434146e-02 1.047687e-01 1.268905e-01 8.423651e-02 1.291064e-01 1.152984e-01 9.347022e-02 8.830471e-02 9.694225e-02 1.170204e-01 1.652844e-02
<GCONST> 1.003703e+02
<MIXTURE> 2 7.713137e-01
<MEAN> 52
 -2.859446e+01 8.643352e+00 -2.435258e+00 -6.767600e+00 -5.224741e+00 -6.052559e+00 -3.533267e+00 -4.590608e+00 -2.317453e+00 -2.164930e-01 -1.606948e+00 -7.906692e-01 6.797049e+01 -1.539552e-01 -5.154133e-01 -1.858541e-02 -3.495892e-01 -4.550966e-02 7.100377e-02 1.459408e-01 3.494480e-02 1.272207e-01 1.951766e-01 9.668797e-02 8.241568e-02 -1.795921e-01 6.526937e-01 8.907567e-02 5.813813e-01 1.827086e-01 -6.397673e-02 4.080734e-03 -1.351787e-01 -1.480259e-01 -1.694868e-01 -1.214319e-01 -1.029631e-01 -5.330097e-02 -2.817351e-02 4.594902e-02 5.022742e-02 2.693337e-03 6.485745e-03 -3.062862e-02 6.894657e-03 -5.034497e-02 -2.719182e-02 -4.361004e-02 -2.439580e-02 -4.312110e-04 -2.547253e-02 3.271490e-02
<VARIANCE> 52
 6.739194e+00 1.826531e+01 3.830978e+01 2.799370e+01 2.068964e+01 5.043575e+01 3.007810e+01 2.930465e+01 2.810399e+01 2.844803e+01 2.182567e+01 1.811840e+01 1.629255e+01 6.350684e-01 6.586394e-01 1.175968e+00 1.140769e+00 1.410137e+00 1.452111e+00 1.366794e+00 1.673096e+00 1.620540e+00 1.726056e+00 1.628595e+00 1.445453e+00 1.665359e-01 2.743677e-01 1.954110e-01 2.607500e-01 3.496445e-01 3.514736e-01 3.388650e-01 3.919525e-01 4.576836e-01 4.144589e-01 4.227098e-01 3.473137e-01 2.901700e-01 3.468648e-02 4.933184e-02 3.581373e-02 4.483041e-02 7.082042e-02 8.506738e-02 8.424724e-02 8.717152e-02 9.073121e-02 9.053098e-02 1.002980e-01 7.811983e-02 7.917883e-02 1.240149e-02
<GCONST> 8.499379e+01
<MIXTURE> 3 9.790349e-02
<MEAN> 52
 -1.406562e+01 8.899386e+00 3.559874e+00 -1.460102e+01 -1.538918e+01 -9.548586e+00 -1.584972e+01 -1.848689e+01 -9.390131e+00 -5.598148e+00 -9.603285e+00 -4.721411e+00 6.743166e+01 3.476711e+00 -1.268710e+00 2.645626e+00 -4.613896e+00 -2.030169e+00 -1.073631e+00 -3.081459e+00 -1.459457e+00 -1.462780e+00 4.386823e-01 -2.719674e+00 -3.012723e-01 1.335527e+00 -8.763997e-01 -4.584772e-01 -5.018055e-01 -3.344784e-01 9.285837e-01 8.219021e-01 7.584835e-01 1.245334e+00 8.633883e-01 8.381211e-01 3.653507e-02 3.282987e-01 7.759495e-02 -3.865637e-01 1.591528e-01 -3.678194e-01 5.813786e-01 3.430358e-01 1.794225e-01 3.426437e-01 1.672069e-01 1.502664e-01 -1.386038e-01 3.151416e-01 6.097017e-02 -2.115815e-01
<VARIANCE> 52
 1.056563e+01 1.981277e+01 2.405744e+01 3.104266e+01 2.067742e+01 1.757580e+01 2.708222e+01 2.800977e+01 1.356286e+01 2.905886e+01 1.965035e+01 2.041576e+01 2.683483e+01 1.838014e+00 1.496827e+00 2.019611e+00 3.364455e+00 3.641613e+00 3.930016e+00 4.189342e+00 5.361019e+00 2.739594e+00 3.749413e+00 1.945989e+00 3.341558e+00 4.240769e-01 2.294642e-01 2.310496e-01 3.681120e-01 5.741488e-01 3.515073e-01 3.327733e-01 5.774318e-01 3.455514e-01 3.357083e-01 4.481986e-01 5.581307e-01 4.866662e-01 8.700835e-02 8.452010e-02 6.315909e-02 7.081226e-02 8.637432e-02 1.328795e-01 1.759829e-01 1.659983e-01 1.875981e-01 1.296105e-01 1.488259e-01 9.936185e-02 1.194904e-01 1.222866e-02
<GCONST> 1.031335e+02
<STATE> 7
<NUMMIXES> 3
<MIXTURE> 1 4.428529e-01
<MEAN> 52
 -1.015031e+01 8.116501e+00 1.361213e+01 -2.883985e+00 -8.967729e+00 -4.801692e+00 -6.072389e+00 -5.520762e+00 -7.053739e+00 -2.882406e+00 6.043296e-02 -6.149684e-01 6.943649e+01 4.533735e+00 -6.155064e-01 2.535048e+00 -7.152510e-02 -2.801306e+00 5.425013e-01 -1.843274e+00 -1.558152e-01 -1.838365e+00 -3.157123e-01 1.190054e+00 -4.982748e-01 1.236103e+00 -7.644761e-01 -4.067298e-01 -7.950423e-01 -5.063875e-01 8.362236e-02 2.805428e-01 1.417174e-01 1.510681e-01 6.826794e-02 3.444117e-01 1.154820e-01 -2.485317e-01 7.900373e-02 -5.256053e-01 3.103183e-02 -3.825598e-01 4.525400e-02 4.422066e-01 -5.504398e-03 2.805513e-01 -8.710975e-03 2.672802e-01 8.340385e-02 -2.163136e-01 -3.947966e-02 -2.419280e-01
<VARIANCE> 52
 3.013512e+01 2.539775e+01 2.206883e+01 2.316689e+01 4.643584e+01 4.880025e+01 3.124790e+01 3.339015e+01 3.580980e+01 2.224624e+01 2.669692e+01 2.041701e+01 1.786310e+01 2.343523e+00 2.450291e+00 4.309433e+00 4.060498e+00 3.033986e+00 4.506579e+00 2.587945e+00 3.230707e+00 3.387222e+00 4.444454e+00 2.756272e+00 2.885926e+00 7.565632e-01 5.233650e-01 2.479606e-01 4.455802e-01 4.406150e-01 7.275574e-01 6.097168e-01 4.792523e-01 4.395217e-01 5.603380e-01 4.119862e-01 4.833973e-01 4.083172e-01 1.739136e-01 1.028401e-01 8.077833e-02 1.235177e-01 1.485721e-01 1.133463e-01 1.738522e-01 9.393036e-02 1.249275e-01 1.213589e-01 1.657565e-01 1.135555e-01 1.193168e-01 2.839931e-02
<GCONST> 1.130343e+02
<MIXTURE> 2 3.383268e-01
<MEAN> 52
 -2.523987e+01 4.348516e+00 3.513261e+00 -7.088829e+00 -4.491587e+00 -5.142609e+00 -2.082704e+00 -3.455012e+00 -2.688276e+00 -5.777345e-01 -1.443608e+00 -9.343353e-02 6.718768e+01 3.940132e+00 3.930579e-01 2.683898e+00 1.350632e+00 -5.836236e-01 4.715401e-01 -6.863344e-01 -3.750502e-01 -8.083843e-01 -5.754320e-01 -1.449655e-01 -4.483828e-01 -2.145298e-01 1.268240e+00 2.960697e-01 7.602417e-01 2.333103e-01 -5.133514e-01 1.613400e-01 -4.861480e-01 -2.275143e-02 -5.200621e-01 -1.235804e-01 3.887134e-01 -5.559873e-02 4.370795e-01 -4.567613e-01 -2.057209e-01 -3.908874e-01 -3.407974e-01 -8.911021e-02 1.818410e-02 1.301238e-02 3.985518e-02 2.990203e-02 1.187750e-01 9.670162e-02 -1.365496e-02 9.297853e-02
<VARIANCE> 52
 1.561979e+01 1.818189e+01 2.118584e+01 2.106371e+01 2.283635e+01 3.604196e+01 2.570111e+01 2.347371e+01 2.736849e+01 2.726337e+01 2.239057e+01 2.042668e+01 1.164384e+01 2.324484e+00 2.301711e+00 2.440672e+00 2.020583e+00 2.590808e+00 2.328303e+00 2.185774e+00 1.935606e+00 2.341660e+00 2.673600e+00 2.032341e+00 1.372129e+00 7.914750e-01 2.848105e-01 3.296038e-01 3.672506e-01 5.506717e-01 5.261515e-01 6.295246e-01 3.752126e-01 3.732339e-01 4.731868e-01 6.710622e-01 4.626456e-01 3.888740e-01 1.529980e-01 9.042753e-02 7.336724e-02 9.709167e-02 8.252883e-02 1.258833e-01 9.518386e-02 7.839141e-02 8.404099e-02 1.108491e-01 1.027510e-01 1.056818e-01 6.786705e-02 3.199079e-02
<GCONST> 1.008498e+02
<MIXTURE> 3 2.188203e-01
<MEAN> 52
 -1.188687e+01 3.824687e+00 6.775798e+00 -2.718001e+01 -1.201960e+01 -7.268405e+00 -1.832950e+01 -1.402785e+01 -8.421269e+00 -2.401347e-01 -1.640484e+01 -2.628209e+00 7.110642e+01 7.131606e-01 -7.952700e-01 -2.802206e-01 -2.098837e+00 1.256661e+00 8.715484e-01 -8.448358e-01 1.041133e+00 5.582789e-01 1.782315e-01 -1.273639e+00 5.210620e-01 4.045127e-01 -3.225968e-01 2.089602e-01 -6.198112e-01 1.113778e+00 3.215777e-01 1.092947e-01 2.718349e-01 1.696292e-01 1.650169e-01 -5.116655e-01 4.720384e-01 3.423600e-02 -2.965269e-01 1.967817e-01 1.627945e-02 1.878969e-01 1.099686e-01 -2.739540e-01 -2.582522e-01 -1.325312e-01 -2.372087e-01 -2.359931e-01 -1.438524e-01 1.288364e-02 -8.180790e-02 -7.433272e-03
<VARIANCE> 52
 1.035030e+01 1.128680e+01 1.421753e+01 2.607851e+01 1.488645e+01 1.969432e+01 3.352104e+01 3.333551e+01 2.249352e+01 4.041563e+01 3.371560e+01 1.843851e+01 1.144129e+01 5.085421e-01 6.879984e-01 2.001344e+00 3.611738e+00 1.093727e+00 1.421077e+00 1.803234e+00 3.130059e+00 2.465246e+00 3.564123e+00 2.790237e+00 1.977993e+00 3.268432e-01 2.701652e-01 1.524908e-01 4.596018e-01 2.792834e-01 3.272690e-01 5.672635e-01 4.456749e-01 4.019697e-01 4.579628e-01 3.780780e-01 4.256793e-01 2.975949e-01 3.062256e-02 4.802948e-02 4.381002e-02 8.531281e-02 1.215301e-01 4.010537e-02 7.006331e-02 1.004983e-01 9.825271e-02 8.805034e-02 1.472227e-01 1.117921e-01 7.606343e-02 1.011656e-02
<GCONST> 8.960686e+01
<STATE> 8
<NUMMIXES> 3
<MIXTURE> 1 4.407111e-01
<MEAN> 52
 -5.811460e+00 4.020580e+00 1.645971e+01 -7.960486e+00 -1.534889e+01 -2.366717e-01 -1.013064e+01 -5.664520e+00 -1.029161e+01 -1.358595e+00 3.889822e+00 -3.612728e+00 7.231749e+01 9.106859e-01 -6.232026e-01 -3.439235e-01 -1.184685e+00 -3.532764e-01 1.864742e+00 -3.666668e-01 -8.485863e-02 -3.154968e-01 1.026599e+00 3.517316e-01 -1.551198e+00 1.969169e-01 -6.099346e-01 2.019615e-01 -7.387682e-01 3.647992e-01 8.511359e-01 -2.456455e-01 4.839633e-01 -5.028810e-02 4.055009e-01 1.360233e-01 -4.676774e-01 -3.933193e-02 -4.115613e-01 2.453618e-01 5.620256e-02 2.092414e-01 2.968974e-01 -5.182759e-02 -2.872247e-01 -4.300958e-02 -2.219633e-02 -2.577560e-02 -1.854316e-01 -6.865136e-02 2.038909e-01 -2.150119e-02
<VARIANCE> 52
 1.228488e+01 2.115425e+01 2.539818e+01 4.789083e+01 3.018200e+01 5.696734e+01 3.500018e+01 4.498538e+01 3.912921e+01 4.755867e+01 2.625155e+01 3.152419e+01 1.275546e+01 6.011258e-01 9.412959e-01 1.565419e+00 2.017800e+00 2.701463e+00 2.199400e+00 2.524609e+00 2.207773e+00 2.094528e+00 2.377470e+00 2.345065e+00 1.745306e+00 4.525444e-01 3.055558e-01 1.760434e-01 4.020972e-01 5.698050e-01 5.297699e-01 6.268581e-01 3.818109e-01 4.162058e-01 3.625506e-01 5.176639e-01 3.257876e-01 4.037439e-01 8.470418e-02 2.798045e-02 4.508863e-02 5.936143e-02 7.373947e-02 1.046052e-01 8.472195e-02 1.037407e-01 1.002810e-01 9.857320e-02 8.688137e-02 8.990489e-02 7.286794e-02 2.140018e-02
<GCONST> 9.760167e+01
<MIXTURE> 2 3.172578e-01
<MEAN> 52
 -9.276475e+00 -1.243055e+00 4.488421e+00 -2.869241e+01 -6.643115e+00 -6.228870e+00 -2.254278e+01 -7.640247e+00 -6.973142e+00 -4.206397e+00 -1.873517e+01 -7.176422e-01 7.193320e+01 4.622254e-01 -5.275105e-01 -9.810232e-02 7.920746e-01 3.173956e-01 -1.149248e-01 -3.727564e-01 6.882641e-01 -2.701298e-01 -9.701164e-01 4.970602e-03 5.839569e-02 -2.959029e-01 2.756449e-03 4.020603e-02 6.848924e-03 2.561308e-01 -1.821605e-01 -1.501090e-01 1.428486e-01 -5.977490e-02 -4.580612e-02 4.526046e-02 1.000204e-01 -8.027966e-02 -9.771287e-02 1.483802e-02 1.144521e-02 -2.301024e-02 -8.330873e-02 -6.894117e-03 4.617324e-03 3.377924e-02 -3.006656e-02 1.117597e-02 7.322762e-02 -2.582775e-02 -4.069311e-03 6.436124e-03
<VARIANCE> 52
 6.016018e+00 9.538590e+00 1.186661e+01 2.527365e+01 1.772329e+01 4.115952e+01 2.102866e+01 7.073104e+01 1.543211e+01 4.818861e+01 3.398829e+01 2.256650e+01 4.532885e+00 9.245543e-02 1.424108e-01 4.155182e-01 7.173355e-01 8.798006e-01 9.845702e-01 1.057398e+00 9.862108e-01 5.832158e-01 1.336628e+00 7.111536e-01 4.931617e-01 8.962451e-02 1.905671e-02 2.698379e-02 8.784950e-02 1.185897e-01 9.367260e-02 1.284061e-01 1.366250e-01 2.002902e-01 1.599432e-01 1.578255e-01 1.222498e-01 1.049099e-01 6.675825e-03 4.263085e-03 6.056495e-03 1.750718e-02 3.053385e-02 1.939153e-02 2.849693e-02 2.588220e-02 3.014100e-02 2.856187e-02 3.251404e-02 2.878415e-02 2.096427e-02 1.619419e-03
<GCONST> 3.785761e+01
<MIXTURE> 3 2.420311e-01
<MEAN> 52
 -3.588432e+00 4.572996e+00 9.588895e+00 -7.152513e+00 -1.227046e+01 2.891971e-01 -1.015373e+01 -6.935187e+00 -9.319420e+00 1.641157e-01 -1.952214e+00 -5.480990e+00 7.095509e+01 1.185174e+00 -8.655738e-01 -1.750252e+00 2.304130e+00 9.703751e-01 -1.707891e+00 1.077433e+00 1.517909e-01 -3.528409e-01 -8.689398e-02 -3.724159e-01 -1.854150e-01 -5.524837e-01 -1.587853e-01 3.304678e-02 -1.535538e-01 5.665043e-01 3.299698e-01 -5.925782e-01 3.137627e-01 -5.353648e-02 2.607549e-01 -2.100071e-01 -1.978390e-01 3.322441e-01 -3.078141e-01 1.133940e-01 9.461718e-02 3.159141e-01 -3.514591e-01 -2.352707e-01 3.680819e-01 -2.854806e-01 -7.823522e-02 2.937609e-02 4.332884e-02 9.184051e-03 -2.864756e-02 7.781465e-02
<VARIANCE> 52
 1.206073e+01 2.120027e+01 3.267236e+01 8.741801e+01 3.775255e+01 4.977765e+01 9.246034e+01 8.114207e+01 6.069463e+01 7.448623e+01 9.551697e+01 3.823003e+01 1.012731e+01 7.490882e-01 6.690477e-01 1.216840e+00 1.573478e+00 3.030763e+00 2.803016e+00 2.337484e+00 2.561681e+00 2.883515e+00 2.619917e+00 2.730031e+00 3.162211e+00 5.356511e-01 2.723101e-01 1.798166e-01 2.475785e-01 4.850131e-01 5.357086e-01 6.382513e-01 7.153035e-01 8.404188e-01 8.256212e-01 5.943363e-01 6.434989e-01 6.186677e-01 5.956762e-02 6.370312e-02 3.601286e-02 5.913590e-02 7.408633e-02 1.250265e-01 1.375706e-01 1.074939e-01 1.271442e-01 1.196996e-01 1.013760e-01 1.147144e-01 1.183035e-01 1.921033e-02
<GCONST> 1.082093e+02
<STATE> 9
<NUMMIXES> 3
<MIXTURE> 1 3.292885e-01
<MEAN> 52
 -4.405577e+00 2.145312e+00 1.505485e+01 -1.104308e+01 -1.422658e+01 2.507727e+00 -1.016852e+01 -6.553996e+00 -9.433098e+00 1.830947e+00 1.193738e+00 -8.539200e+00 7.139447e+01 4.129063e-01 9.182339e-02 -5.647472e-01 5.172911e-01 9.148582e-01 -1.606991e-02 -2.391913e-01 1.683320e-01 5.422348e-01 -8.847693e-02 -9.004234e-01 -2.882363e-01 -6.317027e-01 1.487941e-02 6.909180e-02 -7.537863e-02 3.327570e-01 6.014354e-02 -4.375907e-01 1.145577e-01 1.343119e-01 -7.722224e-02 -2.138976e-01 3.729726e-02 2.501597e-01 -1.110541e-01 1.365095e-02 -2.114418e-02 2.692660e-02 -2.916756e-02 -7.796559e-02 4.316452e-02 6.246978e-02 -3.093340e-02 -4.627193e-02 4.457641e-02 7.299954e-02 -2.434096e-02 1.892319e-02
<VARIANCE> 52
 9.710253e+00 1.593440e+01 1.389275e+01 2.967466e+01 5.985603e+01 3.976898e+01 3.806831e+01 5.397023e+01 3.150368e+01 4.464576e+01 3.234071e+01 2.549804e+01 1.042782e+01 7.256565e-02 3.785035e-01 4.568551e-01 9.454885e-01 1.318582e+00 1.436572e+00 1.364154e+00 1.207853e+00 1.114443e+00 2.019983e+00 1.030592e+00 1.522308e+00 1.441723e-01 1.133635e-02 5.756338e-02 6.486949e-02 1.697881e-01 1.616197e-01 2.093557e-01 2.987034e-01 2.244718e-01 1.688490e-01 2.952314e-01 2.183954e-01 2.654560e-01 1.313692e-02 6.314765e-03 1.370810e-02 2.262003e-02 3.266019e-02 3.801750e-02 4.428339e-02 5.000776e-02 4.812896e-02 4.248205e-02 5.923860e-02 4.592067e-02 5.955590e-02 4.303156e-03
<GCONST> 5.994614e+01
<MIXTURE> 2 3.411574e-01
<MEAN> 52
 -4.732537e+00 -4.293353e-01 9.758397e-01 -1.661617e+01 -8.956001e+00 -9.412853e+00 -1.939876e+01 -7.229610e+00 -1.063895e+01 -1.114287e+01 -1.525797e+01 -4.350391e+00 6.469702e+01 2.646499e-01 1.467859e-01 -3.681353e-01 9.866837e-01 -2.267643e-01 -2.469379e-01 5.179367e-01 -2.355986e-01 -2.835329e-01 -2.710880e-01 4.175175e-01 -2.415253e-01 -7.528135e-01 -7.567256e-02 8.036727e-02 6.693125e-02 2.033183e-02 2.061874e-02 5.362417e-02 9.380048e-02 -9.804275e-02 -4.320452e-02 2.720026e-02 7.180846e-02 1.353107e-02 -4.361737e-02 -7.855112e-03 -2.546264e-02 8.101482e-03 7.906526e-03 5.007682e-02 9.263696e-03 -1.838839e-02 3.758238e-02 8.355797e-03 -1.007371e-02 -1.014601e-02 1.942979e-02 1.111528e-02
<VARIANCE> 52
 9.080388e+00 1.821536e+01 1.745030e+01 4.777270e+01 4.245612e+01 4.001977e+01 3.465166e+01 3.605196e+01 2.152072e+01 7.651698e+01 4.160479e+01 2.641328e+01 3.504266e+01 2.634237e-01 4.495743e-01 8.977636e-01 1.383124e+00 1.021717e+00 1.315416e+00 1.306698e+00 1.406052e+00 1.264863e+00 1.530815e+00 1.181466e+00 8.630659e-01 1.959435e-01 3.043851e-02 7.545382e-02 1.228414e-01 2.281518e-01 1.989485e-01 2.489893e-01 2.039384e-01 2.183293e-01 2.295019e-01 2.260078e-01 2.129455e-01 1.597994e-01 2.352092e-02 7.132235e-03 1.356011e-02 3.234774e-02 4.974442e-02 4.029202e-02 4.950562e-02 4.457730e-02 5.680817e-02 5.753096e-02 4.619502e-02 5.410494e-02 3.454243e-02 4.640204e-03
<GCONST> 6.665999e+01
<MIXTURE> 3 3.295541e-01
<MEAN> 52
 -5.929334e-01 3.593699e+00 8.508585e+00 -8.877606e-01 -8.259007e+00 -3.326349e+00 -7.251604e+00 -4.883800e+00 -8.616693e+00 8.103184e-03 -1.119424e+00 -6.841389e+00 6.752597e+01 7.376662e-01 9.674393e-02 -9.967859e-01 2.108820e+00 6.804826e-01 -1.112690e+00 9.450310e-01 -4.695166e-01 3.666310e-01 6.283262e-02 -8.884522e-01 2.883713e-01 -1.162765e+00 -2.261495e-01 9.531931e-02 2.464394e-01 -2.848508e-01 -8.691975e-02 4.655614e-01 -1.167296e-01 -2.156710e-01 2.620206e-01 4.138119e-02 -1.494590e-01 1.141902e-01 -3.774340e-02 -4.822352e-02 -5.371489e-02 6.888899e-02 -2.715472e-01 -1.889060e-02 1.769753e-01 -1.671150e-01 1.191700e-01 -1.732909e-02 -3.239094e-02 1.086535e-01 -6.109987e-02 9.908381e-02
<VARIANCE> 52
 1.080548e+01 1.996837e+01 3.063912e+01 5.081252e+01 3.264030e+01 4.187551e+01 4.812415e+01 4.048213e+01 5.963870e+01 5.390071e+01 5.064285e+01 3.521856e+01 1.377411e+01 4.278188e-01 1.054003e+00 8.972927e-01 1.581750e+00 1.528834e+00 2.208519e+00 2.438215e+00 2.734045e+00 3.029978e+00 2.576258e+00 2.707301e+00 2.663983e+00 3.837282e-01 8.245056e-02 1.338591e-01 1.776099e-01 3.415211e-01 2.956416e-01 3.800680e-01 4.466973e-01 4.135043e-01 5.239768e-01 4.886544e-01 4.685376e-01 4.233057e-01 5.863038e-02 2.444019e-02 3.904179e-02 3.736429e-02 6.474905e-02 7.151679e-02 8.864135e-02 9.663625e-02 1.104911e-01 1.193453e-01 9.771105e-02 1.103133e-01 1.024921e-01 1.030823e-02
<GCONST> 9.392523e+01
<STATE> 10
<NUMMIXES> 3
<MIXTURE> 1 5.626307e-01
<MEAN> 52
 -5.581465e-01 5.449110e+00 8.143724e+00 2.706766e+00 -3.718451e+00 -9.774311e-01 -3.971118e+00 -5.501544e+00 -5.910484e+00 -4.088212e-01 -4.027298e+00 -4.804584e+00 6.190118e+01 -5.350491e-01 -4.025399e-02 -1.545684e-01 1.496049e-01 9.573195e-01 6.207400e-01 3.766849e-01 4.801903e-01 8.185437e-01 -3.071260e-01 -4.391679e-01 3.571701e-01 -9.375612e-01 -2.052849e-01 -2.347725e-01 -1.068501e-01 -4.013667e-01 -1.791095e-01 -4.797824e-03 -1.870168e-01 1.733654e-01 3.468801e-02 5.013671e-02 2.226577e-01 9.610311e-03 7.304554e-02 5.071196e-02 -5.900211e-02 -9.678789e-02 1.870000e-02 -8.969066e-02 -1.582757e-01 -2.587276e-02 -4.498278e-02 -6.502329e-02 3.912026e-02 4.908070e-02 -1.181632e-02 2.550793e-02
<VARIANCE> 52
 1.135218e+01 1.341068e+01 1.755858e+01 2.608697e+01 3.883113e+01 4.120287e+01 3.247194e+01 3.865669e+01 3.779900e+01 3.295451e+01 2.789088e+01 2.992780e+01 2.217865e+01 5.507563e-01 9.734703e-01 8.472645e-01 1.277156e+00 1.604289e+00 1.724287e+00 2.269758e+00 2.302535e+00 2.239214e+00 1.886170e+00 2.007535e+00 1.636295e+00 4.452440e-01 7.950503e-02 2.021310e-01 2.080023e-01 3.361708e-01 3.342448e-01 4.146888e-01 3.785736e-01 3.846077e-01 3.861762e-01 3.640023e-01 3.474085e-01 3.401116e-01 5.661993e-02 1.735961e-02 4.017060e-02 3.071108e-02 5.752672e-02 6.345379e-02 7.997120e-02 8.647262e-02 8.752501e-02 9.754597e-02 7.985729e-02 8.678444e-02 8.230780e-02 1.011174e-02
<GCONST> 8.630804e+01
<MIXTURE> 2 2.821202e-01
<MEAN> 52
 -2.718913e+00 -4.454992e+00 -3.141963e+00 -8.821113e+00 -5.924229e+00 -1.073160e+01 -1.081693e+01 -9.338619e+00 -1.318639e+01 -8.871459e+00 -7.763395e+00 -3.476535e+00 6.307198e+01 7.944080e-02 -2.414960e-01 -3.171167e-01 9.357615e-01 2.165875e-01 -7.022936e-02 2.519679e-01 5.721143e-02 2.362136e-01 -1.002612e-02 1.389414e-01 -1.745497e-01 -3.814018e-01 -1.019346e-01 1.083289e-02 1.262237e-01 -1.189831e-01 -4.935951e-03 1.293287e-01 -1.166349e-01 2.888676e-03 1.619571e-01 9.560691e-02 -4.618422e-02 7.172976e-02 6.828962e-02 4.979869e-03 -6.654238e-03 1.225795e-02 -5.566872e-02 -1.666705e-02 -6.372508e-03 -1.421747e-02 3.193076e-02 -1.027410e-02 1.956467e-03 1.569893e-02 3.515954e-02 -2.430422e-03
<VARIANCE> 52
 1.728426e+01 1.003774e+02 3.387771e+01 7.291082e+01 7.663966e+01 7.964895e+01 5.616838e+01 5.346525e+01 4.248398e+01 6.638486e+01 4.414856e+01 5.253738e+01 2.917088e+01 7.417765e-01 1.333913e+00 1.634616e+00 3.352381e+00 2.696820e+00 4.533353e+00 2.633471e+00 4.173124e+00 3.088967e+00 3.470249e+00 2.006461e+00 1.968128e+00 5.877380e-01 9.114989e-02 1.208857e-01 2.786781e-01 5.101568e-01 3.960567e-01 5.845942e-01 4.809287e-01 5.853531e-01 5.956081e-01 5.159961e-01 4.396963e-01 3.389320e-01 5.542711e-02 1.931290e-02 3.174888e-02 5.771448e-02 1.033537e-01 9.875411e-02 1.295586e-01 1.146221e-01 1.465700e-01 1.223265e-01 1.138192e-01 9.120763e-02 6.827801e-02 1.342799e-02
<GCONST> 1.066435e+02
<MIXTURE> 3 1.552491e-01
<MEAN> 52
 -4.830861e+00 3.674943e+00 5.437896e-01 -5.309546e+00 -8.360821e+00 -1.158768e+01 -1.560253e+01 -1.246296e+01 -1.454060e+01 -1.465879e+01 -1.298488e+01 -3.543964e+00 5.686957e+01 -8.814986e-01 -3.850082e-01 -3.226578e-02 1.002442e+00 8.996229e-01 1.018465e+00 1.000511e+00 9.521915e-02 2.409880e-01 6.797572e-01 1.111030e+00 3.110575e-01 -1.029337e+00 -1.745094e-01 -3.508050e-01 -2.230483e-01 -2.868357e-01 6.987485e-02 2.939495e-01 3.657594e-01 5.235297e-01 4.940382e-01 4.872556e-01 1.298583e-01 7.811801e-02 7.285871e-02 6.456362e-02 2.681120e-02 -3.687152e-02 -7.710424e-02 -8.249604e-02 -7.418741e-02 2.809138e-03 3.414497e-02 5.610037e-02 -9.439981e-03 -2.911837e-02 -1.334484e-02 3.788693e-02
<VARIANCE> 52
 1.656364e+01 1.016647e+01 1.606642e+01 2.174317e+01 1.846745e+01 1.938337e+01 2.115636e+01 3.816230e+01 2.752641e+01 3.196562e+01 5.410434e+01 3.219177e+01 2.156639e+01 6.148006e-01 1.426137e+00 7.457626e-01 1.574796e+00 1.617989e+00 1.981186e+00 3.254641e+00 4.961840e+00 5.231821e+00 3.478068e+00 1.987460e+00 1.825731e+00 4.071593e-01 6.946333e-02 1.171002e-01 1.422424e-01 2.075514e-01 2.723227e-01 3.064423e-01 3.895315e-01 7.154250e-01 7.218162e-01 3.828204e-01 4.303932e-01 3.046255e-01 3.626444e-02 2.236238e-02 4.527485e-02 3.041383e-02 5.012403e-02 5.759788e-02 7.916161e-02 1.320901e-01 1.990300e-01 2.319161e-01 1.119058e-01 1.000243e-01 6.796367e-02 1.093919e-02
<GCONST> 8.940838e+01
<STATE> 11
<NUMMIXES> 3
<MIXTURE> 1 2.392233e-01
<MEAN> 52
 1.925970e+00 2.349565e-01 5.871569e+00 2.586704e+00 -8.800940e+00 -3.761188e+00 -1.142732e+01 -7.512754e+00 -3.603285e+00 5.993749e-01 -4.152449e+00 -5.579216e+00 6.841800e+01 4.158301e-02 -8.229973e-01 -2.241566e-01 -3.818769e-01 -1.270614e-01 -9.923828e-02 -1.259248e+00 8.734934e-01 6.658718e-01 -2.775408e-01 4.116384e-01 3.189870e-01 4.750884e-01 -1.160652e-01 -8.952491e-02 1.177257e-01 -1.580695e-01 -2.888159e-01 -1.533324e-01 2.605370e-02 4.918437e-01 -1.055697e-01 -2.154767e-01 3.000043e-01 7.929303e-02 2.148297e-01 -6.587649e-03 5.276215e-02 4.791883e-02 7.092048e-02 -2.278406e-02 -2.222201e-02 1.221928e-01 -9.271714e-02 -1.981259e-02 1.044704e-02 -7.197994e-02 -5.908659e-03 -3.979405e-02
<VARIANCE> 52
 7.881298e+00 3.121124e+01 3.911005e+01 4.553902e+01 3.769041e+01 2.482967e+01 5.172005e+01 6.382711e+01 4.939653e+01 5.490050e+01 4.487275e+01 4.085726e+01 2.034467e+01 3.879342e-01 1.075148e+00 1.523018e+00 2.291703e+00 2.603163e+00 2.059084e+00 1.934440e+00 4.945573e+00 2.903661e+00 2.947305e+00 2.488154e+00 1.948202e+00 5.456495e-01 7.140709e-02 2.436988e-01 2.621568e-01 3.356224e-01 3.947769e-01 3.585590e-01 3.579332e-01 7.617337e-01 3.976903e-01 3.919356e-01 4.513352e-01 3.771602e-01 9.116590e-02 1.663106e-02 5.366446e-02 5.410314e-02 8.543357e-02 8.428019e-02 8.558375e-02 6.922776e-02 1.878811e-01 1.176869e-01 1.111727e-01 1.062174e-01 8.250194e-02 2.057808e-02
<GCONST> 9.897731e+01
<MIXTURE> 2 2.977362e-01
<MEAN> 52
 -6.528230e+00 1.216990e+00 3.053038e+00 -8.011565e-01 -1.386484e+00 3.666952e-01 -2.381161e+00 -1.309269e+00 -1.770390e+00 -1.345444e+00 -3.414988e+00 -2.736261e+00 5.612163e+01 -1.137366e+00 -1.558847e+00 -1.916662e+00 -1.888375e+00 -1.222493e+00 -1.072027e+00 -6.535502e-01 -2.325327e-01 4.604726e-01 4.333549e-01 7.619381e-01 6.069486e-01 -8.008339e-01 1.383826e-01 1.746822e-02 2.123916e-02 -1.054047e-01 -1.909907e-01 -1.991707e-01 -2.578846e-01 -3.144396e-01 -2.724849e-01 -5.929716e-02 -2.270564e-02 -1.619995e-01 1.838394e-01 1.100185e-01 2.063885e-01 2.283316e-01 3.126611e-01 2.451248e-01 1.906233e-01 1.850128e-01 9.302454e-02 6.367231e-03 -1.039025e-01 -1.375068e-01 -6.567642e-02 1.333687e-02
<VARIANCE> 52
 1.150066e+01 1.153529e+01 2.453660e+01 2.311134e+01 2.855530e+01 2.954984e+01 3.375841e+01 3.209456e+01 2.889154e+01 2.635388e+01 2.176785e+01 1.998948e+01 1.439590e+01 4.403548e-01 8.087338e-01 7.982106e-01 1.162945e+00 1.376429e+00 1.812390e+00 2.088778e+00 2.465248e+00 2.445231e+00 2.089725e+00 1.884732e+00 1.896814e+00 3.222592e-01 8.399631e-02 2.446219e-01 2.447614e-01 4.246741e-01 3.678160e-01 4.104780e-01 4.590277e-01 4.040553e-01 3.949952e-01 3.433236e-01 3.543088e-01 3.147772e-01 3.866080e-02 1.556066e-02 3.752011e-02 3.136605e-02 5.553659e-02 5.722639e-02 8.048686e-02 1.007112e-01 9.019008e-02 9.809265e-02 8.432221e-02 8.072989e-02 9.055333e-02 1.041644e-02
<GCONST> 8.379346e+01
<MIXTURE> 3 4.630405e-01
<MEAN> 52
 -9.925611e+00 -2.206348e+00 -2.767757e+00 -4.954970e+00 -4.408586e+00 -3.340131e+00 -5.803263e+00 -4.732118e+00 -3.263451e+00 -2.848944e+00 -3.524356e+00 -2.294083e+00 5.495671e+01 -2.108482e-01 -3.399001e-01 -3.166814e-01 -2.975100e-02 4.069360e-02 1.437065e-01 4.367794e-01 3.189721e-01 4.432334e-01 3.396430e-01 2.810085e-01 1.002233e-01 -3.646957e-01 1.676392e-01 1.887961e-01 1.837843e-01 1.496255e-01 6.861606e-02 3.528095e-02 5.016772e-03 -8.020209e-03 -6.696833e-02 -5.539194e-02 -8.993124e-02 -6.077626e-02 9.156927e-02 -3.120388e-02 -1.828170e-02 -2.998230e-02 -1.748939e-02 -6.671360e-03 -1.208705e-02 -2.579474e-02 -1.979995e-02 -9.025719e-03 -7.002185e-03 1.191825e-02 2.564712e-02 -1.842485e-02
<VARIANCE> 52
 1.961633e+01 1.517142e+01 2.570705e+01 1.628469e+01 1.906002e+01 2.306837e+01 2.341546e+01 2.743352e+01 2.732955e+01 2.661653e+01 2.039232e+01 1.760029e+01 2.556410e+01 5.774359e-01 7.333193e-01 8.482092e-01 1.049570e+00 1.615179e+00 1.940178e+00 2.261191e+00 2.341368e+00 2.264651e+00 2.326068e+00 1.913593e+00 1.700109e+00 3.422349e-01 1.138949e-01 1.316763e-01 1.539391e-01 2.601311e-01 3.205765e-01 3.988621e-01 4.280823e-01 4.012528e-01 3.956236e-01 4.159262e-01 3.468361e-01 3.190719e-01 5.487090e-02 2.489989e-02 2.776917e-02 3.157183e-02 5.527308e-02 6.760240e-02 8.673336e-02 9.311988e-02 9.828602e-02 9.626290e-02 1.023125e-01 8.444787e-02 7.179052e-02 9.364816e-03
<GCONST> 8.316777e+01
<TRANSP> 12
 0.000000e+00 1.000000e+00 0.000000e+00 0.000000e+00 0.000000e+00 0.000000e+00 0.000000e+00 0.000000e+00 0.000000e+00 0.000000e+00 0.000000e+00 0.000000e+00
 0.000000e+00 8.033999e-01 1.966001e-01 0.000000e+00 0.000000e+00 0.000000e+00 0.000000e+00 0.000000e+00 0.000000e+00 0.000000e+00 0.000000e+00 0.000000e+00
 0.000000e+00 0.000000e+00 8.159389e-01 1.840612e-01 0.000000e+00 0.000000e+00 0.000000e+00 0.000000e+00 0.000000e+00 0.000000e+00 0.000000e+00 0.000000e+00
 0.000000e+00 0.000000e+00 0.000000e+00 8.266678e-01 1.733322e-01 0.000000e+00 0.000000e+00 0.000000e+00 0.000000e+00 0.000000e+00 0.000000e+00 0.000000e+00
 0.000000e+00 0.000000e+00 0.000000e+00 0.000000e+00 8.002443e-01 1.997558e-01 0.000000e+00 0.000000e+00 0.000000e+00 0.000000e+00 0.000000e+00 0.000000e+00
 0.000000e+00 0.000000e+00 0.000000e+00 0.000000e+00 0.000000e+00 8.334681e-01 1.665319e-01 0.000000e+00 0.000000e+00 0.000000e+00 0.000000e+00 0.000000e+00
 0.000000e+00 0.000000e+00 0.000000e+00 0.000000e+00 0.000000e+00 0.000000e+00 7.635595e-01 2.364406e-01 0.000000e+00 0.000000e+00 0.000000e+00 0.000000e+00
 0.000000e+00 0.000000e+00 0.000000e+00 0.000000e+00 0.000000e+00 0.000000e+00 0.000000e+00 7.647310e-01 2.352690e-01 0.000000e+00 0.000000e+00 0.000000e+00
 0.000000e+00 0.000000e+00 0.000000e+00 0.000000e+00 0.000000e+00 0.000000e+00 0.000000e+00 0.000000e+00 8.379700e-01 1.620300e-01 0.000000e+00 0.000000e+00
 0.000000e+00 0.000000e+00 0.000000e+00 0.000000e+00 0.000000e+00 0.000000e+00 0.000000e+00 0.000000e+00 0.000000e+00 8.130456e-01 1.869544e-01 0.000000e+00
 0.000000e+00 0.000000e+00 0.000000e+00 0.000000e+00 0.000000e+00 0.000000e+00 0.000000e+00 0.000000e+00 0.000000e+00 0.000000e+00 8.071483e-01 1.928517e-01
 0.000000e+00 0.000000e+00 0.000000e+00 0.000000e+00 0.000000e+00 0.000000e+00 0.000000e+00 0.000000e+00 0.000000e+00 0.000000e+00 0.000000e+00 0.000000e+00
<ENDHMM>
