~o
<STREAMINFO> 1 52
<VECSIZE> 52<NULLD><MFCC_D_A_T_0><DIAGC>
~h "dd"
<BEGINHMM>
<NUMSTATES> 12
<STATE> 2
<NUMMIXES> 3
<MIXTURE> 1 3.452116e-01
<MEAN> 52
 -6.124512e+00 2.679672e+00 1.634365e+01 -1.914343e+00 -1.773593e+01 -4.126061e+00 -1.160325e+01 -5.702170e+00 -1.097734e+01 -4.967553e+00 3.822101e+00 -3.367538e+00 7.149106e+01 1.513945e+00 -5.722868e-01 3.395552e+00 -8.916060e-01 -3.349423e+00 7.832139e-01 -2.558375e+00 3.928624e-01 -1.862530e+00 -4.349779e-01 1.524026e+00 -7.619743e-01 1.976581e+00 7.459928e-02 -1.327725e-01 -1.355972e+00 -1.669362e-01 8.653022e-01 3.230849e-01 5.786815e-01 -3.655037e-02 3.897367e-01 6.016918e-01 -4.059624e-01 -1.855948e-01 -8.270670e-01 -2.723120e-01 1.656653e-01 -5.950597e-01 1.863760e-01 5.275623e-01 -1.690820e-01 5.145876e-01 -8.270319e-02 2.718889e-01 1.043147e-01 -2.455930e-01 6.841578e-02 -1.604020e-01
<VARIANCE> 52
 1.120322e+01 2.844833e+01 3.099569e+01 5.130578e+01 3.871851e+01 3.731811e+01 4.920845e+01 3.939429e+01 4.770869e+01 3.908999e+01 2.637688e+01 2.857562e+01 1.444546e+01 2.759809e+00 2.248081e+00 7.722789e+00 3.489018e+00 3.303480e+00 4.103123e+00 4.781028e+00 3.528492e+00 4.810966e+00 4.654997e+00 3.065231e+00 3.001205e+00 1.051259e+00 3.842387e-01 4.381834e-01 8.590323e-01 4.826085e-01 7.600232e-01 6.540676e-01 8.973761e-01 5.569465e-01 7.027791e-01 5.827216e-01 5.918195e-01 4.464439e-01 1.690624e-01 9.577768e-02 9.002493e-02 2.864923e-01 1.314459e-01 1.676866e-01 1.913045e-01 1.959803e-01 1.633620e-01 1.949988e-01 1.959997e-01 1.462980e-01 1.158946e-01 5.054065e-02
<GCONST> 1.230106e+02
<MIXTURE> 2 1.774313e-01
<MEAN> 52
 -1.230379e+01 -8.177477e-01 7.114499e+00 -2.016328e+01 -1.854501e+01 -6.631476e+00 -1.756552e+01 -1.465720e+01 -1.078327e+01 1.679778e+00 -1.455653e+01 5.141507e-01 7.136534e+01 -1.705592e-01 -6.046980e-02 1.898055e+00 -4.550719e+00 -9.139107e-01 2.019268e-01 -2.866376e+00 -4.948176e-01 -8.734831e-01 -6.301652e-01 -3.923770e+00 6.753877e-01 1.849835e+00 2.519409e-01 -3.562167e-02 -9.875288e-01 5.274625e-01 1.383868e+00 5.994696e-01 6.339317e-01 9.586856e-01 6.523712e-01 -6.544691e-01 1.896277e-01 -1.611827e-01 -1.130565e+00 9.706470e-03 3.628972e-02 -2.891705e-01 6.044160e-01 2.885924e-02 -2.971875e-02 3.112523e-01 5.037997e-02 1.000222e-01 1.006544e-01 5.662698e-01 -9.549408e-02 -6.478029e-02
<VARIANCE> 52
 9.451366e+00 2.006498e+01 2.099032e+01 5.228476e+01 2.513540e+01 2.340951e+01 4.135973e+01 3.092184e+01 3.573783e+01 3.869557e+01 6.587905e+01 4.347570e+01 1.786662e+01 9.614872e-01 1.537042e+00 4.371887e+00 3.249593e+00 7.224997e+00 4.081921e+00 5.142800e+00 5.640367e+00 3.855433e+00 4.152946e+00 3.563741e+00 4.923470e+00 3.543254e+00 1.813353e-01 2.570221e-01 4.996312e-01 9.614149e-01 6.524647e-01 6.175204e-01 7.633309e-01 5.610203e-01 4.445347e-01 5.883430e-01 1.298319e+00 6.414302e-01 2.339822e-01 3.710586e-02 5.981939e-02 1.787783e-01 1.046181e-01 3.163269e-01 2.003032e-01 2.482935e-01 2.196274e-01 1.781907e-01 1.800169e-01 1.380402e-01 1.913088e-01 1.560675e-01
<GCONST> 1.228992e+02
<MIXTURE> 3 4.773571e-01
<MEAN> 52
 -1.156080e+01 -2.430414e-01 -1.991562e+00 -4.316102e+00 -5.397642e+00 -2.834147e+00 -3.678118e+00 -6.020169e+00 -3.467040e+00 -1.125233e+00 -2.400947e+00 -2.451919e+00 6.197735e+01 -3.435804e-01 6.449922e-01 2.551329e+00 -4.685123e-01 -2.544952e+00 -4.582687e-01 -1.129766e+00 -8.011223e-01 -1.115164e+00 -1.706554e-01 4.813261e-01 -1.133259e-01 3.277124e+00 5.710239e-01 4.599784e-02 9.605431e-01 -2.314769e-01 -6.282487e-01 5.904412e-02 -7.735031e-01 -7.073884e-02 -4.832777e-01 -1.677610e-01 -1.575600e-01 -6.630136e-02 1.377018e-01 5.895255e-02 -1.188175e-01 -3.699201e-01 -3.431537e-02 3.308964e-01 9.432608e-02 1.161252e-01 1.349810e-01 1.394621e-01 2.576161e-02 -1.120405e-01 -1.401591e-02 -3.994699e-01
<VARIANCE> 52
 2.332875e+01 3.273193e+01 4.888002e+01 3.542570e+01 4.273072e+01 3.047652e+01 3.579158e+01 3.394643e+01 3.069339e+01 3.052118e+01 3.715926e+01 2.896126e+01 5.279573e+01 2.748827e+00 2.524946e+00 7.703269e+00 4.910602e+00 5.935594e+00 3.443563e+00 5.529485e+00 4.408063e+00 4.321316e+00 4.037681e+00 3.853290e+00 3.036821e+00 3.864111e+00 6.421028e-01 4.498816e-01 1.035741e+00 9.334067e-01 8.096478e-01 6.775945e-01 9.126149e-01 7.798014e-01 6.978447e-01 7.911898e-01 8.590903e-01 5.612183e-01 6.324203e-01 1.093119e-01 9.755201e-02 3.277789e-01 1.606909e-01 2.858189e-01 1.430828e-01 2.372636e-01 1.775476e-01 1.719792e-01 1.800541e-01 1.364479e-01 1.075023e-01 1.562555e-01
<GCONST> 1.327816e+02
<STATE> 3
<NUMMIXES> 3
<MIXTURE> 1 3.844042e-01
<MEAN> 52
 -5.833822e+00 9.910427e-01 1.635467e+01 -8.436377e+00 -1.955241e+01 -3.236499e-01 -1.268707e+01 -6.100466e+00 -1.197818e+01 -2.590112e+00 3.954479e+00 -5.400357e+00 7.317507e+01 6.825073e-01 3.382033e-01 -1.271109e+00 -4.628465e-02 5.768032e-01 5.359094e-01 7.526416e-01 1.352774e-02 -3.969668e-01 9.213973e-01 -1.175017e-01 -8.049409e-01 -2.702222e-01 1.818877e-01 1.432188e-01 -8.940195e-01 8.194922e-01 8.042529e-01 -4.532379e-01 4.924205e-01 -2.362854e-01 2.318694e-01 2.244679e-01 -4.995259e-01 4.941463e-02 -5.672925e-01 4.059000e-02 -6.871361e-02 3.551581e-01 9.253048e-02 -2.301154e-01 -8.525816e-02 -2.442776e-01 -1.025154e-01 -7.346091e-03 -1.309290e-01 -5.290408e-03 9.770250e-02 1.379731e-01
<VARIANCE> 52
 1.380260e+01 2.845763e+01 4.408121e+01 7.858631e+01 3.067251e+01 5.033585e+01 5.694020e+01 4.825952e+01 4.990715e+01 5.407024e+01 4.133255e+01 3.917772e+01 1.580139e+01 5.531683e-01 7.569436e-01 1.674155e+00 2.941561e+00 1.911605e+00 3.215172e+00 2.253357e+00 1.901710e+00 1.865868e+00 2.248581e+00 1.893180e+00 1.630206e+00 5.459314e-01 1.942445e-01 2.302847e-01 5.651658e-01 4.505572e-01 4.996407e-01 7.813166e-01 8.791283e-01 6.119338e-01 5.993698e-01 6.008550e-01 5.677865e-01 3.905946e-01 9.678460e-02 3.550987e-02 4.778997e-02 9.301709e-02 1.257559e-01 1.018256e-01 1.593846e-01 1.148146e-01 1.127380e-01 1.185009e-01 1.138154e-01 1.033991e-01 7.044551e-02 2.070096e-02
<GCONST> 1.056553e+02
<MIXTURE> 2 2.229544e-01
<MEAN> 52
 -1.097355e+01 -3.463419e-01 4.082252e+00 -2.807055e+01 -1.123479e+01 -1.891832e+00 -2.276676e+01 -1.032791e+01 -8.340991e+00 -4.637792e+00 -2.200107e+01 1.185775e+00 7.121719e+01 9.478744e-01 -5.206876e-02 -1.139802e+00 1.038232e+00 5.538055e-01 -1.635654e-01 -3.470649e-01 3.820573e-01 -8.239156e-02 -9.537138e-01 -8.153874e-02 -1.338266e-01 -5.843169e-01 2.043095e-01 -9.417015e-02 -2.241445e-01 9.386128e-01 -2.431394e-01 -5.970083e-01 5.594050e-01 -2.436369e-01 -2.525946e-01 2.579150e-01 4.101309e-01 -1.168520e-01 -1.738677e-01 -4.396486e-02 4.968244e-03 1.514372e-01 -2.094495e-01 -7.830996e-02 -7.966541e-02 -2.972291e-02 -1.230136e-01 -8.158150e-02 8.963711e-02 -1.594409e-01 3.722861e-02 1.008553e-01
<VARIANCE> 52
 1.311214e+01 2.395842e+01 2.099005e+01 5.377275e+01 3.738516e+01 2.164260e+01 3.754377e+01 5.232891e+01 3.709890e+01 4.630519e+01 3.057043e+01 4.562981e+01 1.062443e+01 5.490802e-01 7.296655e-01 1.139492e+00 4.658485e+00 2.717660e+00 3.624396e+00 3.033854e+00 2.882604e+00 1.731734e+00 2.482168e+00 1.229003e+00 2.098632e+00 1.788392e-01 6.272811e-02 1.390974e-01 2.603573e-01 4.082262e-01 4.179649e-01 5.006081e-01 5.405941e-01 3.795139e-01 2.954004e-01 4.383004e-01 4.421375e-01 3.926054e-01 4.708908e-02 1.621685e-02 3.196036e-02 6.595205e-02 9.084249e-02 1.513768e-01 1.531043e-01 1.315534e-01 1.165345e-01 8.391035e-02 1.040692e-01 7.355915e-02 8.837522e-02 2.207901e-02
<GCONST> 9.437788e+01
<MIXTURE> 3 3.926414e-01
<MEAN> 52
 -2.591460e-01 3.032608e+00 6.763853e+00 4.458738e-02 -1.501127e+01 -3.665117e+00 -8.231733e+00 -7.966626e+00 -1.213868e+01 1.422718e-02 -1.431854e-02 -7.548284e+00 6.929333e+01 1.583192e+00 1.610124e-03 -1.583777e+00 2.342415e+00 1.185225e+00 -6.633918e-01 5.841236e-01 -1.778592e+00 6.222194e-01 1.007178e+00 -1.770412e+00 -2.366545e-02 -1.302080e+00 -2.119010e-01 -1.376311e-02 5.463197e-01 -2.711992e-01 -2.162249e-01 2.836051e-01 -3.261569e-01 -2.548101e-01 2.321117e-01 -1.384371e-01 -9.965149e-02 3.198893e-01 1.563973e-02 -1.737656e-01 4.836009e-02 2.094284e-01 -3.615975e-01 -1.755094e-01 1.635280e-01 -8.917955e-02 2.590784e-01 -1.143133e-01 -1.159188e-01 2.661881e-01 -2.995589e-02 1.688889e-01
<VARIANCE> 52
 1.349201e+01 2.415933e+01 4.891318e+01 7.711652e+01 4.414376e+01 4.738699e+01 6.464181e+01 6.035044e+01 5.401330e+01 6.163202e+01 6.800600e+01 4.294883e+01 2.121006e+01 5.994114e-01 9.069137e-01 2.318625e+00 3.090872e+00 2.954010e+00 5.141238e+00 4.104162e+00 4.518601e+00 3.560868e+00 4.183992e+00 3.504093e+00 2.461060e+00 5.187987e-01 1.357460e-01 1.599548e-01 2.968289e-01 5.926409e-01 4.937974e-01 6.591074e-01 4.680482e-01 7.316884e-01 5.669752e-01 5.860593e-01 5.906798e-01 3.268755e-01 1.104290e-01 2.504624e-02 4.251667e-02 1.311746e-01 1.318532e-01 1.422506e-01 2.049305e-01 1.693607e-01 1.785148e-01 1.437247e-01 1.705706e-01 1.367114e-01 9.369663e-02 2.189210e-02
<GCONST> 1.133158e+02
<STATE> 4
<NUMMIXES> 3
<MIXTURE> 1 5.722507e-01
<MEAN> 52
 1.953930e+00 3.174622e+00 7.841909e+00 2.921714e+00 -1.375660e+01 -1.060766e+00 -1.049187e+01 -1.333541e+01 -8.839484e+00 2.745476e+00 -3.583125e+00 -5.924808e+00 6.690181e+01 1.233894e-01 5.007877e-01 2.453461e-01 -5.975510e-03 1.260490e-01 4.302869e-01 -2.960622e-01 -3.714751e-01 2.441889e-01 4.347827e-02 -5.276203e-01 3.367754e-01 -5.756689e-01 -2.365305e-01 1.191703e-01 1.467478e-01 -2.924748e-01 1.249736e-01 -2.940291e-02 -3.811270e-03 4.149930e-01 -9.410681e-02 -1.706321e-01 2.151982e-01 -2.271853e-02 1.651144e-02 1.662199e-02 -6.034914e-02 -1.554139e-01 7.516588e-02 1.500428e-01 -1.102436e-01 7.505918e-02 4.353718e-02 5.545481e-02 1.202274e-02 -1.419697e-02 -4.183128e-02 -6.267714e-03
<VARIANCE> 52
 6.543745e+00 2.611028e+01 2.857574e+01 5.168319e+01 3.119886e+01 3.143604e+01 6.740560e+01 3.328729e+01 3.807443e+01 3.984199e+01 3.566972e+01 3.302696e+01 1.111753e+01 2.091999e-01 5.439118e-01 7.194605e-01 7.812545e-01 9.741304e-01 1.059047e+00 1.294768e+00 1.506977e+00 1.582296e+00 1.221127e+00 1.195443e+00 8.444612e-01 2.176110e-01 8.352398e-02 1.100530e-01 1.550825e-01 3.125306e-01 2.845148e-01 3.012500e-01 3.357330e-01 3.786355e-01 3.277233e-01 3.986579e-01 3.195980e-01 2.248331e-01 7.042442e-02 1.431174e-02 2.665799e-02 3.910575e-02 4.869935e-02 5.194801e-02 5.793472e-02 6.358510e-02 6.816783e-02 8.163846e-02 6.589308e-02 6.022950e-02 4.944516e-02 1.683621e-02
<GCONST> 7.644498e+01
<MIXTURE> 2 1.150895e-01
<MEAN> 52
 -5.144289e+00 -3.341359e+00 -2.955082e+00 -1.528850e+01 -1.028568e+01 -1.158156e+01 -1.697812e+01 -1.149274e+01 -1.336118e+01 -5.067317e+00 -2.253364e+01 4.437129e-01 6.838695e+01 1.199062e+00 -3.313828e-01 -1.081292e+00 2.272669e+00 1.275726e-01 -2.594902e+00 2.231493e+00 -1.016620e+00 -1.232747e+00 7.337455e-01 -2.510882e-01 7.534232e-02 -7.732511e-01 -2.159497e-01 1.390565e-01 4.094447e-01 -6.416260e-01 -5.360328e-02 5.808988e-01 -3.625539e-01 5.969916e-03 2.692649e-01 -2.286260e-02 1.251602e-02 1.035765e-01 6.809676e-02 -6.127806e-02 6.601090e-02 7.863797e-02 -1.696387e-01 -5.060863e-02 3.421492e-01 -3.587837e-01 1.718632e-01 1.482836e-01 -2.164989e-01 5.919525e-02 -3.140127e-02 1.968486e-02
<VARIANCE> 52
 1.320941e+01 1.676603e+01 1.593289e+01 4.085608e+01 3.888598e+01 3.248935e+01 3.050279e+01 7.915257e+01 2.180650e+01 6.059552e+01 3.959400e+01 3.949265e+01 6.208499e+00 2.357124e-01 6.284616e-01 1.544838e+00 1.876147e+00 2.048410e+00 2.455248e+00 1.155913e+00 1.184698e+00 1.680937e+00 2.966882e+00 1.174935e+00 1.269469e+00 1.999093e-01 4.728443e-02 6.977283e-02 1.820758e-01 1.888762e-01 3.057415e-01 5.051823e-01 4.500836e-01 3.170371e-01 2.817585e-01 5.291552e-01 1.871018e-01 1.718992e-01 1.622022e-02 1.000000e-02 1.818145e-02 5.542069e-02 8.973347e-02 7.339349e-02 1.207825e-01 6.603076e-02 5.016885e-02 6.419096e-02 9.108072e-02 4.602975e-02 5.482702e-02 1.000000e-02
<GCONST> 7.778554e+01
<MIXTURE> 3 3.126599e-01
<MEAN> 52
 -4.128647e-01 -1.964388e+00 -2.866798e+00 -1.167683e+01 -1.354716e+01 -1.308187e+01 -1.597782e+01 -1.367296e+01 -1.292304e+01 -6.016146e+00 -2.123292e+01 4.515625e-01 6.351300e+01 3.103103e-01 5.764634e-01 1.304840e-01 2.233469e-01 -3.744153e-01 1.784511e-01 -3.755658e-01 -2.170775e-01 3.174275e-01 -3.933848e-01 5.212057e-01 -4.381382e-01 -6.356876e-01 -1.682282e-01 1.185338e-01 1.777047e-01 -5.044617e-03 -1.234934e-03 2.044431e-01 -7.389530e-02 1.376572e-01 2.811567e-02 -1.088565e-01 1.454825e-01 -1.432872e-01 -4.215954e-02 -1.367528e-02 -5.329818e-02 -4.137506e-02 1.349370e-01 1.097089e-01 -9.783384e-02 1.555941e-01 1.581701e-03 -1.965000e-02 3.998448e-02 1.412458e-02 2.315384e-02 -1.452146e-02
<VARIANCE> 52
 9.087308e+00 3.287293e+01 1.151298e+01 3.189493e+01 4.656965e+01 3.215512e+01 2.679562e+01 5.448519e+01 3.831224e+01 4.751990e+01 7.070529e+01 5.760900e+01 3.118662e+01 1.831899e-01 3.850346e-01 5.644658e-01 6.417645e-01 9.854881e-01 9.898316e-01 8.471212e-01 1.267882e+00 1.052552e+00 1.224524e+00 1.298454e+00 1.254768e+00 1.151780e-01 5.346408e-02 6.177291e-02 1.262750e-01 2.338434e-01 2.240405e-01 2.584175e-01 2.398939e-01 2.599807e-01 2.278883e-01 2.363765e-01 2.736016e-01 1.775657e-01 3.004645e-02 1.228596e-02 1.474497e-02 2.732644e-02 3.808722e-02 4.162118e-02 4.733568e-02 4.290068e-02 4.796058e-02 4.643043e-02 4.414753e-02 5.395907e-02 4.358006e-02 1.000000e-02
<GCONST> 6.693437e+01
<STATE> 5
<NUMMIXES> 3
<MIXTURE> 1 2.854350e-01
<MEAN> 52
 1.359970e+00 7.455303e+00 7.942568e+00 4.696895e+00 -8.637212e+00 -1.540800e+00 -7.249960e+00 -1.150392e+01 -8.801602e+00 2.387990e+00 -5.384435e+00 -5.405408e+00 6.284516e+01 -1.648438e+00 -6.165633e-01 -9.596081e-01 -1.290517e+00 2.553325e+00 -9.308784e-01 -5.803010e-02 1.617107e+00 1.598285e+00 -1.055516e+00 1.448522e-01 2.659948e-01 5.540149e-01 -1.995700e-01 -8.161348e-01 -7.486133e-01 -8.316988e-01 -1.924564e-01 -1.473178e-01 -6.180044e-01 5.104210e-01 7.494934e-01 -2.870435e-03 3.880554e-01 -1.499404e-01 1.215314e+00 3.557095e-01 2.633262e-02 4.189524e-02 -4.667464e-02 -4.183049e-01 3.774995e-01 -1.698564e-01 -2.493145e-01 -2.007685e-01 2.714488e-01 4.088008e-02 -7.783003e-02 2.271561e-03
<VARIANCE> 52
 6.575240e+00 1.041423e+01 1.067256e+01 1.885441e+01 3.119149e+01 3.015036e+01 3.912527e+01 3.669950e+01 4.085666e+01 3.149686e+01 3.016567e+01 3.545221e+01 1.449234e+01 1.188743e+00 1.654822e+00 1.395015e+00 2.494914e+00 2.533170e+00 3.000084e+00 3.819358e+00 3.151029e+00 3.162658e+00 3.987060e+00 3.155559e+00 2.561224e+00 1.989349e+00 1.614941e-01 2.012187e-01 2.356333e-01 3.761545e-01 4.721443e-01 5.950880e-01 5.986087e-01 7.576888e-01 6.191668e-01 5.239047e-01 6.068382e-01 3.937671e-01 1.670649e-01 5.291903e-02 7.456001e-02 5.509305e-02 1.184775e-01 1.026571e-01 1.426740e-01 2.099152e-01 1.574455e-01 1.236545e-01 1.765700e-01 1.215354e-01 1.084792e-01 9.057124e-02
<GCONST> 1.067649e+02
<MIXTURE> 2 2.961877e-01
<MEAN> 52
 -2.259353e+00 2.944671e+00 -1.536229e-01 -7.815018e+00 -1.306238e+01 -1.041126e+01 -1.584846e+01 -1.475518e+01 -1.176297e+01 -8.595695e+00 -1.386444e+01 -4.561238e+00 5.956332e+01 -1.078666e+00 1.954732e-01 5.977505e-01 1.494131e+00 1.367451e+00 4.284663e-01 1.260690e+00 8.232396e-01 6.867349e-01 -4.350528e-01 1.406155e+00 -7.115919e-02 -8.996883e-01 -3.580332e-01 -4.750520e-01 -4.132223e-01 -1.518306e-01 2.967809e-01 -5.491412e-02 3.979288e-01 5.077805e-01 3.460356e-01 3.042987e-01 2.574518e-01 2.910031e-01 5.484960e-01 1.037743e-01 -1.356480e-01 -2.303105e-01 -3.722370e-01 -2.154574e-01 -9.303325e-02 -1.906887e-01 6.973174e-02 4.139800e-02 9.782284e-02 -1.123577e-01 1.994785e-02 3.405838e-01
<VARIANCE> 52
 2.396792e+01 1.813118e+01 1.512977e+01 3.412338e+01 3.619913e+01 2.414590e+01 2.768862e+01 2.187911e+01 2.028233e+01 3.874302e+01 3.848866e+01 3.010862e+01 2.805437e+01 1.082204e+00 1.489538e+00 1.755606e+00 1.777163e+00 2.827116e+00 2.243679e+00 2.452903e+00 2.669306e+00 2.614856e+00 3.241871e+00 3.084603e+00 2.242235e+00 6.990204e-01 2.688330e-01 1.955213e-01 3.569581e-01 5.737867e-01 5.792163e-01 3.959055e-01 3.829498e-01 2.995410e-01 3.904893e-01 5.033082e-01 4.771134e-01 3.615599e-01 5.158544e-01 7.009435e-02 5.343068e-02 6.417564e-02 9.316546e-02 1.347492e-01 1.018614e-01 1.272469e-01 8.635422e-02 9.476133e-02 1.347549e-01 1.457371e-01 8.535999e-02 5.078219e-02
<GCONST> 1.037318e+02
<MIXTURE> 3 4.183773e-01
<MEAN> 52
 1.672931e+00 5.878214e+00 9.063302e+00 2.135395e+00 -1.135222e+01 -4.988847e-01 -1.022825e+01 -1.132732e+01 -8.652603e+00 2.029857e+00 -4.414389e+00 -4.877738e+00 6.311619e+01 -5.562714e-01 4.663255e-01 1.227671e-01 -2.089699e-01 1.600168e+00 -1.825768e-01 3.692155e-01 8.135045e-01 3.163869e-01 -2.061472e-01 -1.234448e-01 1.776749e-01 -1.182188e+00 -4.533122e-01 -3.748600e-01 -4.703736e-01 -2.615545e-01 3.853294e-01 -3.715595e-01 1.377935e-01 2.715144e-01 4.007514e-01 -2.529559e-01 2.027026e-01 4.516645e-02 3.813563e-01 3.179688e-02 -1.809421e-01 -2.000484e-01 -1.318011e-01 -1.829262e-01 -1.792871e-03 -1.738353e-01 -6.908074e-02 1.483790e-01 6.371160e-02 6.666005e-04 -1.874769e-02 3.465358e-01
<VARIANCE> 52
 7.043027e+00 1.815487e+01 2.243434e+01 4.909385e+01 2.786055e+01 2.824962e+01 4.155920e+01 2.841823e+01 3.204257e+01 3.215244e+01 2.802015e+01 2.920485e+01 1.351996e+01 3.944125e-01 9.338630e-01 7.463436e-01 9.876031e-01 1.160692e+00 1.719564e+00 2.264017e+00 2.736470e+00 1.987943e+00 1.569359e+00 1.763946e+00 1.425789e+00 3.124375e-01 9.550151e-02 1.533025e-01 2.613791e-01 3.278544e-01 3.975648e-01 4.336911e-01 4.125604e-01 5.146901e-01 4.780690e-01 3.302280e-01 3.095822e-01 3.554102e-01 2.261085e-01 2.962360e-02 4.511648e-02 4.391972e-02 6.933285e-02 5.551421e-02 9.110402e-02 1.201618e-01 1.283495e-01 1.001775e-01 8.050409e-02 8.389142e-02 7.568842e-02 2.627541e-02
<GCONST> 8.860661e+01
<STATE> 6
<NUMMIXES> 3
<MIXTURE> 1 4.017502e-01
<MEAN> 52
 -7.573377e+00 -1.993407e+00 -3.169020e+00 -7.610493e+00 -6.404166e+00 -1.059109e+01 -1.035835e+01 -2.165632e+00 -5.566273e-01 -2.590684e+00 -5.790981e+00 -1.831812e+00 7.272000e+01 5.579454e-01 -2.541768e+00 -2.521803e+00 -3.950393e+00 5.307542e-01 6.023215e-01 -2.548403e+00 1.800264e+00 2.011661e+00 1.269118e+00 -5.451229e-01 -8.312128e-01 3.787042e+00 9.525694e-01 2.653652e-01 2.521825e-01 -3.246709e-01 2.803142e-02 1.326037e+00 -4.277844e-01 -9.129232e-01 -8.089400e-01 3.288505e-01 2.280230e-02 -4.961883e-01 -7.410160e-01 -1.403128e-01 4.027377e-01 2.847084e-01 5.102665e-01 7.958821e-02 3.228653e-02 5.570657e-01 -2.334609e-01 -3.892460e-01 -2.834076e-01 2.371633e-01 1.693044e-01 -6.301812e-01
<VARIANCE> 52
 2.172836e+01 3.043848e+01 3.974731e+01 6.767094e+01 4.054457e+01 4.271867e+01 4.194164e+01 5.445011e+01 4.744764e+01 4.174273e+01 3.626873e+01 2.623309e+01 2.483162e+01 1.945586e+00 1.623573e+00 1.548704e+00 2.675630e+00 5.178093e+00 5.252242e+00 6.392468e+00 6.684505e+00 4.956800e+00 3.935269e+00 6.742881e+00 3.012711e+00 2.367173e+00 4.474786e-01 3.905728e-01 4.240230e-01 8.006501e-01 1.189832e+00 7.664635e-01 1.056731e+00 7.798057e-01 5.456926e-01 8.086122e-01 1.231382e+00 5.531977e-01 5.036851e-01 8.997691e-02 7.374980e-02 7.040021e-02 1.130081e-01 1.882750e-01 2.322655e-01 2.434998e-01 2.665060e-01 1.695167e-01 1.647651e-01 3.060852e-01 1.351013e-01 1.092245e-01
<GCONST> 1.295966e+02
<MIXTURE> 2 3.142402e-01
<MEAN> 52
 -4.902377e+00 3.519423e+00 4.416259e+00 -1.664671e+00 -4.857262e+00 -4.984433e+00 -8.648593e+00 -9.365520e+00 -6.753819e+00 -4.110726e+00 -6.004853e+00 -3.675626e+00 5.944015e+01 -2.020545e+00 -1.746946e+00 -2.484023e+00 -1.700938e+00 5.330608e-01 -1.477500e+00 7.872233e-02 2.225192e+00 2.369334e+00 6.850490e-02 1.238834e+00 6.236413e-01 3.296110e+00 6.185755e-01 -5.800703e-01 -6.031944e-01 -1.128010e+00 -6.668916e-01 1.542517e-01 -9.822466e-01 2.023516e-01 1.512649e-01 5.149346e-01 -2.198108e-01 -2.318967e-01 1.301755e+00 4.020022e-01 2.299376e-01 3.169692e-01 5.641490e-02 8.457581e-02 4.627891e-01 -7.957690e-02 -3.074143e-01 -3.854392e-01 5.655689e-02 -1.680746e-01 -1.722708e-01 -5.170469e-01
<VARIANCE> 52
 2.544388e+01 2.633350e+01 3.983942e+01 3.732414e+01 3.655167e+01 4.083779e+01 3.745049e+01 3.573410e+01 2.555609e+01 3.728383e+01 3.623798e+01 1.768228e+01 3.072309e+01 1.754014e+00 1.797827e+00 2.071275e+00 4.556799e+00 3.439843e+00 4.440643e+00 5.501259e+00 3.423641e+00 3.385722e+00 3.432921e+00 4.584939e+00 2.726784e+00 2.447269e+00 3.851624e-01 4.263317e-01 3.436300e-01 6.159835e-01 7.401178e-01 1.073197e+00 8.955696e-01 8.833572e-01 5.460802e-01 7.341483e-01 1.167084e+00 4.908910e-01 3.873712e-01 7.137576e-02 7.870729e-02 8.826058e-02 1.727807e-01 1.911805e-01 1.771325e-01 2.231429e-01 1.440775e-01 1.421277e-01 1.404317e-01 2.162215e-01 1.268900e-01 1.132487e-01
<GCONST> 1.234457e+02
<MIXTURE> 3 2.840095e-01
<MEAN> 52
 -2.961897e-01 -2.519362e+00 -1.059584e+00 -1.118592e+01 -6.557174e+00 1.321297e+00 -1.947239e+01 -4.844338e+00 4.819012e-01 4.479424e+00 1.808209e-01 -8.953238e+00 7.509393e+01 2.108217e+00 -1.116065e+00 -1.209380e+00 -3.696871e+00 -8.932143e-01 3.823246e+00 -1.690788e+00 -1.283375e-01 -7.195809e-01 9.075077e-01 2.061614e+00 -7.881241e-01 1.129922e+00 1.122330e-01 7.413103e-01 4.589095e-01 6.642908e-01 -1.250391e-01 3.744368e-01 1.488292e+00 -3.576026e-01 -1.173644e+00 -6.770872e-01 -9.684309e-02 5.476236e-01 -1.160753e+00 -4.218937e-01 1.194877e-01 5.399743e-02 4.447861e-01 2.018254e-01 -6.593487e-01 3.428502e-01 1.804148e-01 1.949964e-01 -2.711182e-01 -3.407659e-01 1.468130e-01 -6.606387e-02
<VARIANCE> 52
 1.073632e+01 2.534054e+01 2.928449e+01 5.463212e+01 3.087185e+01 4.147571e+01 5.730808e+01 4.448196e+01 4.303152e+01 4.325701e+01 4.240613e+01 2.552405e+01 1.489000e+01 1.651006e+00 1.640915e+00 2.112405e+00 2.911133e+00 3.349238e+00 3.631936e+00 6.950737e+00 4.429873e+00 3.510071e+00 5.333704e+00 3.428643e+00 3.506725e+00 1.515614e+00 2.586309e-01 2.682166e-01 2.663727e-01 4.309115e-01 5.052178e-01 7.513393e-01 6.469093e-01 6.690563e-01 6.128496e-01 6.926695e-01 6.550471e-01 4.766799e-01 2.023093e-01 6.675141e-02 7.489394e-02 1.060331e-01 1.044975e-01 1.307036e-01 1.372930e-01 2.600449e-01 1.760374e-01 1.410452e-01 1.981634e-01 1.510309e-01 1.677692e-01 7.828216e-02
<GCONST> 1.183760e+02
<STATE> 7
<NUMMIXES> 3
<MIXTURE> 1 3.765979e-01
<MEAN> 52
 2.840479e+00 3.573439e-01 -5.960815e+00 -1.440794e+01 -8.222946e+00 8.433627e+00 -1.094366e+01 -7.518418e+00 -3.094859e+00 -2.240747e+00 4.733600e+00 -5.253735e+00 7.386530e+01 7.548178e-01 6.779335e-01 -2.332930e-01 -5.523121e-01 -9.298740e-01 1.184702e+00 2.498154e+00 8.136530e-01 -1.902513e+00 -1.882078e+00 -6.977043e-02 5.434285e-01 -7.870674e-01 -3.824281e-01 1.211368e-01 6.014470e-01 9.428467e-01 -8.187027e-03 -9.536143e-01 2.749591e-01 2.069495e-01 2.330902e-01 -5.287189e-02 -9.714495e-01 -1.844291e-01 -2.135059e-01 -4.637686e-02 -2.239071e-01 -4.130067e-02 -6.429134e-02 8.876070e-02 -7.209904e-02 -5.198988e-01 -1.396891e-01 3.893910e-01 3.302120e-01 4.685525e-02 -1.571874e-01 2.621043e-01
<VARIANCE> 52
 8.662313e+00 1.996960e+01 3.356213e+01 4.946680e+01 2.615239e+01 4.593696e+01 7.364862e+01 7.116232e+01 7.930764e+01 5.588326e+01 4.919582e+01 3.583464e+01 1.077656e+01 3.108797e-01 8.545019e-01 1.219107e+00 2.647718e+00 1.662929e+00 2.844273e+00 2.181670e+00 2.464651e+00 2.420305e+00 2.683001e+00 3.789515e+00 2.583312e+00 3.738166e-01 1.052018e-01 2.147624e-01 2.404612e-01 2.788182e-01 4.251907e-01 4.873941e-01 9.375545e-01 6.637322e-01 7.646067e-01 6.984358e-01 4.754382e-01 5.971305e-01 1.605743e-01 2.433772e-02 3.386188e-02 5.331469e-02 7.703997e-02 1.002677e-01 1.575223e-01 1.438422e-01 1.237349e-01 1.258125e-01 1.223752e-01 1.759726e-01 1.207775e-01 2.662814e-02
<GCONST> 1.036123e+02
<MIXTURE> 2 3.126844e-01
<MEAN> 52
 -4.165032e+00 -8.357866e+00 -1.100165e+01 -2.035465e+01 1.564946e-01 -5.621593e+00 -1.611293e+01 -2.300458e+00 -1.451160e+00 -1.691005e-01 -1.202945e+01 -5.093461e+00 7.493330e+01 6.778859e-01 8.268176e-02 -1.320892e+00 -1.543601e+00 1.890018e+00 2.158027e+00 -3.768358e-01 -1.594097e+00 -1.763121e+00 2.791017e-01 1.064660e+00 -9.477774e-01 -3.789948e-01 -1.051929e-01 6.140071e-01 4.349618e-01 7.756360e-01 -5.586856e-01 -2.430717e-01 7.676573e-01 -2.902565e-01 -8.631997e-01 -5.564724e-01 8.296100e-01 3.198969e-01 -6.460471e-01 -8.570911e-02 -1.952271e-01 3.266890e-02 -4.611485e-03 -2.402509e-01 -3.955097e-01 6.827165e-02 4.741531e-01 2.418243e-01 -4.861705e-02 -2.130948e-01 1.716851e-01 3.241062e-01
<VARIANCE> 52
 1.361095e+01 1.964358e+01 5.432619e+01 5.071233e+01 4.270449e+01 4.182757e+01 5.326284e+01 7.916291e+01 7.817561e+01 5.918891e+01 3.290699e+01 2.265634e+01 2.922087e+01 4.268969e-01 7.122690e-01 8.444359e-01 8.988889e-01 2.548776e+00 1.990977e+00 1.995444e+00 1.637095e+00 2.845462e+00 3.190874e+00 3.358425e+00 1.429252e+00 3.090298e-01 1.237688e-01 1.964923e-01 1.824579e-01 1.965805e-01 4.525638e-01 6.085978e-01 5.568615e-01 9.494224e-01 5.287672e-01 5.204870e-01 6.757067e-01 3.935723e-01 2.206027e-01 3.213178e-02 3.073970e-02 3.886156e-02 4.416325e-02 1.377462e-01 1.216160e-01 1.125947e-01 8.523789e-02 1.022203e-01 1.295977e-01 2.183328e-01 7.575323e-02 1.988553e-02
<GCONST> 9.982070e+01
<MIXTURE> 3 3.107178e-01
<MEAN> 52
 8.533345e-01 -4.485284e+00 -2.285538e+00 -2.322825e+01 -4.866278e+00 7.974434e+00 -2.036249e+01 -4.101276e+00 -8.157530e+00 5.639010e+00 1.581923e+00 -5.876396e+00 7.417403e+01 5.510711e-01 4.027575e-01 -2.503613e-01 -6.857905e-01 3.965344e-02 9.456029e-01 1.375426e+00 6.820412e-02 -1.412874e+00 -1.330229e+00 9.781998e-01 7.768766e-01 -5.101776e-01 -1.864944e-01 7.918003e-02 1.530120e-01 7.588991e-01 -8.252689e-02 -7.456971e-01 3.813818e-01 2.173819e-01 1.197104e-01 -4.125047e-01 -3.595749e-01 -4.499243e-02 -1.253692e-01 2.932563e-02 -1.408595e-01 -7.644133e-03 -6.874050e-02 -1.651213e-02 1.548094e-02 -2.851410e-01 3.227408e-02 1.525779e-01 2.572474e-01 -1.248508e-01 -2.166961e-01 1.546343e-01
<VARIANCE> 52
 8.927854e+00 1.117846e+01 3.298710e+01 3.513746e+01 3.240629e+01 3.868340e+01 1.888907e+01 2.806528e+01 1.999001e+01 3.123247e+01 2.608498e+01 2.086950e+01 8.100365e+00 8.311833e-02 2.743181e-01 3.367361e-01 9.698997e-01 5.357478e-01 1.319147e+00 6.952040e-01 1.140831e+00 1.324067e+00 1.830006e+00 8.009560e-01 8.153381e-01 7.186196e-02 6.081990e-02 1.041355e-01 8.448467e-02 1.247773e-01 1.554939e-01 1.991732e-01 3.841980e-01 2.049456e-01 2.216871e-01 4.505076e-01 2.402002e-01 3.968059e-01 4.442324e-02 1.469507e-02 2.157371e-02 2.380211e-02 2.436506e-02 2.842218e-02 5.742597e-02 6.029824e-02 5.980413e-02 5.391277e-02 7.116829e-02 5.446994e-02 4.630485e-02 1.943401e-02
<GCONST> 6.137269e+01
<STATE> 8
<NUMMIXES> 3
<MIXTURE> 1 5.513768e-01
<MEAN> 52
 3.097175e+00 -1.852455e+00 -1.639042e+00 -1.694894e+01 -9.919720e+00 8.465525e+00 -1.076379e+01 -2.134132e+00 -8.178391e+00 -4.276786e+00 1.395358e+00 -7.955795e+00 7.192876e+01 1.282199e-03 1.024254e-01 5.769289e-01 1.236672e+00 -3.896700e-01 -7.605789e-01 7.695349e-01 2.107622e-01 -1.107211e-01 -2.013288e-01 -1.141672e+00 -4.582875e-01 -4.600502e-01 -1.012927e-01 -5.161291e-03 1.523120e-01 2.257065e-01 8.896713e-02 -1.691816e-01 -2.592611e-01 -2.604370e-01 2.614205e-01 3.117199e-01 -2.012041e-01 5.278771e-02 -1.660547e-02 2.504076e-02 2.292361e-02 -3.439696e-02 -1.027270e-01 4.376383e-02 1.293523e-01 -4.447128e-02 -3.584175e-02 -3.600258e-02 -3.181848e-02 1.403022e-01 9.998354e-02 -1.597082e-02
<VARIANCE> 52
 6.064265e+00 2.442620e+01 2.226468e+01 4.291416e+01 5.475191e+01 3.100768e+01 6.210691e+01 3.720558e+01 4.308343e+01 4.443727e+01 3.344374e+01 2.701161e+01 9.055088e+00 1.365024e-01 3.343996e-01 6.988823e-01 7.031212e-01 8.434623e-01 9.301867e-01 1.885900e+00 1.510773e+00 1.717017e+00 1.588218e+00 2.083313e+00 1.410293e+00 1.168857e-01 2.717234e-02 6.364240e-02 1.214428e-01 1.733743e-01 1.612659e-01 2.065831e-01 3.440771e-01 2.978304e-01 2.776209e-01 2.642503e-01 3.344834e-01 2.538523e-01 2.272939e-02 1.000000e-02 1.151141e-02 2.581330e-02 3.053006e-02 3.605731e-02 5.208299e-02 5.745107e-02 5.517954e-02 5.742849e-02 4.976079e-02 8.328572e-02 6.094314e-02 1.000000e-02
<GCONST> 6.736403e+01
<MIXTURE> 2 2.572196e-01
<MEAN> 52
 -4.981573e+00 -9.790059e+00 -1.531318e+01 -2.531759e+01 5.230216e+00 -7.359620e+00 -9.450342e+00 -2.651552e+00 -1.736287e+01 -3.594473e+00 -9.569583e+00 -7.441951e+00 7.376018e+01 3.295874e-01 6.601762e-02 2.115139e-01 2.500306e-01 -2.893141e-01 -4.922436e-01 1.150770e+00 -2.620054e-02 -1.621228e+00 1.124189e-01 -4.409049e-01 -6.687176e-03 -4.513001e-01 3.329648e-03 9.924294e-03 1.377397e-01 1.088217e-01 -2.007464e-01 -1.487714e-01 -3.482050e-02 5.676705e-02 3.744186e-01 8.982772e-02 -3.248098e-01 1.096513e-01 -5.433998e-03 -8.235494e-03 -9.032431e-03 -2.537473e-02 -5.691922e-02 6.033479e-02 7.588664e-02 -1.005170e-01 -3.356478e-02 5.740797e-02 -2.466937e-02 1.588220e-02 -3.617953e-02 1.117574e-02
<VARIANCE> 52
 7.021789e+00 9.019149e+00 1.987750e+01 1.719446e+01 3.223099e+01 1.285409e+01 2.829236e+01 4.048107e+01 4.344661e+01 1.888311e+01 2.272153e+01 1.678625e+01 7.272144e+00 1.436012e-01 1.672853e-01 5.159338e-01 4.855724e-01 9.195707e-01 8.507379e-01 7.390589e-01 4.777751e-01 2.639753e+00 1.072962e+00 2.898581e+00 9.118733e-01 5.270964e-02 2.327170e-02 3.522795e-02 4.508573e-02 9.297831e-02 1.061393e-01 2.125321e-01 1.353473e-01 1.104397e-01 1.971653e-01 1.923109e-01 3.618127e-01 1.410735e-01 1.000000e-02 1.000000e-02 1.000000e-02 1.068441e-02 1.923462e-02 2.405749e-02 3.624463e-02 2.383843e-02 2.141048e-02 5.979829e-02 4.571168e-02 9.447050e-02 3.118014e-02 1.000000e-02
<GCONST> 4.584180e+01
<MIXTURE> 3 1.914036e-01
<MEAN> 52
 8.744983e-01 -5.383343e+00 -1.448561e+01 -1.825757e+01 -4.302340e+00 -3.555432e+00 -9.269523e+00 -7.460639e+00 -2.013356e+01 -1.376317e+01 -1.072098e+01 -4.433803e+00 6.778891e+01 7.511149e-02 1.604613e-01 1.034379e+00 9.868324e-01 -7.696840e-01 -4.722904e-01 -1.119918e-01 2.496220e-01 -9.182417e-01 -1.030516e+00 -5.821782e-01 3.225994e-01 -5.271644e-01 -1.338627e-01 -9.827655e-02 2.395874e-01 7.265195e-02 3.468607e-02 -2.047440e-01 -4.702686e-01 3.584154e-02 3.767478e-01 1.417559e-01 -7.585419e-02 -5.049038e-02 3.074169e-02 2.376097e-02 1.660981e-02 -7.589131e-02 -7.180250e-02 9.523012e-02 4.004766e-02 -2.486058e-02 -8.209415e-02 7.250178e-03 8.633143e-02 7.872186e-02 -5.099737e-02 -1.089041e-02
<VARIANCE> 52
 4.930923e+00 2.663875e+01 2.924853e+01 3.874187e+01 3.669070e+01 2.566881e+01 4.668995e+01 4.159563e+01 8.668584e+01 1.717453e+02 4.186760e+01 5.226580e+01 3.277042e+01 2.481276e-01 4.096584e-01 9.448075e-01 1.182654e+00 1.867273e+00 2.050385e+00 1.880339e+00 2.180548e+00 3.073509e+00 1.996267e+00 1.393714e+00 1.895480e+00 1.121283e-01 2.542960e-02 4.692985e-02 1.565477e-01 2.691779e-01 3.084722e-01 2.640139e-01 3.578694e-01 2.626980e-01 3.215198e-01 4.630970e-01 3.129641e-01 3.228827e-01 1.859475e-02 1.000000e-02 1.407564e-02 4.137095e-02 4.468523e-02 6.911027e-02 6.846892e-02 8.637341e-02 8.052776e-02 8.490343e-02 7.967754e-02 7.016110e-02 7.607084e-02 1.000000e-02
<GCONST> 8.059489e+01
<STATE> 9
<NUMMIXES> 3
<MIXTURE> 1 7.046136e-01
<MEAN> 52
 2.616131e+00 1.933719e+00 2.845860e+00 -5.727932e+00 -1.000709e+01 4.124463e+00 -7.274312e+00 -6.619346e+00 -5.259120e+00 -1.818760e+00 -4.862370e+00 -5.171696e+00 6.792997e+01 -2.110374e-01 3.177094e-01 7.163171e-01 1.143410e+00 5.171307e-01 -4.695305e-01 -3.182304e-01 -6.890915e-01 1.265659e-01 3.948479e-01 -4.996652e-01 2.267735e-01 -6.772962e-01 -8.810237e-03 9.421032e-02 -8.098557e-02 1.693847e-02 1.426714e-01 1.458541e-02 -5.445258e-02 -1.820650e-02 -4.567073e-02 2.882124e-02 1.880020e-01 -1.187422e-02 -8.498127e-02 1.199115e-02 1.411883e-02 -4.264030e-02 -3.538500e-02 -4.268158e-02 3.090316e-02 1.002509e-01 7.048124e-02 -3.872544e-02 -6.535157e-02 1.970721e-03 -1.353150e-02 -1.676046e-02
<VARIANCE> 52
 7.310289e+00 1.879986e+01 3.698418e+01 3.942059e+01 4.326925e+01 3.109785e+01 5.131690e+01 5.672534e+01 4.823798e+01 5.786798e+01 2.916534e+01 3.392064e+01 1.850970e+01 2.325211e-01 6.402604e-01 1.539713e+00 1.244442e+00 1.268513e+00 1.416159e+00 2.331945e+00 1.808743e+00 1.766954e+00 1.879855e+00 1.982337e+00 1.574676e+00 2.320751e-01 4.216593e-02 1.036597e-01 2.556466e-01 1.941745e-01 2.886300e-01 2.657373e-01 4.007403e-01 2.993449e-01 2.951399e-01 3.224644e-01 4.359727e-01 2.910606e-01 4.467671e-02 1.008148e-02 2.485232e-02 5.527786e-02 4.379588e-02 5.446760e-02 6.116818e-02 8.571476e-02 7.109538e-02 7.625721e-02 7.743181e-02 9.081682e-02 6.950279e-02 1.000000e-02
<GCONST> 8.178519e+01
<MIXTURE> 2 1.455962e-01
<MEAN> 52
 -4.012947e+00 -1.120979e+01 -3.944746e+00 -2.231369e+01 -3.120634e+00 -1.568996e+01 -9.232501e+00 1.544594e+00 -1.790997e+01 -4.248713e+00 -1.939638e+01 -4.027876e+00 7.147858e+01 7.149962e-02 1.545632e-01 4.560228e-01 5.340315e-01 -4.616789e-01 -4.261605e-01 -2.042636e-01 -5.865325e-02 1.633655e-01 -5.877158e-01 -3.768701e-01 -2.919420e-01 -5.480459e-01 -6.471653e-03 1.055377e-01 -1.840499e-01 2.710600e-02 2.948318e-02 1.888163e-01 -7.263575e-02 -1.025665e-01 1.306014e-03 -9.062138e-02 2.632455e-01 -5.757502e-02 -7.827496e-02 1.062473e-02 2.778107e-02 -1.526600e-02 5.311020e-03 -1.807643e-02 2.025475e-02 1.876333e-02 -1.839466e-02 -2.690871e-02 3.058072e-02 2.478231e-02 3.429055e-02 -1.742719e-02
<VARIANCE> 52
 2.568353e+00 9.884296e+00 7.585331e+01 2.594951e+01 5.215675e+01 1.179356e+01 3.246299e+01 2.074615e+01 1.559407e+01 1.318280e+01 6.564657e+00 1.103100e+01 4.992900e+00 1.315477e-01 2.994706e-01 6.949825e-01 5.864665e-01 4.325361e-01 9.651385e-01 5.857190e-01 9.884363e-01 7.246034e-01 9.675652e-01 1.147142e+00 5.070163e-01 1.325428e-01 2.895995e-02 5.160058e-02 6.359364e-02 1.035298e-01 9.263013e-02 1.175895e-01 1.383191e-01 1.373808e-01 1.271562e-01 1.127486e-01 1.515781e-01 1.247775e-01 2.010229e-02 1.000000e-02 1.000000e-02 1.771358e-02 2.703704e-02 1.787418e-02 3.456212e-02 1.888623e-02 3.355022e-02 3.370874e-02 2.701381e-02 4.215110e-02 2.105644e-02 1.000000e-02
<GCONST> 3.969643e+01
<MIXTURE> 3 1.497903e-01
<MEAN> 52
 -1.178244e+00 -6.062715e+00 -4.281299e+00 -1.281530e+01 -8.075140e+00 -1.000897e+01 -2.017740e+01 -3.158306e+00 -1.771270e+01 -1.348920e+01 -1.257370e+01 -8.414159e+00 6.303047e+01 -1.002602e-01 5.122578e-01 6.805565e-01 6.353698e-01 -4.053073e-02 -4.101254e-01 -8.822049e-01 -2.954045e-01 4.770261e-01 -2.292508e-01 -1.118322e-01 8.602234e-02 -6.830482e-01 4.444792e-02 1.329133e-01 -1.502190e-01 -6.871314e-03 -9.953842e-02 1.942222e-01 2.624629e-01 -2.456806e-01 1.281456e-03 1.291385e-02 1.068493e-01 1.610566e-01 -6.940396e-02 2.525341e-03 9.512235e-03 -1.892681e-02 1.096345e-02 -4.417099e-02 1.707951e-03 1.134180e-01 -3.584386e-02 -2.089874e-02 1.768050e-02 3.954157e-04 1.673440e-02 -2.802257e-03
<VARIANCE> 52
 2.827757e+00 1.906807e+01 1.964730e+01 1.441779e+01 3.578240e+01 2.489663e+01 4.425554e+01 2.760918e+01 5.503004e+01 1.051311e+02 2.011840e+01 5.592386e+01 5.292901e+01 2.354055e-01 3.702159e-01 1.480959e+00 1.169555e+00 1.777801e+00 1.272005e+00 2.172685e+00 1.069753e+00 2.060409e+00 1.584935e+00 1.446668e+00 1.761239e+00 1.612224e-01 3.225407e-02 7.445094e-02 1.823750e-01 1.712270e-01 3.050259e-01 2.191828e-01 3.205744e-01 2.683191e-01 3.256947e-01 3.132473e-01 1.921217e-01 3.525422e-01 2.362019e-02 1.000000e-02 1.245499e-02 3.866345e-02 4.037619e-02 7.837167e-02 7.267007e-02 8.313998e-02 4.868206e-02 6.277524e-02 8.651654e-02 4.720962e-02 9.712665e-02 1.000000e-02
<GCONST> 7.411011e+01
<STATE> 10
<NUMMIXES> 3
<MIXTURE> 1 5.152463e-01
<MEAN> 52
 1.960191e+00 4.701431e+00 5.481059e+00 1.443205e-01 -6.903826e+00 8.294080e-01 -8.469235e+00 -9.548717e+00 -6.986451e+00 2.371189e+00 -5.533158e+00 -5.140646e+00 6.490244e+01 -2.716015e-01 1.114266e+00 4.958079e-01 1.426782e+00 6.795096e-01 -4.457033e-01 5.889951e-01 -3.046654e-01 7.697468e-02 -2.006189e-01 -2.094544e-01 2.603570e-01 -1.539248e+00 -2.320460e-01 -2.533920e-01 -2.100145e-01 -3.820715e-01 9.664366e-02 8.247716e-02 1.302585e-01 4.519041e-01 1.394396e-01 -3.359597e-01 2.665268e-01 1.047798e-01 1.205253e-01 -6.654209e-02 -1.869942e-01 -2.184672e-02 -1.560289e-01 -1.156287e-01 -3.434724e-02 -6.643426e-02 6.628563e-02 1.522381e-02 1.305420e-02 6.492634e-02 8.406058e-04 1.997872e-01
<VARIANCE> 52
 5.978398e+00 2.325806e+01 2.372690e+01 4.369633e+01 4.140477e+01 3.442234e+01 5.937498e+01 6.057820e+01 4.785473e+01 5.136797e+01 3.187219e+01 3.746478e+01 1.867716e+01 4.706285e-01 8.309228e-01 1.999261e+00 2.287883e+00 3.431615e+00 2.281231e+00 2.583157e+00 4.182889e+00 2.700696e+00 2.953134e+00 3.189500e+00 2.139966e+00 4.386072e-01 1.286603e-01 2.382170e-01 2.964485e-01 3.898413e-01 5.056913e-01 4.498328e-01 4.474299e-01 6.095799e-01 5.111037e-01 5.248585e-01 4.603623e-01 4.222445e-01 1.809184e-01 2.372066e-02 2.937754e-02 8.540795e-02 8.604474e-02 1.611403e-01 1.059510e-01 9.113288e-02 1.553271e-01 1.041682e-01 1.223127e-01 1.163594e-01 9.413507e-02 2.947530e-02
<GCONST> 1.029123e+02
<MIXTURE> 2 2.009382e-01
<MEAN> 52
 -3.911837e+00 -5.218301e+00 -1.268202e+01 -1.878761e+01 -2.864114e+00 -1.242675e+01 -8.696931e+00 -4.877965e+00 -1.635014e+01 -7.119581e+00 -1.447696e+01 -6.694404e+00 6.596471e+01 8.980975e-02 7.622029e-01 2.026705e-01 1.410648e+00 -8.457991e-01 1.717499e-01 -6.958714e-01 -1.001870e+00 5.557753e-01 -6.237136e-01 1.070426e+00 -6.911810e-03 -1.133065e+00 -2.746572e-02 -4.797689e-02 1.867496e-01 2.361818e-01 6.548224e-02 8.241893e-02 4.233269e-02 -2.497588e-03 2.683402e-02 2.103799e-02 1.812742e-01 1.556661e-01 -1.404538e-02 -2.598190e-02 -6.288906e-02 3.301626e-02 -6.342576e-02 7.295836e-02 -8.858989e-04 6.449725e-02 9.370187e-02 2.684681e-02 5.295071e-02 -1.102110e-01 3.030797e-02 5.002595e-02
<VARIANCE> 52
 1.383589e+01 1.549369e+01 5.375266e+01 3.836516e+01 2.188330e+01 3.778399e+01 2.456053e+01 3.624043e+01 5.541050e+01 2.922508e+01 3.144566e+01 2.751914e+01 2.617945e+01 4.617562e-01 7.750489e-01 1.606126e+00 1.575438e+00 1.614804e+00 2.496401e+00 1.488644e+00 2.606964e+00 1.746393e+00 1.588946e+00 1.682399e+00 1.423675e+00 4.128254e-01 7.521792e-02 1.227266e-01 2.571561e-01 2.877023e-01 3.485470e-01 3.910682e-01 2.768194e-01 4.484901e-01 3.228224e-01 2.627889e-01 4.079069e-01 2.491375e-01 4.341633e-02 1.531745e-02 2.277334e-02 5.343572e-02 8.058656e-02 6.837971e-02 8.302076e-02 6.321031e-02 9.428577e-02 7.276494e-02 6.391911e-02 6.511349e-02 6.674351e-02 1.000000e-02
<GCONST> 8.478030e+01
<MIXTURE> 3 2.838155e-01
<MEAN> 52
 -7.525846e-01 7.281515e-02 -3.256897e+00 -8.755926e+00 -9.832187e+00 -1.187931e+01 -1.690546e+01 -1.292916e+01 -1.627293e+01 -1.396004e+01 -1.209587e+01 -2.742051e+00 5.846097e+01 -1.481918e-01 5.779588e-01 4.583498e-01 9.100623e-01 -1.374822e-01 1.513281e-01 1.772781e-01 -8.469551e-01 4.996372e-01 4.880759e-01 4.365143e-01 3.802733e-01 -9.998787e-01 -1.612485e-01 -2.318970e-01 -1.293278e-01 -1.414035e-01 2.422124e-01 1.909901e-01 2.802256e-01 3.692760e-01 2.106771e-01 2.499009e-01 2.134509e-02 -8.746545e-02 7.457139e-02 -4.065090e-02 -7.177486e-02 -3.288598e-02 -6.171542e-02 6.575441e-03 2.346027e-02 2.655401e-02 1.193132e-01 5.226747e-02 2.708929e-03 5.454261e-03 -3.001384e-02 5.574667e-02
<VARIANCE> 52
 1.149397e+01 2.800175e+01 2.560794e+01 2.329280e+01 3.852076e+01 4.077305e+01 4.854763e+01 3.654118e+01 7.715736e+01 5.696749e+01 3.305521e+01 5.054435e+01 3.257839e+01 5.765997e-01 1.350651e+00 1.574350e+00 1.571227e+00 2.703012e+00 2.572587e+00 2.515870e+00 2.848907e+00 4.189676e+00 2.195427e+00 2.896128e+00 2.517215e+00 4.352347e-01 1.298359e-01 1.940493e-01 2.514233e-01 2.816218e-01 3.938780e-01 4.515717e-01 5.070491e-01 4.544315e-01 7.164953e-01 4.110766e-01 4.955481e-01 4.317929e-01 8.799099e-02 2.519049e-02 4.238665e-02 5.966220e-02 7.091069e-02 1.085609e-01 1.001196e-01 1.042866e-01 1.119572e-01 1.557124e-01 8.564597e-02 1.227876e-01 1.190609e-01 1.776204e-02
<GCONST> 1.012347e+02
<STATE> 11
<NUMMIXES> 3
<MIXTURE> 1 2.903664e-01
<MEAN> 52
 -3.413817e+00 4.317326e+00 3.817598e+00 6.259972e-01 -5.556428e+00 -4.124347e+00 -6.262611e+00 -7.740578e+00 -6.120773e+00 -2.187968e+00 -4.414496e+00 -3.393581e+00 6.237120e+01 -1.778447e+00 -1.015407e+00 8.071554e-01 -1.079495e+00 -1.010242e+00 -7.630556e-01 1.219098e-01 1.052065e+00 3.218679e-01 -7.683537e-01 1.563028e+00 6.215149e-01 1.727937e+00 1.764453e-01 -2.147592e-01 5.348485e-01 -3.959458e-01 -9.985271e-01 2.115650e-01 -5.703818e-01 -1.751051e-01 -2.996666e-01 1.821097e-01 1.221380e-01 -7.831010e-02 7.005015e-01 2.580833e-01 1.846871e-01 -9.379061e-03 1.635692e-01 9.321093e-02 1.369684e-01 -3.875612e-02 -1.181871e-01 -8.833122e-02 1.079137e-01 -2.367519e-01 -1.207255e-01 -2.870158e-01
<VARIANCE> 52
 3.087523e+01 3.382054e+01 4.259959e+01 3.859125e+01 4.238397e+01 5.056079e+01 5.819934e+01 3.783469e+01 4.024403e+01 4.476014e+01 3.582749e+01 2.479726e+01 5.049302e+01 2.415561e+00 2.343295e+00 4.435707e+00 4.401474e+00 7.258461e+00 4.781516e+00 5.922739e+00 4.527545e+00 4.847973e+00 5.440491e+00 3.114802e+00 2.747050e+00 3.051548e+00 6.448537e-01 5.542512e-01 6.069337e-01 8.135090e-01 1.024714e+00 8.637464e-01 1.028823e+00 9.071355e-01 8.004031e-01 8.660205e-01 7.666153e-01 6.496122e-01 5.233516e-01 9.509325e-02 1.074528e-01 1.984561e-01 1.834230e-01 3.659927e-01 1.734581e-01 2.414039e-01 1.900440e-01 2.084614e-01 2.140203e-01 1.514161e-01 1.185955e-01 1.160292e-01
<GCONST> 1.349202e+02
<MIXTURE> 2 2.734057e-01
<MEAN> 52
 -3.591509e+00 1.507350e+00 -9.128695e-01 -3.190571e+00 -1.566693e+00 -7.477666e-01 -6.509943e+00 -6.686454e+00 -8.765105e+00 -6.427670e+00 -6.395133e+00 -3.816767e+00 5.598264e+01 -1.008567e+00 -8.134214e-01 -4.561660e-01 4.016718e-01 7.933609e-01 1.225433e+00 1.640256e+00 1.350475e+00 1.645566e+00 7.915922e-01 6.365455e-01 3.712405e-01 -8.991861e-01 1.248875e-02 -2.005331e-01 -1.711519e-01 -3.822599e-01 -3.706549e-01 -3.014362e-01 -1.522432e-01 -1.476540e-03 -5.599742e-03 1.804247e-01 3.773920e-02 6.594802e-02 2.082479e-01 8.814169e-02 1.212896e-01 6.632587e-02 -5.349303e-03 -1.375462e-01 -2.456957e-01 -2.637380e-01 -2.495113e-01 -1.895707e-01 -8.511962e-02 -5.285534e-02 -1.932179e-02 4.298345e-02
<VARIANCE> 52
 1.582410e+01 2.870293e+01 3.565829e+01 3.353806e+01 3.058468e+01 5.343785e+01 5.279606e+01 4.822664e+01 4.142621e+01 3.457552e+01 2.812129e+01 2.440204e+01 2.022385e+01 5.381915e-01 1.002918e+00 1.266739e+00 1.544746e+00 1.907084e+00 1.949398e+00 2.638868e+00 2.513794e+00 2.723713e+00 3.450129e+00 1.843464e+00 1.915151e+00 3.206676e-01 1.029929e-01 2.683417e-01 2.285047e-01 2.706059e-01 4.307829e-01 4.071692e-01 5.016446e-01 6.058823e-01 4.809165e-01 4.491149e-01 3.536935e-01 3.467278e-01 7.135414e-02 2.425197e-02 4.165631e-02 5.153916e-02 6.075678e-02 8.737441e-02 7.651300e-02 1.008972e-01 1.018419e-01 9.061862e-02 1.154265e-01 7.185047e-02 6.795773e-02 1.411539e-02
<GCONST> 9.447865e+01
<MIXTURE> 3 4.362279e-01
<MEAN> 52
 -5.118215e+00 -3.170592e-01 -1.525204e+00 -4.888908e+00 -2.384981e+00 4.373258e-01 -4.522872e+00 -4.053796e+00 -3.903042e+00 -1.875230e+00 -3.256176e+00 -2.815523e+00 5.544839e+01 -4.970821e-01 -5.937338e-01 -7.883362e-01 -5.995232e-01 -4.900037e-01 -7.026018e-01 -3.261756e-01 -1.760440e-01 2.162888e-01 2.814541e-01 2.119120e-01 2.429868e-01 -4.214985e-01 1.432363e-01 7.981681e-02 1.153587e-01 7.092312e-02 2.211004e-02 -2.074373e-02 -1.929792e-01 -1.572030e-01 -1.231175e-01 -4.179825e-02 -1.453647e-01 -9.535576e-02 1.580602e-01 6.444882e-03 3.848908e-02 6.636216e-02 1.243622e-01 9.774123e-02 9.483691e-02 7.264976e-02 3.065788e-02 4.743149e-02 -1.433994e-02 -4.839465e-03 -8.021099e-03 -1.495888e-02
<VARIANCE> 52
 2.029452e+01 2.446598e+01 2.552146e+01 3.982824e+01 2.026863e+01 2.372637e+01 4.720942e+01 2.576985e+01 2.378720e+01 2.113050e+01 2.095574e+01 1.756309e+01 1.480173e+01 5.177830e-01 7.855877e-01 9.630301e-01 1.324043e+00 1.540435e+00 1.688488e+00 2.079150e+00 1.880781e+00 1.774722e+00 1.716847e+00 1.643383e+00 1.687364e+00 2.369955e-01 6.743240e-02 1.389386e-01 1.728424e-01 2.629577e-01 3.156470e-01 3.997025e-01 5.194010e-01 3.811454e-01 3.608511e-01 3.904114e-01 2.843821e-01 3.234266e-01 2.940177e-02 1.583303e-02 3.202425e-02 3.452779e-02 4.584825e-02 6.829742e-02 7.522663e-02 9.908477e-02 7.602329e-02 7.878241e-02 8.105095e-02 7.100455e-02 8.289265e-02 1.000000e-02
<GCONST> 8.084784e+01
<TRANSP> 12
 0.000000e+00 1.000000e+00 0.000000e+00 0.000000e+00 0.000000e+00 0.000000e+00 0.000000e+00 0.000000e+00 0.000000e+00 0.000000e+00 0.000000e+00 0.000000e+00
 0.000000e+00 7.936155e-01 2.063845e-01 0.000000e+00 0.000000e+00 0.000000e+00 0.000000e+00 0.000000e+00 0.000000e+00 0.000000e+00 0.000000e+00 0.000000e+00
 0.000000e+00 0.000000e+00 8.473366e-01 1.526634e-01 0.000000e+00 0.000000e+00 0.000000e+00 0.000000e+00 0.000000e+00 0.000000e+00 0.000000e+00 0.000000e+00
 0.000000e+00 0.000000e+00 0.000000e+00 8.222507e-01 1.777494e-01 0.000000e+00 0.000000e+00 0.000000e+00 0.000000e+00 0.000000e+00 0.000000e+00 0.000000e+00
 0.000000e+00 0.000000e+00 0.000000e+00 0.000000e+00 7.282503e-01 2.717498e-01 0.000000e+00 0.000000e+00 0.000000e+00 0.000000e+00 0.000000e+00 0.000000e+00
 0.000000e+00 0.000000e+00 0.000000e+00 0.000000e+00 0.000000e+00 7.788385e-01 2.211615e-01 0.000000e+00 0.000000e+00 0.000000e+00 0.000000e+00 0.000000e+00
 0.000000e+00 0.000000e+00 0.000000e+00 0.000000e+00 0.000000e+00 0.000000e+00 7.266470e-01 2.733530e-01 0.000000e+00 0.000000e+00 0.000000e+00 0.000000e+00
 0.000000e+00 0.000000e+00 0.000000e+00 0.000000e+00 0.000000e+00 0.000000e+00 0.000000e+00 8.132975e-01 1.867025e-01 0.000000e+00 0.000000e+00 0.000000e+00
 0.000000e+00 0.000000e+00 0.000000e+00 0.000000e+00 0.000000e+00 0.000000e+00 0.000000e+00 0.000000e+00 8.334332e-01 1.665668e-01 0.000000e+00 0.000000e+00
 0.000000e+00 0.000000e+00 0.000000e+00 0.000000e+00 0.000000e+00 0.000000e+00 0.000000e+00 0.000000e+00 0.000000e+00 7.826427e-01 2.173573e-01 0.000000e+00
 0.000000e+00 0.000000e+00 0.000000e+00 0.000000e+00 0.000000e+00 0.000000e+00 0.000000e+00 0.000000e+00 0.000000e+00 0.000000e+00 8.113976e-01 1.886024e-01
 0.000000e+00 0.000000e+00 0.000000e+00 0.000000e+00 0.000000e+00 0.000000e+00 0.000000e+00 0.000000e+00 0.000000e+00 0.000000e+00 0.000000e+00 0.000000e+00
<ENDHMM>
