~o
<STREAMINFO> 1 52
<VECSIZE> 52<NULLD><MFCC_D_A_T_0><DIAGC>
~h "lx"
<BEGINHMM>
<NUMSTATES> 12
<STATE> 2
<NUMMIXES> 3
<MIXTURE> 1 3.694307e-01
<MEAN> 52
 -4.022255e+00 1.423457e+00 1.623837e+01 -1.469325e+00 -1.399392e+01 -5.573786e+00 -1.072099e+01 -7.854562e-01 -1.035856e+01 -2.369710e+00 2.864014e+00 -3.157503e-01 7.181434e+01 -2.418140e-01 -5.822816e-01 1.040303e+00 -1.303627e+00 -2.821770e+00 8.161921e-01 -3.157733e-01 6.564088e-01 -5.859540e-01 7.013790e-02 1.792158e+00 -2.854287e-02 1.762595e+00 4.301202e-02 2.748077e-01 -3.076116e-01 -1.375140e-02 4.338155e-01 4.143421e-01 -9.717312e-02 -3.077461e-01 2.212677e-01 1.933138e-02 -2.747142e-01 -3.201045e-01 -5.294598e-01 9.274337e-02 2.025221e-01 -9.047665e-02 1.681330e-01 4.330450e-01 -1.037094e-01 2.235001e-02 -1.519512e-01 3.918814e-02 4.780501e-02 -2.925347e-01 -3.300525e-02 -1.821456e-01
<VARIANCE> 52
 9.991571e+00 2.554225e+01 2.933823e+01 4.477967e+01 4.890848e+01 4.383919e+01 5.449686e+01 5.049055e+01 3.955094e+01 3.594439e+01 3.110128e+01 3.052332e+01 1.594351e+01 1.070063e+00 2.086143e+00 2.314461e+00 3.512253e+00 3.728893e+00 3.614103e+00 4.291324e+00 3.516234e+00 3.176101e+00 2.928430e+00 2.801260e+00 2.764360e+00 1.379565e+00 1.610500e-01 3.359877e-01 3.972813e-01 3.469141e-01 9.871096e-01 4.417934e-01 6.738365e-01 5.106770e-01 4.503049e-01 4.551325e-01 5.866544e-01 3.992924e-01 2.515273e-01 4.770284e-02 8.538272e-02 8.203837e-02 1.197126e-01 1.623803e-01 1.388242e-01 1.809853e-01 1.344032e-01 1.148713e-01 1.364902e-01 1.238144e-01 1.175525e-01 5.345017e-02
<GCONST> 1.134180e+02
<MIXTURE> 2 4.375000e-01
<MEAN> 52
 -4.070257e+00 3.280895e+00 7.195495e+00 9.539844e-01 -2.816560e+00 -4.222518e+00 -9.104445e+00 -4.967165e+00 -5.227500e+00 -3.072044e+00 -4.352824e+00 -2.187958e+00 5.892439e+01 7.997434e-01 5.903546e-01 2.470821e+00 -3.946314e-01 -1.498913e+00 -1.212951e+00 -1.266302e+00 -3.095322e-01 -1.175447e+00 -3.194550e-01 -1.325128e-02 2.058156e-01 2.567991e+00 -3.559133e-01 -5.041898e-01 -1.302596e-02 -6.507141e-01 -6.644586e-01 -3.209787e-02 1.527043e-01 2.755460e-01 -1.385713e-01 1.544223e-01 3.169293e-01 2.255375e-01 4.296169e-01 -8.024567e-02 -4.982622e-02 -2.035166e-01 1.241944e-02 1.036725e-01 2.017209e-01 1.358589e-01 4.764380e-02 1.116589e-01 9.512687e-02 2.268860e-02 -2.820832e-02 -2.199796e-01
<VARIANCE> 52
 2.113875e+01 2.945164e+01 6.427940e+01 3.613620e+01 3.745060e+01 4.280228e+01 5.463488e+01 4.437562e+01 3.432889e+01 4.322075e+01 3.212605e+01 2.081085e+01 3.722844e+01 2.291983e+00 3.381136e+00 4.442049e+00 4.754424e+00 4.449690e+00 3.616835e+00 4.802162e+00 5.286376e+00 3.471510e+00 3.719412e+00 3.872780e+00 2.730382e+00 2.359797e+00 4.123598e-01 5.829884e-01 6.919701e-01 5.309206e-01 6.870254e-01 7.620796e-01 8.973854e-01 9.065443e-01 6.193664e-01 9.087644e-01 5.938508e-01 4.614749e-01 3.014812e-01 1.081582e-01 1.581142e-01 1.738549e-01 1.451495e-01 1.856022e-01 1.550320e-01 2.193595e-01 2.136859e-01 1.517124e-01 1.845668e-01 1.351678e-01 1.285462e-01 8.441813e-02
<GCONST> 1.284317e+02
<MIXTURE> 3 1.930693e-01
<MEAN> 52
 -6.807202e+00 -2.604196e+00 1.107012e+01 -1.813258e+01 -1.502035e+01 -1.184539e+01 -1.417742e+01 -7.677665e+00 -1.262471e+01 -2.174159e-01 -1.190636e+01 -5.235487e-01 6.907590e+01 -5.751696e-01 -1.929452e-01 1.137772e+00 -2.605305e+00 -2.001511e+00 7.537135e-01 -1.018549e-01 -7.034569e-01 -6.753434e-02 2.661768e+00 -1.138072e+00 2.947972e-01 2.365192e+00 -1.378689e-01 2.969978e-01 -6.540076e-01 4.618436e-01 4.430730e-01 7.702196e-01 -1.587612e-01 -9.253225e-02 5.794521e-01 -2.029762e-01 1.053561e-01 4.508323e-02 -6.359555e-01 1.516904e-01 1.631172e-01 -3.943018e-02 2.423936e-01 2.765680e-01 -1.817053e-01 -2.398420e-01 1.741998e-02 -4.058345e-02 -4.875501e-01 5.130327e-02 -3.465091e-02 -2.254495e-01
<VARIANCE> 52
 1.057238e+01 2.264920e+01 3.582593e+01 5.428834e+01 4.981658e+01 2.468269e+01 5.038717e+01 4.733734e+01 2.268522e+01 5.832418e+01 3.557277e+01 3.806855e+01 2.631472e+01 8.301317e-01 2.047522e+00 4.100170e+00 4.293878e+00 3.850454e+00 5.136713e+00 5.260610e+00 2.603487e+00 4.651988e+00 4.361789e+00 2.419636e+00 3.521419e+00 2.910197e+00 2.361513e-01 3.998509e-01 5.446968e-01 6.050441e-01 1.024614e+00 7.861657e-01 1.443776e+00 5.305731e-01 8.103147e-01 1.665128e+00 4.525370e-01 7.077559e-01 3.740568e-01 3.402511e-02 9.198976e-02 1.659138e-01 1.517802e-01 1.535873e-01 2.205299e-01 2.539060e-01 1.396509e-01 2.205739e-01 2.040067e-01 1.033923e-01 1.489186e-01 9.198451e-02
<GCONST> 1.247937e+02
<STATE> 3
<NUMMIXES> 3
<MIXTURE> 1 4.213313e-01
<MEAN> 52
 -3.254439e+00 4.639971e+00 1.383904e+01 -2.080901e+00 -1.769385e+01 -2.597501e+00 -9.186972e+00 -3.870712e+00 -9.031250e+00 -4.058159e+00 6.305818e+00 -3.023813e+00 7.328627e+01 2.268054e-01 8.544028e-01 -7.623913e-01 -6.049167e-01 6.040341e-01 1.041627e+00 6.128867e-02 -1.045596e+00 1.096550e-01 5.330797e-01 -2.542014e-01 -7.679320e-01 -2.238907e-01 3.942122e-02 -1.218154e-02 -2.744683e-01 2.207470e-01 5.692719e-01 -2.314040e-01 1.778257e-01 -1.134608e-01 -6.254856e-02 1.871465e-01 -4.234705e-01 -4.915183e-03 -2.033334e-01 -3.675849e-02 -1.013974e-01 1.202757e-01 5.865180e-02 -2.336472e-01 -1.331541e-01 5.194883e-02 1.381324e-01 -5.917883e-02 -7.214460e-02 1.311341e-01 9.012331e-02 1.263761e-01
<VARIANCE> 52
 8.787528e+00 2.365860e+01 3.837061e+01 2.771285e+01 3.648610e+01 1.177076e+02 8.112560e+01 6.973367e+01 4.961947e+01 4.345972e+01 2.698799e+01 3.402770e+01 1.209360e+01 2.844532e-01 8.095857e-01 1.149087e+00 1.331867e+00 1.941903e+00 2.523700e+00 2.565811e+00 2.339351e+00 2.977923e+00 1.939207e+00 2.303398e+00 1.763607e+00 3.037812e-01 7.892992e-02 1.530851e-01 2.117123e-01 2.418017e-01 4.606710e-01 5.430262e-01 4.593714e-01 4.644789e-01 5.268953e-01 3.843872e-01 4.531757e-01 3.789008e-01 9.147371e-02 1.458850e-02 3.401591e-02 4.080167e-02 4.915145e-02 9.161081e-02 1.055075e-01 9.739666e-02 8.505017e-02 1.196993e-01 8.073988e-02 8.698929e-02 7.387231e-02 1.457622e-02
<GCONST> 9.293855e+01
<MIXTURE> 2 2.912254e-01
<MEAN> 52
 -8.759844e+00 1.724452e+00 1.112736e+01 -2.476480e+01 -1.597457e+01 -5.385768e+00 -1.985475e+01 -1.142863e+01 -9.398808e+00 3.051991e+00 -1.549724e+01 1.692513e-01 7.110611e+01 1.906829e-01 1.303911e+00 -3.925067e-01 -3.849725e-01 1.475134e+00 6.730983e-01 -1.956945e+00 -2.212802e-01 6.469991e-01 -1.006443e+00 -5.598874e-01 3.609998e-01 -4.582091e-01 1.968243e-01 -1.109205e-01 -1.705588e-01 4.051301e-01 3.456837e-01 -4.448186e-01 1.153607e-01 2.140170e-01 -1.588086e-01 -3.798024e-01 1.168363e-01 -1.208639e-01 -2.732598e-01 -3.353885e-02 -1.642172e-01 6.672942e-02 -3.312774e-02 -2.443379e-01 -8.581802e-02 2.514570e-01 -2.543707e-02 -8.922430e-02 2.191957e-01 1.533327e-02 -6.887214e-02 1.597892e-01
<VARIANCE> 52
 5.263664e+00 1.604369e+01 1.224463e+01 3.207635e+01 3.698133e+01 1.703659e+01 3.693039e+01 3.070485e+01 3.027142e+01 3.216119e+01 2.896937e+01 4.470947e+01 2.138552e+01 3.473912e-01 5.005958e-01 9.687452e-01 1.005146e+00 1.410005e+00 1.675860e+00 2.422089e+00 2.344752e+00 2.286333e+00 2.183187e+00 1.119470e+00 1.684633e+00 3.084434e-01 6.506096e-02 2.080529e-01 2.057297e-01 2.460240e-01 4.252061e-01 3.431200e-01 5.502071e-01 3.156859e-01 4.397209e-01 5.132408e-01 2.033768e-01 3.240766e-01 1.098963e-01 1.717445e-02 3.447824e-02 3.939018e-02 4.173073e-02 6.025975e-02 7.736044e-02 9.607350e-02 6.882247e-02 1.041566e-01 1.099393e-01 5.011574e-02 6.195901e-02 2.075568e-02
<GCONST> 8.272844e+01
<MIXTURE> 3 2.874433e-01
<MEAN> 52
 -6.094761e+00 1.180783e-01 2.205455e+01 -1.159143e+01 -1.425769e+01 1.009655e+00 -1.284255e+01 -2.385100e+00 -1.328675e+01 2.610079e+00 3.173802e+00 -2.193778e+00 7.307015e+01 5.259068e-02 8.697343e-01 3.181388e-02 -4.603363e-01 7.759474e-01 8.436220e-01 -4.647995e-01 -9.125651e-01 -4.078687e-01 6.197265e-01 -1.580575e-01 -7.335620e-01 -3.496413e-01 1.450348e-01 2.078909e-01 -4.108970e-01 3.542475e-01 3.476533e-01 -1.999548e-01 9.170153e-02 -1.924926e-01 1.072495e-01 -2.718474e-02 -8.654256e-02 -8.627538e-02 -2.869867e-01 -2.784648e-02 -1.011531e-01 1.035031e-02 -1.309570e-03 -1.463843e-01 -1.053443e-01 8.762524e-02 1.149847e-01 -4.693774e-03 -7.062597e-02 5.806919e-02 1.082084e-01 1.221322e-01
<VARIANCE> 52
 8.391242e+00 2.220842e+01 1.842430e+01 7.863976e+01 2.518069e+01 2.284250e+01 2.275422e+01 2.082242e+01 2.367658e+01 3.772291e+01 1.527350e+01 2.910691e+01 1.069666e+01 2.140772e-01 3.830420e-01 7.530715e-01 6.747001e-01 7.108050e-01 6.116058e-01 1.044963e+00 9.524010e-01 1.008543e+00 7.045807e-01 7.483700e-01 9.167672e-01 2.210009e-01 4.303247e-02 1.678075e-01 1.846403e-01 2.375633e-01 2.207804e-01 1.736004e-01 3.185263e-01 2.390042e-01 1.914085e-01 1.873615e-01 1.900350e-01 1.866403e-01 1.048436e-01 1.191704e-02 2.047114e-02 2.216146e-02 3.624636e-02 2.926604e-02 2.533669e-02 4.781521e-02 4.223536e-02 3.841050e-02 3.934602e-02 3.061924e-02 3.395925e-02 1.160417e-02
<GCONST> 6.011539e+01
<STATE> 4
<NUMMIXES> 3
<MIXTURE> 1 2.955940e-01
<MEAN> 52
 -5.629602e-01 4.783028e+00 6.762157e+00 -2.304839e-01 -1.560495e+01 -3.784009e+00 -8.406467e+00 -5.329358e+00 -1.253366e+01 8.900071e-01 -2.045574e-01 -8.053740e+00 7.048869e+01 -1.413097e-01 6.191570e-01 -5.126946e-01 5.597026e-01 4.539127e-01 -2.250287e-01 7.625759e-01 -4.048929e-01 -2.631359e-01 -6.097201e-02 -6.216349e-01 1.317541e-01 -2.725339e-01 -5.693442e-01 2.643117e-01 2.835665e-01 -1.883519e-01 3.779185e-01 1.090583e-01 3.628555e-02 1.414181e-02 2.991685e-01 -2.544461e-01 -6.794221e-02 4.191930e-01 3.650132e-02 -1.938822e-01 1.266357e-02 -5.080225e-02 -5.604958e-02 1.163150e-01 5.349787e-03 1.294367e-02 4.115427e-02 1.049246e-01 7.362858e-05 5.832358e-02 -1.402946e-02 1.582326e-02
<VARIANCE> 52
 1.171272e+01 1.985754e+01 2.976846e+01 6.369964e+01 2.582818e+01 4.425705e+01 6.877831e+01 9.591557e+01 4.599663e+01 6.056458e+01 9.530996e+01 2.532705e+01 1.708408e+01 1.474119e+00 1.307506e+00 3.014120e+00 2.987623e+00 2.929649e+00 2.874438e+00 3.481524e+00 3.663833e+00 2.799391e+00 3.021797e+00 2.976419e+00 2.672882e+00 5.197086e-01 2.454129e-01 3.008892e-01 3.579642e-01 4.504508e-01 7.078084e-01 5.921777e-01 7.376823e-01 7.434475e-01 5.914673e-01 5.855609e-01 6.964271e-01 4.734257e-01 7.618656e-02 2.938498e-02 6.449755e-02 1.232722e-01 1.150490e-01 1.506648e-01 1.595353e-01 1.796355e-01 1.431694e-01 1.208344e-01 1.298579e-01 1.429998e-01 1.166650e-01 2.164304e-02
<GCONST> 1.134078e+02
<MIXTURE> 2 3.379810e-01
<MEAN> 52
 -4.666192e+00 3.044125e+00 5.784079e+00 -2.008434e+01 -8.550354e+00 -8.654709e+00 -2.459901e+01 -1.077738e+01 -9.830712e+00 -4.377650e+00 -1.974194e+01 1.562554e+00 6.772033e+01 2.945541e-01 1.587813e-01 -6.661878e-01 7.886094e-01 -4.859521e-02 -4.129524e-01 9.773835e-02 -4.094546e-01 -2.900035e-01 -5.581072e-01 1.034945e-01 -3.466496e-01 -4.791857e-01 -2.270805e-01 1.634280e-01 -5.790109e-02 1.685459e-01 -2.388692e-01 1.956509e-02 2.848481e-01 -1.737118e-01 2.108321e-02 -2.839838e-03 2.399863e-01 -1.340785e-01 4.183671e-02 -1.164308e-01 6.236629e-02 -4.811851e-03 4.362496e-02 5.965556e-02 7.431626e-02 1.862993e-02 4.591611e-02 6.689715e-02 -8.200456e-03 2.682745e-02 -5.353339e-03 2.715309e-02
<VARIANCE> 52
 1.098957e+01 1.645040e+01 1.397448e+01 5.644451e+01 4.051226e+01 2.294234e+01 2.413597e+01 5.817929e+01 2.625383e+01 6.292162e+01 3.445605e+01 2.602031e+01 1.669836e+01 5.063815e-01 1.142777e+00 9.118571e-01 1.463168e+00 1.707561e+00 1.389287e+00 2.012418e+00 2.241653e+00 1.934593e+00 2.187808e+00 2.264859e+00 1.879168e+00 1.611695e-01 1.180629e-01 1.918794e-01 1.712486e-01 3.629026e-01 2.931198e-01 2.496368e-01 4.853907e-01 3.254606e-01 3.626869e-01 4.748655e-01 4.932806e-01 3.198932e-01 3.140380e-02 2.218739e-02 3.469288e-02 3.939118e-02 8.862337e-02 5.795269e-02 6.342281e-02 1.263786e-01 9.116388e-02 8.317848e-02 9.956912e-02 1.146892e-01 8.239205e-02 1.000000e-02
<GCONST> 8.667097e+01
<MIXTURE> 3 3.664250e-01
<MEAN> 52
 -3.633138e+00 6.162209e+00 1.470987e+01 -7.448906e+00 -1.124008e+01 2.177523e+00 -1.186864e+01 -8.319112e+00 -9.944727e+00 1.136178e+00 1.990478e+00 -4.232697e+00 7.121736e+01 -1.308085e-01 6.447434e-01 -8.075497e-01 5.759928e-01 5.489941e-01 -8.783251e-01 7.984173e-01 -3.011795e-01 -1.133384e-01 -7.752158e-02 -9.849393e-02 -3.383593e-02 -2.025913e-01 -3.191822e-01 1.863848e-01 -1.046998e-01 3.309599e-01 -5.512195e-02 -4.128557e-01 5.182652e-01 1.696910e-01 7.211979e-02 -1.445290e-01 9.010629e-02 2.131969e-01 4.274963e-02 -1.359610e-01 7.814810e-02 -2.426382e-02 -1.930607e-02 1.103293e-01 1.357981e-01 -1.244508e-02 -7.925048e-03 8.793121e-02 1.451276e-02 -5.435183e-02 4.570735e-03 -9.669620e-03
<VARIANCE> 52
 8.131018e+00 2.634930e+01 3.293007e+01 5.816465e+01 3.450115e+01 3.424414e+01 4.649773e+01 5.268562e+01 6.025451e+01 4.977182e+01 2.365308e+01 3.338062e+01 1.481819e+01 5.742219e-01 8.367828e-01 1.321690e+00 1.704399e+00 1.258097e+00 1.239827e+00 1.691560e+00 1.366208e+00 1.861669e+00 1.416466e+00 1.689968e+00 1.491852e+00 2.079289e-01 1.123528e-01 1.773676e-01 2.165225e-01 2.347353e-01 3.654971e-01 3.155631e-01 2.920191e-01 2.944591e-01 4.538533e-01 2.719118e-01 2.615328e-01 2.390169e-01 3.569373e-02 1.482421e-02 3.793866e-02 4.477890e-02 5.360062e-02 6.798355e-02 5.774103e-02 6.662267e-02 6.907042e-02 7.515208e-02 5.899873e-02 7.112715e-02 5.842104e-02 1.000000e-02
<GCONST> 8.278127e+01
<STATE> 5
<NUMMIXES> 3
<MIXTURE> 1 3.798220e-01
<MEAN> 52
 -7.065638e+00 1.200878e+01 1.026742e+01 -1.642009e+00 -8.541230e+00 -4.176055e+00 -3.541454e+00 -8.423018e+00 -9.694212e+00 -7.949062e-01 1.328079e+00 -2.563191e+00 7.053505e+01 -3.380346e+00 2.330049e+00 -1.374552e+00 1.250329e+00 2.984578e+00 -8.911833e-01 2.499865e+00 1.425792e-01 1.841083e+00 -8.368134e-01 -8.627416e-01 1.300573e+00 -3.146425e-01 -9.237211e-01 -3.940029e-01 -3.986310e-01 -1.017777e-01 2.773989e-01 3.227529e-01 -1.967358e-01 3.372730e-01 2.881230e-01 4.828302e-02 -1.292986e-01 -1.647489e-01 2.414970e-02 2.594371e-01 -4.166691e-01 1.679645e-02 -2.590283e-01 -4.445805e-01 8.888911e-02 -3.364583e-01 -4.078149e-02 -2.533537e-01 1.463875e-01 1.049421e-01 -2.056778e-01 3.585492e-02
<VARIANCE> 52
 1.457496e+01 2.024095e+01 2.482254e+01 4.255859e+01 3.725927e+01 3.666800e+01 5.388002e+01 4.176403e+01 3.716200e+01 3.501046e+01 3.206580e+01 3.183657e+01 1.654582e+01 1.804689e+00 1.935637e+00 3.094670e+00 3.524834e+00 3.818482e+00 3.304960e+00 3.178211e+00 4.311726e+00 3.915726e+00 3.630979e+00 2.780271e+00 2.668002e+00 4.546139e-01 2.162123e-01 4.486620e-01 3.448958e-01 4.093704e-01 7.071840e-01 4.416387e-01 6.596778e-01 5.258043e-01 5.482468e-01 4.511974e-01 4.777471e-01 4.325763e-01 7.499865e-02 6.731442e-02 6.278075e-02 8.911259e-02 8.752531e-02 1.484759e-01 1.295130e-01 1.277424e-01 1.500103e-01 1.466226e-01 1.338266e-01 1.116876e-01 9.730949e-02 1.594221e-02
<GCONST> 1.098316e+02
<MIXTURE> 2 4.213650e-01
<MEAN> 52
 -1.961448e+01 1.446763e+01 4.677618e+00 5.080076e-01 -1.155195e+00 -3.195710e+00 -1.034989e+00 -7.202223e+00 -4.953584e+00 -3.966088e+00 -3.251473e+00 -2.158383e+00 6.954961e+01 -4.407206e+00 -6.437442e-01 -1.818941e+00 1.905263e-01 1.714553e+00 7.815791e-01 1.369649e+00 1.365722e+00 1.573695e+00 4.638598e-01 9.363431e-02 2.912245e-01 1.042037e-01 5.034413e-01 -8.573730e-01 -1.126566e-01 -8.793248e-01 -9.508564e-01 -6.878462e-02 -7.679909e-01 -1.373025e-01 -3.027638e-01 3.128785e-01 1.511051e-01 -6.301770e-02 1.334761e-03 4.865820e-01 1.818036e-01 1.936586e-01 -2.647078e-03 -2.130703e-01 -2.054327e-01 -8.211047e-02 -2.370154e-01 -1.877550e-01 -1.116279e-01 1.012310e-02 1.979174e-03 -3.170017e-02
<VARIANCE> 52
 2.458429e+01 1.933516e+01 3.898758e+01 3.748135e+01 3.043931e+01 2.704438e+01 4.213793e+01 3.533439e+01 2.800329e+01 3.121158e+01 3.134699e+01 2.401504e+01 1.842398e+01 1.886356e+00 2.022767e+00 2.184411e+00 2.668388e+00 2.786807e+00 2.772398e+00 3.900040e+00 2.669760e+00 2.524379e+00 2.966248e+00 3.252085e+00 2.450187e+00 4.917673e-01 3.114435e-01 3.555840e-01 3.789717e-01 3.979315e-01 6.006478e-01 5.192554e-01 4.734269e-01 4.750814e-01 5.970982e-01 5.413235e-01 5.652460e-01 5.422068e-01 7.948135e-02 6.138343e-02 7.124744e-02 8.808915e-02 8.565888e-02 1.352863e-01 1.002054e-01 1.361921e-01 9.375090e-02 1.105250e-01 1.226915e-01 1.117817e-01 1.206485e-01 1.765885e-02
<GCONST> 1.070013e+02
<MIXTURE> 3 1.988131e-01
<MEAN> 52
 -9.906203e+00 1.081027e+01 1.685476e+00 -1.328033e+01 -1.194236e+01 -9.682886e+00 -2.043305e+01 -1.763103e+01 -1.034737e+01 -9.585710e+00 -1.321094e+01 -4.238841e+00 6.588649e+01 -3.782956e+00 1.704288e+00 -1.073613e+00 3.317182e+00 7.324600e-01 2.836275e-01 3.262831e+00 3.911484e-01 1.058743e+00 -7.782663e-01 2.246785e+00 -1.293205e+00 3.670877e-01 -7.991365e-01 -4.991293e-01 -5.982744e-02 2.834179e-01 6.331180e-01 5.277392e-01 7.282623e-01 8.510178e-01 4.917748e-01 6.761163e-01 1.609115e-01 2.641952e-01 2.447944e-01 3.406783e-01 -2.556435e-01 3.765571e-02 -4.613088e-01 -5.278200e-02 5.419131e-02 -3.709747e-01 -8.645312e-03 -6.706434e-02 2.043840e-01 -2.264663e-01 2.545477e-01 -5.592176e-02
<VARIANCE> 52
 3.135689e+01 2.252410e+01 2.348061e+01 6.361834e+01 2.369311e+01 3.397329e+01 3.668940e+01 4.296695e+01 1.979838e+01 3.210972e+01 3.207745e+01 4.127221e+01 2.366094e+01 2.310379e+00 2.083998e+00 1.891035e+00 4.414425e+00 5.519850e+00 5.038185e+00 3.590361e+00 3.396696e+00 2.335654e+00 4.729562e+00 3.600725e+00 3.345566e+00 5.502506e-01 4.096838e-01 4.202203e-01 3.206324e-01 1.021646e+00 5.375124e-01 5.515557e-01 7.803857e-01 3.897792e-01 4.000427e-01 5.991876e-01 7.845665e-01 8.829585e-01 8.456501e-02 9.863468e-02 8.011316e-02 6.836484e-02 1.453172e-01 2.158355e-01 1.891030e-01 1.772566e-01 1.504870e-01 1.127996e-01 1.809253e-01 1.772501e-01 1.299645e-01 2.002047e-02
<GCONST> 1.167173e+02
<STATE> 6
<NUMMIXES> 3
<MIXTURE> 1 2.483475e-01
<MEAN> 52
 -2.658817e+01 1.053729e+01 -1.030975e+00 -2.464806e+00 -2.565352e+00 -4.703023e+00 -5.718988e-01 -6.231052e+00 -2.718194e+00 -1.873519e+00 -1.398089e+00 -1.225556e+00 6.961604e+01 -2.185141e+00 -1.694118e+00 -1.832083e+00 -1.901855e+00 -1.046479e+00 -5.968149e-01 -4.780679e-01 -2.417887e-01 2.969023e-01 4.825441e-01 2.976421e-01 3.608531e-01 5.456087e-02 1.086311e+00 2.460257e-02 5.840429e-01 -9.461568e-02 -3.776942e-01 -9.662228e-02 -2.845029e-01 -2.079499e-01 -3.986817e-01 -4.093864e-02 1.628385e-02 -4.442493e-02 -1.465026e-02 1.013756e-01 3.483725e-01 2.824562e-01 4.063306e-01 3.581017e-01 1.010876e-01 2.287066e-01 9.808030e-02 8.555879e-02 -1.254659e-01 -8.726878e-02 -2.022881e-02 -8.123941e-03
<VARIANCE> 52
 1.096086e+01 2.116762e+01 3.581645e+01 3.345714e+01 2.510920e+01 3.226865e+01 4.346577e+01 4.254805e+01 2.713061e+01 3.261585e+01 2.995490e+01 2.518977e+01 1.526257e+01 1.507833e+00 8.950970e-01 1.485760e+00 1.105667e+00 1.493818e+00 1.803817e+00 1.978682e+00 1.760108e+00 2.177410e+00 1.992878e+00 2.174376e+00 1.859334e+00 2.339139e-01 1.653208e-01 3.319114e-01 4.133236e-01 4.446601e-01 5.222991e-01 4.815117e-01 5.547221e-01 3.987452e-01 4.494334e-01 4.272749e-01 4.114080e-01 4.130536e-01 6.322534e-02 5.900186e-02 4.877215e-02 5.713960e-02 4.894894e-02 7.393633e-02 9.595747e-02 1.046936e-01 8.152570e-02 1.138904e-01 9.677078e-02 1.047307e-01 1.020470e-01 1.159082e-02
<GCONST> 9.429376e+01
<MIXTURE> 2 6.170916e-01
<MEAN> 52
 -2.975863e+01 8.384944e+00 -2.350221e+00 -6.569046e+00 -3.117987e+00 -4.346582e+00 -2.995179e+00 -5.447251e+00 -3.103859e+00 -7.287291e-01 -1.998850e+00 -1.081747e+00 6.912954e+01 -9.913766e-02 -5.028329e-01 2.926959e-01 -2.792345e-01 5.718567e-02 2.092262e-01 1.707613e-01 3.077841e-01 1.290452e-01 1.673918e-01 2.669807e-02 9.351843e-02 -1.669458e-01 6.957083e-01 1.910860e-01 5.610143e-01 1.522727e-01 -1.524565e-01 -1.187472e-01 -2.551385e-01 -2.221988e-01 -2.578440e-01 -2.230856e-01 -1.161821e-01 -7.606969e-02 -1.502748e-03 2.493289e-02 -1.035817e-02 2.334090e-02 -5.374390e-03 -9.210461e-02 -6.871158e-02 -1.210456e-01 -7.750915e-02 -6.533433e-02 -5.010766e-02 9.579583e-03 8.839060e-03 6.489302e-02
<VARIANCE> 52
 8.219669e+00 1.580306e+01 3.428402e+01 2.188175e+01 1.600412e+01 3.067666e+01 4.057783e+01 3.295424e+01 2.742636e+01 2.283522e+01 2.503370e+01 1.580857e+01 1.717878e+01 7.636316e-01 6.507788e-01 1.280223e+00 1.062000e+00 1.361201e+00 1.530592e+00 1.653117e+00 1.786354e+00 1.945804e+00 2.079374e+00 1.749130e+00 1.547441e+00 2.075921e-01 2.690896e-01 1.839451e-01 3.083577e-01 3.264130e-01 3.872373e-01 4.151326e-01 4.435689e-01 4.691877e-01 4.445317e-01 4.081225e-01 3.835191e-01 3.278355e-01 4.526236e-02 4.751920e-02 3.366185e-02 4.838343e-02 5.271468e-02 8.026750e-02 9.297352e-02 1.014524e-01 8.596650e-02 1.083914e-01 1.014072e-01 9.555791e-02 8.691101e-02 1.264534e-02
<GCONST> 8.666522e+01
<MIXTURE> 3 1.345609e-01
<MEAN> 52
 -2.377535e+01 8.277218e+00 -7.055257e-01 -1.033271e+01 -9.978288e+00 -6.309706e+00 -9.712398e+00 -1.290640e+01 -5.660322e+00 -3.273730e+00 -4.520267e+00 -1.668487e+00 6.684143e+01 3.470420e+00 -1.686402e-01 2.022735e+00 -2.521474e+00 -2.721888e+00 -2.244541e+00 -3.559229e+00 -3.225567e+00 -2.900838e+00 -1.613311e+00 -2.229487e+00 -5.173907e-01 6.906729e-01 6.163803e-02 -4.615678e-01 2.970739e-01 -4.958447e-01 2.582582e-01 1.556073e-01 -5.923081e-02 2.340966e-01 -1.331090e-01 -2.448116e-02 -6.154195e-01 -1.009113e-01 3.505325e-01 -4.755620e-01 -8.450396e-02 -1.600011e-01 2.137836e-01 4.502404e-01 3.447434e-01 4.983534e-01 5.152941e-01 3.956671e-01 2.683799e-01 2.557707e-01 9.083009e-02 -8.572787e-02
<VARIANCE> 52
 4.366603e+01 1.863683e+01 2.930873e+01 2.506555e+01 4.506066e+01 5.149098e+01 7.394899e+01 6.435139e+01 4.765617e+01 3.143924e+01 2.994662e+01 2.077137e+01 2.399541e+01 1.145367e+00 1.490448e+00 1.711023e+00 2.408051e+00 2.015393e+00 3.043250e+00 3.930065e+00 2.268571e+00 2.483587e+00 2.131582e+00 3.091264e+00 2.985568e+00 7.253683e-01 8.662090e-01 2.544619e-01 3.497519e-01 4.252280e-01 1.006297e+00 9.422203e-01 1.323310e+00 1.303360e+00 9.240330e-01 6.642565e-01 5.435951e-01 3.813049e-01 8.907761e-02 4.459343e-02 7.215347e-02 6.993359e-02 9.315188e-02 8.995303e-02 1.321265e-01 1.417725e-01 1.117239e-01 1.049624e-01 8.887343e-02 1.312938e-01 9.799808e-02 3.131099e-02
<GCONST> 1.122826e+02
<STATE> 7
<NUMMIXES> 3
<MIXTURE> 1 1.894374e-01
<MEAN> 52
 -1.154513e+01 3.626450e+00 1.548754e+01 -2.668464e+00 -1.224671e+01 -9.348667e+00 -1.120445e+01 -8.217182e+00 -1.019397e+01 -5.448862e+00 2.005984e-01 6.893307e-01 7.444909e+01 3.577281e+00 -2.685926e+00 3.636659e+00 1.977254e-01 -3.073857e+00 -1.150869e-01 -3.348983e+00 -4.785373e-01 -1.483497e+00 -1.705705e+00 1.196703e+00 8.296752e-01 1.687258e+00 -1.057343e+00 -8.084689e-02 -7.050495e-01 -4.807498e-01 3.151204e-01 4.498999e-01 3.163087e-01 3.053752e-01 1.439034e-01 2.742382e-01 1.299284e-01 -8.545109e-02 -2.204529e-01 -3.756273e-01 3.606632e-01 -3.862262e-01 -2.982158e-02 3.923528e-01 3.323731e-02 4.583651e-01 1.111142e-01 1.621226e-01 2.427627e-01 -1.844404e-01 -1.774940e-01 -2.696714e-01
<VARIANCE> 52
 1.372625e+01 3.472335e+01 2.118338e+01 2.662222e+01 2.077043e+01 1.893707e+01 2.966865e+01 2.113549e+01 2.256990e+01 1.908822e+01 1.141319e+01 1.351185e+01 7.601990e+00 2.352732e+00 1.348003e+00 3.325986e+00 1.830354e+00 2.005738e+00 2.827056e+00 1.087306e+00 2.398470e+00 2.000695e+00 1.843584e+00 1.362114e+00 1.738765e+00 6.513888e-01 2.511348e-01 5.591469e-01 3.747008e-01 1.692433e-01 3.760565e-01 3.666482e-01 3.233981e-01 2.486368e-01 2.554719e-01 2.577727e-01 1.778840e-01 2.390465e-01 1.359436e-01 9.439941e-02 4.569871e-02 8.342599e-02 4.917972e-02 7.959294e-02 1.029668e-01 4.310447e-02 6.901294e-02 7.038865e-02 6.999836e-02 5.890309e-02 7.084554e-02 2.237820e-02
<GCONST> 8.776021e+01
<MIXTURE> 2 5.223880e-01
<MEAN> 52
 -2.512258e+01 7.055361e+00 4.119974e+00 -4.999415e+00 -2.741594e+00 -4.350269e+00 -8.110508e-01 -4.842047e+00 -4.038171e+00 -1.677483e+00 -2.214537e+00 -1.166230e+00 6.908242e+01 4.012475e+00 4.013342e-01 3.621439e+00 1.173787e+00 -1.304202e+00 -7.593726e-01 -1.986102e+00 -8.321708e-01 -1.481797e+00 -1.088038e+00 9.031322e-02 -1.363163e-01 5.805740e-01 1.005553e+00 -1.548090e-01 6.517482e-01 2.158832e-01 -7.865505e-01 -1.318145e-01 -9.288446e-01 -2.970377e-01 -4.858157e-01 -2.920417e-01 3.751566e-01 6.595532e-02 4.417450e-01 -5.506673e-01 -2.720843e-01 -4.631137e-01 -2.797576e-01 1.225854e-02 1.661193e-01 1.371327e-01 1.559144e-01 1.753515e-01 1.491174e-01 6.426217e-02 1.392090e-02 -4.639551e-02
<VARIANCE> 52
 1.985188e+01 2.165277e+01 3.799285e+01 2.115127e+01 2.024311e+01 2.717322e+01 3.278902e+01 2.873280e+01 2.681885e+01 2.275438e+01 1.980297e+01 1.792778e+01 1.110804e+01 2.289012e+00 2.612539e+00 2.490033e+00 1.846793e+00 2.896117e+00 2.292094e+00 2.319751e+00 2.019517e+00 2.154250e+00 1.768520e+00 1.894235e+00 1.485881e+00 6.258358e-01 3.848196e-01 3.703352e-01 5.068309e-01 3.339966e-01 3.721748e-01 5.014842e-01 3.740009e-01 3.139132e-01 5.398288e-01 4.392867e-01 4.033601e-01 4.100642e-01 7.368673e-02 7.192939e-02 7.964410e-02 7.202442e-02 5.415213e-02 1.379389e-01 8.854976e-02 1.081102e-01 8.181842e-02 8.552516e-02 8.079422e-02 9.049327e-02 7.460563e-02 2.493586e-02
<GCONST> 9.793126e+01
<MIXTURE> 3 2.881745e-01
<MEAN> 52
 -1.650749e+01 2.851606e+00 7.316947e+00 -2.096750e+01 -1.181941e+01 -1.005387e+01 -1.674049e+01 -1.851459e+01 -1.225344e+01 -6.674993e+00 -1.483135e+01 -2.426016e+00 7.110623e+01 2.384889e-01 -1.361660e+00 1.853531e+00 -2.119341e+00 1.127817e+00 1.126152e-01 -4.297284e-01 4.778543e-01 -5.551810e-01 2.397999e-01 -1.705319e+00 1.326798e-01 7.337202e-01 -6.374232e-01 3.117444e-01 -4.553210e-01 5.913237e-01 3.875369e-01 3.060695e-01 5.501612e-01 4.907808e-01 5.497205e-01 3.496554e-01 6.544933e-01 1.868743e-01 -2.115591e-01 2.200867e-01 1.794730e-01 -1.196004e-01 1.069675e-01 -3.375275e-01 -1.794692e-01 -1.875162e-01 -2.884605e-01 -9.280314e-02 -1.404113e-01 8.663078e-02 -3.430691e-02 -5.811206e-02
<VARIANCE> 52
 6.844284e+00 1.149152e+01 2.136578e+01 2.282197e+01 2.387115e+01 1.342812e+01 2.435905e+01 3.908870e+01 2.361590e+01 1.557331e+01 2.220311e+01 4.152623e+01 1.576933e+01 1.001328e+00 1.499853e+00 1.869566e+00 2.131584e+00 1.885487e+00 2.212504e+00 2.442508e+00 1.687807e+00 1.119488e+00 1.632786e+00 2.033295e+00 1.723183e+00 2.551638e-01 2.649761e-01 1.669759e-01 3.039875e-01 2.760224e-01 6.274377e-01 3.647692e-01 5.754212e-01 4.361669e-01 2.863287e-01 2.953846e-01 2.339658e-01 3.099101e-01 4.187038e-02 3.755955e-02 6.592660e-02 6.808697e-02 8.314846e-02 6.767743e-02 7.338803e-02 9.076636e-02 7.583378e-02 5.252711e-02 6.017726e-02 8.453223e-02 5.373203e-02 1.331827e-02
<GCONST> 8.572115e+01
<STATE> 8
<NUMMIXES> 3
<MIXTURE> 1 3.012552e-01
<MEAN> 52
 -8.446775e+00 1.474360e+00 1.905664e+01 -5.086894e+00 -1.555262e+01 -4.386857e+00 -1.712570e+01 -6.624088e+00 -1.308212e+01 -5.718627e+00 1.843245e+00 -1.506758e+00 7.413065e+01 5.124884e-01 -8.085840e-01 6.396717e-01 -4.231885e-01 -9.022976e-01 8.508850e-01 -1.199649e+00 4.888111e-01 -4.854459e-01 -2.606530e-02 7.090564e-01 -4.619504e-01 2.156897e-01 -6.541917e-01 4.800554e-01 -7.403882e-01 6.355184e-02 6.738364e-01 -1.153028e-01 8.845096e-01 4.049213e-02 4.327520e-01 2.167693e-01 -2.581147e-01 -9.387479e-02 -3.324953e-01 3.020080e-01 6.555575e-02 1.987123e-01 1.261233e-01 -4.648130e-02 -1.669459e-01 -4.207427e-02 -1.231697e-01 -5.877782e-02 -7.310814e-02 -8.814053e-02 5.158579e-02 1.956399e-02
<VARIANCE> 52
 1.169697e+01 2.270686e+01 2.384662e+01 4.749409e+01 2.009237e+01 3.705122e+01 3.041653e+01 5.300181e+01 3.508144e+01 4.818674e+01 2.687468e+01 2.738844e+01 1.142719e+01 3.359909e-01 7.347200e-01 1.052653e+00 1.203923e+00 1.358096e+00 1.379412e+00 1.636165e+00 1.179480e+00 1.179192e+00 1.457084e+00 1.099668e+00 1.208675e+00 1.679866e-01 2.296892e-01 1.306748e-01 2.120000e-01 2.222523e-01 2.862966e-01 3.302750e-01 2.864574e-01 3.367735e-01 2.809263e-01 3.048540e-01 2.366998e-01 3.018789e-01 6.188262e-02 1.921424e-02 5.319268e-02 3.232413e-02 3.764342e-02 7.147072e-02 5.297013e-02 7.439088e-02 5.159855e-02 5.459104e-02 5.025534e-02 5.291683e-02 5.199929e-02 1.674649e-02
<GCONST> 7.805955e+01
<MIXTURE> 2 4.867503e-01
<MEAN> 52
 -1.779512e+01 2.105429e+00 1.019879e+01 -2.738550e+01 -7.586663e+00 -1.119236e+01 -1.616371e+01 -1.639051e+01 -1.020268e+01 -4.642717e+00 -1.854665e+01 -8.806011e-01 7.301563e+01 1.458236e-01 -7.554220e-02 4.713710e-02 -1.660615e-01 -6.882076e-02 5.831485e-02 -4.119013e-02 1.146175e-01 6.734732e-02 1.697676e-01 -9.446793e-02 -2.364037e-02 -1.184051e-01 4.955851e-02 1.642753e-02 -6.965492e-02 1.090406e-01 -9.327002e-02 3.426493e-02 -2.250800e-03 -2.727983e-02 2.335200e-02 -3.283632e-02 6.548645e-02 -2.614624e-02 -7.607006e-02 1.458092e-02 -1.306619e-02 2.231532e-02 -2.964401e-02 9.833853e-03 -6.054301e-03 -2.238912e-03 9.443076e-04 -1.311458e-02 -1.510467e-02 -2.458383e-02 5.117598e-03 1.736840e-03
<VARIANCE> 52
 9.224855e+00 7.830606e+00 1.171998e+01 1.785618e+01 8.832593e+00 1.538902e+01 2.441020e+01 1.913772e+01 1.914521e+01 1.861664e+01 1.785162e+01 7.916502e+00 4.742150e+00 1.118675e-01 1.778776e-01 3.005498e-01 4.644188e-01 4.249201e-01 5.209908e-01 6.740353e-01 6.518510e-01 5.125607e-01 5.076644e-01 6.101252e-01 3.640231e-01 1.029415e-01 2.153290e-02 3.668448e-02 5.731734e-02 9.602581e-02 8.692235e-02 9.597861e-02 1.357621e-01 1.198022e-01 1.005407e-01 1.050881e-01 1.185543e-01 6.810334e-02 1.000000e-02 1.000000e-02 1.091560e-02 1.686272e-02 2.726059e-02 2.028884e-02 2.389654e-02 3.211524e-02 2.877582e-02 2.393390e-02 2.440019e-02 3.227870e-02 1.577952e-02 1.000000e-02
<GCONST> 2.900994e+01
<MIXTURE> 3 2.119944e-01
<MEAN> 52
 -1.122005e+01 8.600092e+00 1.454902e+01 -1.752055e+00 -1.009545e+01 -6.258281e+00 -8.848451e+00 -9.346494e+00 -9.052065e+00 -5.719864e+00 -1.242330e-01 -1.632354e+00 7.222726e+01 3.740313e+00 -1.099985e+00 2.937854e+00 7.874297e-02 -3.352549e+00 1.123781e-01 -3.486898e+00 -5.831825e-01 -1.879332e+00 -6.191092e-01 1.381866e+00 -3.442569e-01 1.108077e+00 -9.015727e-01 -4.922064e-01 -8.487231e-01 -3.421176e-01 5.569995e-02 4.191998e-01 2.937966e-01 4.115499e-01 3.387102e-01 3.200786e-01 1.156239e-01 -1.197620e-01 -1.204337e-01 -4.359862e-01 1.554057e-01 -2.912279e-01 7.142509e-03 4.748151e-01 -8.976468e-03 4.798827e-01 9.887244e-02 2.251819e-01 6.562736e-02 -2.345744e-01 8.309525e-03 -1.825943e-01
<VARIANCE> 52
 1.560409e+01 2.351343e+01 2.170529e+01 2.134052e+01 4.374307e+01 3.322928e+01 4.193575e+01 3.862341e+01 2.989171e+01 3.435291e+01 2.351232e+01 2.071607e+01 1.384156e+01 2.393793e+00 1.806607e+00 3.379309e+00 2.784022e+00 2.347502e+00 3.562579e+00 3.069520e+00 3.052681e+00 4.233026e+00 3.370784e+00 2.513878e+00 2.240038e+00 4.915047e-01 3.302142e-01 2.596483e-01 3.000486e-01 2.039366e-01 6.364886e-01 3.785117e-01 5.808848e-01 3.811826e-01 3.769131e-01 3.538171e-01 4.821885e-01 2.865896e-01 8.285699e-02 1.041454e-01 5.737900e-02 1.129921e-01 7.913791e-02 8.427548e-02 1.377498e-01 1.125455e-01 1.113467e-01 1.401538e-01 1.103711e-01 1.107138e-01 9.276354e-02 1.940540e-02
<GCONST> 1.037506e+02
<STATE> 9
<NUMMIXES> 3
<MIXTURE> 1 3.279483e-01
<MEAN> 52
 -7.870012e+00 5.283310e+00 1.453264e+01 -2.602337e+00 -1.502430e+01 -6.775764e+00 -1.422317e+01 -9.331733e+00 -1.061473e+01 -7.678165e+00 2.134812e+00 -2.350622e+00 7.321494e+01 3.779052e-01 -2.830294e-01 6.764482e-03 1.213086e-01 -3.999079e-01 -9.789675e-02 5.502598e-02 2.882367e-01 1.156553e-01 2.258042e-02 3.833158e-03 -2.403015e-01 -2.174394e-01 -4.751288e-02 6.227222e-02 -1.138582e-01 1.274377e-01 3.152231e-01 -8.658396e-02 2.489635e-01 1.095431e-01 6.217795e-02 1.530061e-01 -2.668087e-01 1.974974e-02 -2.055637e-01 7.890902e-02 1.710019e-02 9.015984e-03 2.291033e-02 4.670068e-02 2.592421e-02 -5.976484e-02 -3.140569e-02 -2.959064e-02 -5.448794e-03 -1.807192e-02 3.614420e-02 -2.894446e-02
<VARIANCE> 52
 1.285550e+01 2.575306e+01 3.646648e+01 4.284605e+01 6.723225e+01 9.421738e+01 5.782888e+01 4.087109e+01 5.415893e+01 4.475653e+01 3.714211e+01 3.461305e+01 1.444940e+01 3.814782e-01 6.276227e-01 8.903960e-01 9.789966e-01 1.274230e+00 1.347968e+00 1.459350e+00 1.285365e+00 1.097330e+00 1.325144e+00 1.130399e+00 8.604625e-01 2.314536e-01 1.304488e-01 1.330458e-01 1.593117e-01 2.133886e-01 4.083459e-01 2.713014e-01 3.708868e-01 2.265238e-01 2.724956e-01 2.275015e-01 3.067758e-01 1.944966e-01 8.318271e-02 2.262260e-02 2.535932e-02 4.451936e-02 4.420400e-02 7.527273e-02 5.420904e-02 8.196489e-02 6.011128e-02 4.908023e-02 5.094949e-02 5.545346e-02 3.993599e-02 1.155194e-02
<GCONST> 8.008456e+01
<MIXTURE> 2 2.164782e-01
<MEAN> 52
 -1.256779e+01 5.120440e-01 1.024422e+01 -2.470754e+01 -1.345559e+01 -6.843122e+00 -1.907367e+01 -1.257483e+01 -1.191181e+01 -4.730611e+00 -1.617109e+01 -5.426939e+00 6.773705e+01 4.693655e-01 5.728364e-02 -3.468665e-01 1.311904e-01 -2.766000e-01 1.670317e-01 -3.463133e-02 8.555882e-02 2.373424e-01 -2.325154e-01 -5.949083e-02 1.057512e-01 -5.784628e-01 6.879389e-02 7.518273e-02 -1.060737e-01 2.124560e-01 -1.730785e-02 -8.676423e-02 1.068863e-02 -4.811305e-02 -2.153178e-02 -2.021131e-02 6.720836e-02 7.431164e-02 -1.319316e-01 -4.305288e-05 -1.260243e-02 1.471391e-02 5.727094e-02 3.831714e-02 -1.029592e-02 -3.834326e-04 2.417023e-02 -2.866402e-02 1.406820e-02 3.379624e-02 -1.376633e-02 -8.973805e-03
<VARIANCE> 52
 1.125902e+01 1.722000e+01 1.451062e+01 1.636108e+01 2.586737e+01 2.105589e+01 4.486266e+01 2.944559e+01 1.674467e+01 1.799970e+01 2.069773e+01 3.003247e+01 2.228599e+01 2.000118e-01 3.442673e-01 4.817220e-01 9.855872e-01 6.541361e-01 7.256745e-01 9.412933e-01 8.490171e-01 8.008835e-01 1.082113e+00 9.077747e-01 5.285475e-01 2.397031e-01 3.519163e-02 5.820159e-02 1.029395e-01 1.877771e-01 1.140610e-01 1.587675e-01 1.789338e-01 1.574432e-01 1.369497e-01 1.923434e-01 1.940725e-01 1.074635e-01 2.595939e-02 1.000000e-02 1.372472e-02 1.938791e-02 3.465940e-02 3.131764e-02 3.353309e-02 5.566059e-02 3.741390e-02 3.401558e-02 4.480822e-02 4.783139e-02 2.590336e-02 1.000000e-02
<GCONST> 5.244933e+01
<MIXTURE> 3 4.555735e-01
<MEAN> 52
 -7.841078e+00 6.713286e-01 2.091286e+01 -7.314987e+00 -1.651009e+01 -4.633682e+00 -1.690023e+01 -7.321921e+00 -1.397511e+01 -5.153658e+00 3.736217e+00 -1.773356e+00 7.423048e+01 1.513230e-01 6.907493e-02 7.637451e-02 -1.329488e-01 -1.501796e-01 1.667571e-01 3.255506e-02 1.367651e-02 -9.359947e-02 1.734117e-01 1.170841e-01 -1.622377e-01 -2.374057e-01 1.055152e-02 5.611873e-02 -1.004711e-01 7.580264e-02 5.273854e-02 -8.604462e-02 1.187424e-01 -2.680744e-02 3.954465e-02 3.215196e-02 -3.761770e-02 1.195781e-02 -6.628633e-02 3.965616e-02 -2.762387e-02 1.996322e-02 9.485447e-03 -1.161638e-02 -2.111018e-04 -2.477640e-02 1.290620e-02 -7.359930e-03 -6.529136e-03 -5.040882e-03 -2.350560e-03 -5.555002e-03
<VARIANCE> 52
 1.082993e+01 2.602048e+01 2.062082e+01 4.771776e+01 2.353963e+01 3.859768e+01 1.968686e+01 3.962737e+01 4.227187e+01 5.254895e+01 2.011382e+01 1.533148e+01 8.705353e+00 5.321334e-02 1.444785e-01 2.552779e-01 3.062345e-01 3.796116e-01 3.975306e-01 4.969843e-01 3.681884e-01 3.644014e-01 4.698249e-01 3.826663e-01 3.546163e-01 6.840589e-02 1.214776e-02 2.518722e-02 4.115546e-02 6.249224e-02 5.838087e-02 6.561045e-02 9.323960e-02 7.739108e-02 7.639967e-02 1.090818e-01 7.082824e-02 6.717623e-02 1.004414e-02 1.000000e-02 1.000000e-02 1.267554e-02 1.288181e-02 1.934570e-02 1.717516e-02 2.812145e-02 1.776578e-02 2.099545e-02 2.213972e-02 1.795191e-02 1.534195e-02 1.000000e-02
<GCONST> 2.641861e+01
<STATE> 10
<NUMMIXES> 3
<MIXTURE> 1 3.963012e-01
<MEAN> 52
 -5.315281e+00 2.372882e+00 1.816636e+01 -4.685288e+00 -1.549952e+01 -4.538303e+00 -1.477811e+01 -5.327343e+00 -1.196307e+01 -2.049232e+00 2.065713e+00 -2.837095e+00 6.959164e+01 3.063088e-01 5.840678e-01 -1.038744e+00 7.196195e-01 9.027544e-01 3.599641e-02 9.304537e-01 -1.356655e-01 4.496146e-01 4.994695e-01 -6.948051e-01 -1.016755e-01 -1.195583e+00 -1.000937e-02 4.182267e-02 -2.167291e-01 1.750433e-01 2.918757e-01 7.293653e-02 2.237557e-01 -1.608516e-02 1.695350e-01 -1.104388e-01 -1.125540e-01 5.089225e-02 -2.261790e-01 -3.810217e-02 -1.011594e-01 4.065819e-02 -7.772662e-02 -4.242022e-02 1.744000e-02 -6.998735e-02 3.306292e-02 2.415720e-03 -5.540836e-02 7.106651e-02 6.655476e-03 4.452185e-02
<VARIANCE> 52
 8.200437e+00 2.547585e+01 2.276241e+01 5.953081e+01 3.032706e+01 6.384846e+01 5.861576e+01 4.733138e+01 5.582883e+01 4.738766e+01 2.023503e+01 2.344926e+01 1.884352e+01 2.740631e-01 8.609002e-01 8.069576e-01 1.424958e+00 1.071963e+00 1.613853e+00 2.613008e+00 1.545230e+00 1.531345e+00 1.608477e+00 1.148362e+00 1.176553e+00 3.602611e-01 5.323099e-02 1.584422e-01 1.950932e-01 3.086996e-01 3.003815e-01 2.545878e-01 4.611703e-01 3.267545e-01 2.959643e-01 2.681854e-01 2.684971e-01 2.212077e-01 7.075149e-02 1.186633e-02 3.256513e-02 3.492165e-02 6.018210e-02 5.222317e-02 6.225527e-02 1.063895e-01 6.718004e-02 6.271724e-02 6.508614e-02 5.310872e-02 4.834367e-02 1.156381e-02
<GCONST> 8.074618e+01
<MIXTURE> 2 2.701453e-01
<MEAN> 52
 -1.062031e+01 2.453266e+00 6.427610e+00 -1.952492e+01 -1.262759e+01 -8.489290e+00 -1.830943e+01 -1.485046e+01 -1.055722e+01 -4.996926e+00 -1.503080e+01 2.510717e-01 6.440024e+01 6.914630e-01 1.434174e-01 -8.210738e-01 2.129194e+00 4.756343e-01 -2.389736e-01 5.131732e-01 4.574249e-01 1.762738e-01 -3.891172e-01 1.259149e+00 1.620632e-01 -1.584743e+00 -1.755273e-01 -1.629356e-01 -7.913822e-02 9.628016e-02 3.744677e-01 9.836996e-02 2.771102e-01 2.927239e-01 1.477548e-01 4.139642e-02 2.228249e-01 -9.557955e-02 -7.010417e-02 -7.799494e-02 -7.502086e-02 4.949729e-02 -2.006011e-01 -1.471495e-02 8.134513e-02 2.322111e-02 2.556992e-02 6.237755e-02 1.182491e-01 -9.034768e-02 9.134933e-03 1.021305e-01
<VARIANCE> 52
 1.413011e+01 2.913423e+01 2.357297e+01 4.172641e+01 3.986954e+01 3.211509e+01 4.072130e+01 4.529858e+01 2.997635e+01 5.196832e+01 3.916600e+01 5.660041e+01 3.111266e+01 7.182882e-01 1.462718e+00 1.579584e+00 2.350576e+00 2.161342e+00 3.226686e+00 3.122625e+00 2.637429e+00 2.571159e+00 3.060342e+00 2.535012e+00 2.606440e+00 6.723727e-01 1.448353e-01 2.680045e-01 2.796689e-01 5.101539e-01 2.924963e-01 5.347945e-01 5.619701e-01 4.412039e-01 4.973772e-01 5.551230e-01 4.853016e-01 4.124777e-01 1.017911e-01 2.848393e-02 5.366263e-02 5.955754e-02 8.682936e-02 8.394632e-02 1.265250e-01 1.204832e-01 1.189731e-01 1.096679e-01 1.433315e-01 1.025961e-01 1.022076e-01 2.024302e-02
<GCONST> 1.038397e+02
<MIXTURE> 3 3.335535e-01
<MEAN> 52
 -4.412643e+00 4.804823e+00 1.260026e+01 1.051919e+00 -1.095732e+01 -3.990033e+00 -8.902346e+00 -6.528114e+00 -8.801323e+00 -4.093896e+00 -7.384370e-01 -3.829895e+00 6.572238e+01 5.729856e-01 -2.627382e-02 -1.622619e+00 1.089545e+00 2.741453e+00 3.095198e-03 1.631879e+00 5.961452e-01 9.523433e-01 1.665057e-01 -1.586505e+00 1.189384e-01 -2.192816e+00 -3.135129e-01 -2.466802e-01 -5.999897e-02 -4.524660e-01 -4.578753e-02 1.618007e-01 -2.769064e-01 -1.846055e-02 5.923095e-02 -1.873108e-02 1.545879e-01 6.842261e-02 1.251091e-01 -1.023657e-01 -6.363381e-02 1.442952e-01 -2.042302e-01 -4.992608e-01 3.582651e-03 -2.153481e-01 -9.253149e-02 -1.264150e-01 2.995596e-02 3.206706e-01 -1.363459e-02 3.046058e-01
<VARIANCE> 52
 1.407667e+01 2.292132e+01 2.751043e+01 4.716507e+01 6.009356e+01 5.212260e+01 5.032600e+01 4.090495e+01 3.452127e+01 3.856355e+01 3.403382e+01 2.433305e+01 4.407149e+01 1.422800e+00 1.656132e+00 2.358330e+00 2.932137e+00 3.082801e+00 3.169965e+00 3.479282e+00 2.910039e+00 2.934403e+00 2.331657e+00 2.386306e+00 2.249678e+00 1.030551e+00 2.204029e-01 3.114280e-01 2.629135e-01 3.487141e-01 1.007800e+00 4.515896e-01 5.293323e-01 5.279933e-01 3.695237e-01 3.132183e-01 6.332428e-01 3.457046e-01 3.498766e-01 6.498154e-02 6.194939e-02 6.984834e-02 1.112904e-01 1.315557e-01 1.268900e-01 1.402549e-01 1.244718e-01 1.161895e-01 9.434740e-02 1.113111e-01 8.739656e-02 4.736355e-02
<GCONST> 1.103469e+02
<STATE> 11
<NUMMIXES> 3
<MIXTURE> 1 3.162108e-01
<MEAN> 52
 -5.711896e+00 2.382378e+00 9.711020e+00 -2.346006e+00 -8.523081e+00 -5.919309e+00 -1.121719e+01 -7.186451e+00 -9.056605e+00 -4.847811e+00 -4.575902e+00 -3.448832e+00 6.435980e+01 -7.765196e-01 -5.384505e-01 -2.154411e-01 -7.539879e-01 -1.266074e-01 4.852378e-01 5.577986e-01 5.140761e-01 3.822977e-01 7.277334e-01 9.155469e-01 1.249128e-01 2.951348e-01 -1.555746e-01 -1.188320e-01 2.224181e-01 -3.694608e-01 -8.255513e-01 2.390324e-01 -1.046738e-01 -1.919254e-02 -6.399804e-02 1.729998e-01 4.244879e-01 9.898197e-02 5.277569e-01 1.916125e-01 1.102925e-01 -6.612761e-03 1.439645e-01 4.317056e-02 -4.551918e-02 -3.202185e-02 -4.834018e-02 -2.744506e-02 -1.174973e-01 -1.526843e-01 -2.542413e-02 -1.207832e-01
<VARIANCE> 52
 2.423839e+01 3.202690e+01 6.936344e+01 8.303873e+01 4.912691e+01 4.239963e+01 6.022879e+01 6.327891e+01 4.362853e+01 4.633852e+01 4.940953e+01 2.515491e+01 5.459165e+01 1.719864e+00 1.445408e+00 2.692894e+00 3.630985e+00 5.189546e+00 2.583540e+00 4.143084e+00 4.133419e+00 4.515569e+00 2.673031e+00 4.293441e+00 1.958487e+00 2.497484e+00 3.401907e-01 3.743395e-01 5.892373e-01 6.291037e-01 9.727104e-01 6.318929e-01 7.958973e-01 8.050463e-01 8.516619e-01 8.713738e-01 8.216903e-01 4.428830e-01 4.421672e-01 6.964540e-02 5.990906e-02 1.077903e-01 1.214218e-01 2.287536e-01 1.179878e-01 1.685981e-01 1.791515e-01 2.037728e-01 1.446948e-01 1.806751e-01 8.121631e-02 7.866797e-02
<GCONST> 1.263435e+02
<MIXTURE> 2 3.762508e-01
<MEAN> 52
 -9.338133e+00 -1.053776e-01 1.059433e+00 -4.252159e+00 -2.386712e+00 -5.227407e-01 -4.453335e+00 -3.997136e+00 -3.060904e+00 -1.746486e+00 -4.004401e+00 -1.901261e+00 5.490554e+01 -4.599802e-01 -1.209114e+00 -1.466774e+00 -3.820565e-01 3.836324e-02 1.911063e-02 4.906979e-01 5.641480e-01 5.807077e-01 4.726511e-01 5.817150e-01 4.011863e-01 -8.372063e-01 1.055908e-01 1.631563e-01 2.485080e-01 -1.807179e-01 -4.217709e-01 -2.687826e-01 -4.426062e-01 -3.422678e-01 -3.209576e-01 -1.618929e-01 -4.229024e-02 4.707948e-02 2.808505e-01 4.952646e-02 1.277567e-01 8.179396e-02 1.483984e-01 1.210015e-01 4.241858e-02 4.011158e-02 -2.434997e-02 -1.540740e-02 -5.803969e-02 -8.499838e-02 -6.888632e-02 -8.421994e-03
<VARIANCE> 52
 1.391203e+01 1.828733e+01 4.645701e+01 3.280165e+01 2.152180e+01 2.373421e+01 2.371205e+01 2.132822e+01 2.077179e+01 2.453404e+01 2.508400e+01 1.871235e+01 2.401259e+01 5.679311e-01 1.054112e+00 1.292877e+00 2.140485e+00 2.112083e+00 2.759370e+00 3.158649e+00 2.828395e+00 2.335042e+00 2.724949e+00 1.873636e+00 1.736588e+00 3.833776e-01 1.085769e-01 1.758983e-01 2.405137e-01 4.363700e-01 4.033150e-01 3.887017e-01 4.196116e-01 4.009168e-01 4.704372e-01 4.987640e-01 4.599120e-01 2.916835e-01 7.406443e-02 2.438858e-02 4.655307e-02 4.870572e-02 7.421890e-02 9.708755e-02 1.091626e-01 1.258973e-01 1.213589e-01 1.133890e-01 1.364807e-01 8.556096e-02 7.008178e-02 1.302858e-02
<GCONST> 9.232544e+01
<MIXTURE> 3 3.075384e-01
<MEAN> 52
 -8.602415e+00 -6.719555e-01 6.262105e+00 -7.893650e+00 -1.117665e+01 -8.003814e+00 -1.197751e+01 -1.036091e+01 -8.772357e+00 -2.561751e+00 9.701345e-02 -1.363401e-01 5.672157e+01 -8.111016e-02 -4.817972e-01 -5.811335e-01 8.823239e-02 3.348046e-01 1.577213e-01 1.803519e-01 5.153092e-02 1.892036e-01 -1.721918e-02 -4.319877e-02 -1.709828e-01 -5.842462e-01 2.139480e-02 8.702403e-02 1.178163e-01 4.682679e-02 9.796794e-02 7.541464e-02 1.589304e-01 1.963994e-01 7.336206e-02 4.385522e-02 -5.657228e-02 -7.093184e-02 1.111336e-01 -1.013902e-02 7.040731e-03 -3.305240e-02 -4.520844e-03 -8.411753e-03 -4.687278e-03 2.005588e-02 -6.515522e-03 2.421792e-02 4.766605e-03 3.847690e-02 5.344966e-02 -1.962222e-02
<VARIANCE> 52
 1.204195e+01 1.974470e+01 3.028141e+01 2.456432e+01 3.184892e+01 2.891984e+01 3.152706e+01 2.399166e+01 3.601505e+01 1.772152e+01 3.564829e+01 2.114627e+01 8.889802e+00 2.429658e-01 6.793683e-01 9.755637e-01 1.321335e+00 1.155766e+00 1.397987e+00 1.712437e+00 1.782271e+00 1.588870e+00 1.410202e+00 1.487519e+00 1.354571e+00 1.288430e-01 6.084051e-02 1.435596e-01 1.722570e-01 2.247973e-01 2.175401e-01 3.218076e-01 3.203493e-01 3.381793e-01 3.564286e-01 2.782167e-01 2.541443e-01 2.957298e-01 2.030733e-02 1.162503e-02 3.229605e-02 3.907167e-02 5.842720e-02 5.031810e-02 6.243604e-02 7.317886e-02 7.528325e-02 7.515015e-02 6.586761e-02 6.391440e-02 6.213191e-02 1.000000e-02
<GCONST> 7.383608e+01
<TRANSP> 12
 0.000000e+00 1.000000e+00 0.000000e+00 0.000000e+00 0.000000e+00 0.000000e+00 0.000000e+00 0.000000e+00 0.000000e+00 0.000000e+00 0.000000e+00 0.000000e+00
 0.000000e+00 8.254951e-01 1.745050e-01 0.000000e+00 0.000000e+00 0.000000e+00 0.000000e+00 0.000000e+00 0.000000e+00 0.000000e+00 0.000000e+00 0.000000e+00
 0.000000e+00 0.000000e+00 7.866868e-01 2.133131e-01 0.000000e+00 0.000000e+00 0.000000e+00 0.000000e+00 0.000000e+00 0.000000e+00 0.000000e+00 0.000000e+00
 0.000000e+00 0.000000e+00 0.000000e+00 8.427217e-01 1.572783e-01 0.000000e+00 0.000000e+00 0.000000e+00 0.000000e+00 0.000000e+00 0.000000e+00 0.000000e+00
 0.000000e+00 0.000000e+00 0.000000e+00 0.000000e+00 7.908012e-01 2.091988e-01 0.000000e+00 0.000000e+00 0.000000e+00 0.000000e+00 0.000000e+00 0.000000e+00
 0.000000e+00 0.000000e+00 0.000000e+00 0.000000e+00 0.000000e+00 8.668555e-01 1.331445e-01 0.000000e+00 0.000000e+00 0.000000e+00 0.000000e+00 0.000000e+00
 0.000000e+00 0.000000e+00 0.000000e+00 0.000000e+00 0.000000e+00 0.000000e+00 6.762342e-01 3.237658e-01 0.000000e+00 0.000000e+00 0.000000e+00 0.000000e+00
 0.000000e+00 0.000000e+00 0.000000e+00 0.000000e+00 0.000000e+00 0.000000e+00 0.000000e+00 8.033473e-01 1.966527e-01 0.000000e+00 0.000000e+00 0.000000e+00
 0.000000e+00 0.000000e+00 0.000000e+00 0.000000e+00 0.000000e+00 0.000000e+00 0.000000e+00 0.000000e+00 8.481421e-01 1.518578e-01 0.000000e+00 0.000000e+00
 0.000000e+00 0.000000e+00 0.000000e+00 0.000000e+00 0.000000e+00 0.000000e+00 0.000000e+00 0.000000e+00 0.000000e+00 8.137385e-01 1.862615e-01 0.000000e+00
 0.000000e+00 0.000000e+00 0.000000e+00 0.000000e+00 0.000000e+00 0.000000e+00 0.000000e+00 0.000000e+00 0.000000e+00 0.000000e+00 8.118746e-01 1.881254e-01
 0.000000e+00 0.000000e+00 0.000000e+00 0.000000e+00 0.000000e+00 0.000000e+00 0.000000e+00 0.000000e+00 0.000000e+00 0.000000e+00 0.000000e+00 0.000000e+00
<ENDHMM>
