~o
<STREAMINFO> 1 52
<VECSIZE> 52<NULLD><MFCC_D_A_T_0><DIAGC>
~h "sil"
<BEGINHMM>
<NUMSTATES> 12
<STATE> 2
<NUMMIXES> 3
<MIXTURE> 1 2.037915e-01
<MEAN> 52
 -1.207044e+01 4.440365e-01 -2.072623e+00 -7.018172e+00 2.782415e+00 -3.901474e+00 -3.974663e+00 9.576170e-01 2.457934e-01 2.480337e+00 -1.733981e+00 -3.678791e+00 5.860891e+01 9.254984e-01 -8.764207e-01 -6.473480e-01 8.425151e-01 -1.084352e-01 4.260936e-02 7.101016e-01 3.782463e-01 3.749209e-01 2.611636e-01 -2.453531e-01 -7.334248e-01 4.552865e-01 6.590846e-02 -1.186047e-01 -8.335523e-02 2.147188e-02 -2.315903e-01 6.302176e-02 1.495040e-01 1.156291e-01 -5.818177e-02 -1.218422e-01 -2.350548e-02 2.391122e-02 5.099994e-02 -4.938685e-02 6.488221e-02 9.566052e-02 -8.911905e-02 1.974282e-02 8.136468e-03 -6.927796e-02 -8.990834e-02 -1.008262e-01 -4.174442e-02 4.040889e-02 9.133797e-02 -8.119170e-02
<VARIANCE> 52
 4.226179e+01 3.201283e+01 1.746085e+01 3.234550e+01 4.298417e+01 3.512853e+01 2.916903e+01 3.056676e+01 2.297503e+01 3.674320e+01 1.871209e+01 2.393439e+01 1.849006e+01 3.654997e+00 1.189826e+00 1.615404e+00 1.989096e+00 2.979082e+00 2.612984e+00 2.871799e+00 2.354007e+00 3.449080e+00 3.483786e+00 2.434450e+00 1.537362e+00 9.536532e-01 3.382814e-01 1.541232e-01 1.776017e-01 2.620874e-01 3.408920e-01 5.317208e-01 5.176131e-01 3.270824e-01 5.257738e-01 4.859397e-01 2.955677e-01 2.614587e-01 1.387675e-01 7.844954e-02 3.786376e-02 5.101436e-02 6.788549e-02 1.077641e-01 1.231048e-01 1.278456e-01 8.955368e-02 1.227141e-01 1.070614e-01 7.645129e-02 4.706306e-02 3.949426e-02
<GCONST> 1.004748e+02
<MIXTURE> 2 4.540284e-01
<MEAN> 52
 -9.411097e+00 -3.083610e+00 -3.196054e+00 -5.266632e+00 -4.554974e+00 -3.582896e+00 -3.800529e+00 -3.283708e+00 -2.916470e+00 -1.811450e+00 -2.489083e+00 -1.754376e+00 5.348708e+01 4.544773e-02 3.319751e-03 -5.056871e-02 1.989323e-01 2.449446e-01 9.375826e-02 1.293015e-01 -9.766613e-02 2.597893e-01 3.739614e-02 1.445417e-01 1.030082e-02 -1.718765e-01 1.685762e-01 1.927456e-01 2.505253e-01 2.899139e-01 3.118116e-01 2.724244e-01 9.260522e-02 1.215678e-01 8.683711e-02 1.987134e-02 -2.639055e-02 -4.345387e-02 1.026127e-01 -8.195522e-02 -1.011528e-01 -1.108722e-01 -1.034033e-01 -7.694995e-02 -5.539916e-02 -2.102867e-02 3.652484e-02 -8.012161e-03 -2.053464e-04 1.047601e-02 2.673074e-02 -3.031856e-02
<VARIANCE> 52
 1.199130e+01 9.819655e+00 1.684565e+01 1.301514e+01 1.717518e+01 1.860192e+01 2.173040e+01 2.091203e+01 2.616108e+01 2.079387e+01 1.951394e+01 1.872850e+01 1.420198e+01 2.414086e-01 5.495905e-01 8.719273e-01 1.128381e+00 1.454142e+00 1.413641e+00 1.532480e+00 1.624146e+00 1.922212e+00 1.670635e+00 1.631551e+00 1.400269e+00 1.453259e-01 6.984542e-02 1.452089e-01 2.148706e-01 2.249033e-01 2.309731e-01 2.432882e-01 3.793578e-01 3.148417e-01 4.067814e-01 3.437364e-01 3.506652e-01 2.810213e-01 3.941537e-02 1.087910e-02 2.753075e-02 3.928056e-02 5.178534e-02 6.341568e-02 6.048253e-02 7.612166e-02 7.502785e-02 7.982048e-02 7.496073e-02 7.766013e-02 6.607801e-02 1.000000e-02
<GCONST> 7.194905e+01
<MIXTURE> 3 3.421801e-01
<MEAN> 52
 -6.627686e+00 -2.146442e+00 -2.936583e+00 -1.841525e+00 1.306935e+00 -3.384878e-01 -2.471232e+00 -1.948517e+00 -1.019964e+00 1.169407e+00 -1.658459e+00 -3.505999e+00 5.570285e+01 -7.880652e-01 -3.592806e-01 -5.219589e-01 -2.213037e-01 -2.313191e-01 -3.741603e-01 -4.953724e-01 -2.081136e-01 4.681202e-02 -4.262665e-01 2.768133e-01 4.432997e-01 -3.232234e-02 -5.604322e-02 7.463512e-03 2.174033e-03 5.298601e-03 -1.056900e-01 -4.314747e-02 -2.336715e-02 -8.967258e-02 -4.345336e-02 -8.653678e-02 -9.919903e-02 -7.048202e-02 6.375062e-02 8.281770e-02 1.884937e-02 5.961025e-02 5.049092e-02 6.100814e-02 6.930630e-02 9.452598e-02 6.674601e-02 2.691701e-02 4.551119e-02 -2.844014e-02 -2.907797e-02 -2.695331e-02
<VARIANCE> 52
 9.658639e+00 7.760503e+00 1.238489e+01 1.352459e+01 3.032740e+01 2.173873e+01 1.737919e+01 2.060454e+01 1.951278e+01 2.832031e+01 1.715034e+01 1.985453e+01 1.338111e+01 5.924007e-01 6.561233e-01 1.304708e+00 1.157407e+00 1.488171e+00 1.773746e+00 1.753516e+00 1.821176e+00 1.520766e+00 2.175143e+00 1.324229e+00 1.276118e+00 4.911067e-01 1.125872e-01 1.359675e-01 2.299577e-01 2.105113e-01 2.651090e-01 2.506191e-01 2.896545e-01 2.712824e-01 3.100211e-01 3.237074e-01 2.326190e-01 1.818929e-01 6.533476e-02 2.464669e-02 1.925166e-02 5.103097e-02 4.174120e-02 6.149918e-02 6.419108e-02 5.987406e-02 6.710958e-02 5.329663e-02 8.013520e-02 5.900136e-02 3.641203e-02 1.660164e-02
<GCONST> 7.352103e+01
<STATE> 3
<NUMMIXES> 3
<MIXTURE> 1 2.085062e-01
<MEAN> 52
 -1.050687e+01 -3.588749e+00 -5.450140e+00 -2.025202e+00 1.533433e-01 -8.793277e-01 -3.114860e+00 -1.252463e+00 -3.043350e-01 -8.958033e-01 -1.605657e+00 -2.064416e+00 5.553971e+01 5.389182e-02 -1.486261e-01 1.708273e-01 4.004363e-02 -3.076441e-01 -1.984468e-01 1.658249e-01 1.418781e-01 -1.864745e-01 -1.202486e-01 -1.925389e-01 6.737329e-02 -5.323227e-02 1.490340e-01 6.904516e-02 2.331429e-01 -5.769162e-02 -3.972639e-02 -7.158524e-02 2.468804e-02 9.773037e-02 -5.802955e-02 6.118183e-02 -1.486888e-02 -1.983309e-02 -1.493369e-01 -2.560251e-02 -5.019634e-03 -5.889574e-02 -7.457209e-03 3.747133e-02 1.059514e-02 -2.465473e-02 -2.067946e-02 4.070820e-02 -3.296746e-03 3.852787e-02 -1.335705e-03 9.816055e-03
<VARIANCE> 52
 1.760596e+01 1.148593e+01 1.892225e+01 2.124834e+01 3.105764e+01 2.287530e+01 2.983689e+01 2.962708e+01 2.370196e+01 1.891893e+01 2.498803e+01 2.342784e+01 2.937240e+01 1.537198e+00 1.089580e+00 1.872975e+00 1.737150e+00 1.751991e+00 1.993213e+00 2.601779e+00 2.472769e+00 1.853331e+00 1.704841e+00 2.352492e+00 1.742587e+00 9.564720e-01 2.940027e-01 1.836278e-01 3.817524e-01 3.717300e-01 3.466261e-01 3.950188e-01 4.738392e-01 4.876485e-01 3.883958e-01 3.606742e-01 4.802056e-01 3.237298e-01 1.706868e-01 6.381353e-02 4.378786e-02 8.569852e-02 8.525128e-02 7.247362e-02 8.938804e-02 1.256941e-01 1.157917e-01 9.053103e-02 8.539652e-02 1.089528e-01 7.166329e-02 3.616735e-02
<GCONST> 9.638548e+01
<MIXTURE> 2 3.986860e-01
<MEAN> 52
 -8.562022e+00 -2.912544e+00 -3.239098e+00 -4.110037e+00 -3.342948e+00 -2.640493e+00 -4.021630e+00 -2.765099e+00 -1.639715e+00 -1.584525e+00 -1.391136e+00 -4.747288e-01 5.127151e+01 4.796406e-02 -8.225690e-02 -1.152955e-01 -1.406964e-01 -2.922460e-01 -3.652869e-01 -4.459459e-01 -3.808985e-01 -1.402074e-01 1.314233e-01 3.148340e-01 3.326767e-01 -9.364608e-02 -6.447437e-03 1.736932e-02 2.083983e-02 7.650652e-02 1.050618e-01 1.242795e-01 1.130058e-01 7.398047e-02 3.546179e-02 -2.484412e-02 -9.128121e-02 -5.498517e-02 2.665677e-02 -7.871430e-03 9.881527e-03 1.311524e-02 2.311490e-02 6.402291e-02 7.404393e-02 9.201211e-02 9.397154e-02 3.752435e-02 -3.363407e-02 -7.797980e-02 -6.055149e-02 5.202941e-03
<VARIANCE> 52
 3.843106e+00 5.080329e+00 7.657727e+00 1.209667e+01 1.193829e+01 1.518749e+01 1.532321e+01 1.681058e+01 1.592531e+01 1.737971e+01 1.723228e+01 1.396333e+01 6.282183e+00 1.653486e-01 3.063093e-01 4.339878e-01 7.632312e-01 8.603373e-01 9.538368e-01 1.082811e+00 1.118208e+00 1.377169e+00 1.277982e+00 1.222252e+00 1.055130e+00 5.848155e-02 2.899003e-02 6.540794e-02 9.577476e-02 1.505958e-01 1.778770e-01 2.142118e-01 2.460225e-01 2.488655e-01 2.557323e-01 2.830881e-01 3.047243e-01 2.167689e-01 1.225968e-02 1.000000e-02 1.384556e-02 2.094944e-02 3.691325e-02 4.045174e-02 4.565025e-02 5.342541e-02 5.240640e-02 6.357022e-02 5.979187e-02 6.053134e-02 4.450085e-02 1.000000e-02
<GCONST> 5.002343e+01
<MIXTURE> 3 3.928078e-01
<MEAN> 52
 -8.432608e+00 -2.722898e+00 -2.637920e+00 -2.769795e+00 -1.404341e+00 -7.100093e-01 -2.091728e+00 -9.960451e-01 -4.173153e-01 -1.238794e+00 -2.174692e+00 -9.557241e-01 5.117532e+01 3.792000e-03 1.653123e-02 4.455373e-02 1.524950e-01 3.985152e-01 4.379708e-01 4.819302e-01 5.469141e-01 2.231164e-01 -1.547471e-01 -3.691671e-01 -2.661305e-01 -4.532242e-02 -4.089956e-02 -6.582676e-03 -5.292865e-02 -1.052867e-01 -1.309450e-01 -1.663585e-01 -1.338609e-01 -9.911020e-02 -9.571132e-02 -3.569287e-02 5.224284e-02 3.648806e-02 3.138557e-02 -9.532801e-03 -1.636229e-02 -2.843443e-02 -3.838698e-02 -9.308825e-02 -1.093754e-01 -1.116896e-01 -1.136455e-01 -4.620417e-02 3.488711e-02 9.244072e-02 6.666577e-02 -2.206482e-03
<VARIANCE> 52
 4.380019e+00 5.621083e+00 7.767743e+00 9.693661e+00 1.336789e+01 1.361789e+01 1.618203e+01 1.733782e+01 1.693021e+01 1.510042e+01 1.620376e+01 1.396778e+01 7.295094e+00 1.822726e-01 3.635399e-01 5.651955e-01 7.976228e-01 1.020984e+00 1.133756e+00 1.323235e+00 1.121069e+00 1.294498e+00 1.423356e+00 1.542238e+00 1.037330e+00 8.184785e-02 4.429145e-02 5.902569e-02 1.104537e-01 1.556303e-01 2.154251e-01 2.246401e-01 2.831822e-01 2.791352e-01 2.864798e-01 2.712227e-01 3.041895e-01 2.161159e-01 1.800152e-02 1.000000e-02 1.534519e-02 2.703740e-02 3.837100e-02 4.849828e-02 5.515105e-02 6.822005e-02 5.689683e-02 6.173581e-02 6.963891e-02 7.253231e-02 4.615192e-02 1.000000e-02
<GCONST> 5.474354e+01
<STATE> 4
<NUMMIXES> 3
<MIXTURE> 1 2.195500e-01
<MEAN> 52
 -2.679469e+00 -5.423209e+00 -6.284209e+00 -3.496531e+00 2.988479e-01 -1.195417e-01 1.001339e+00 3.496116e-01 -1.033542e+00 4.028210e+00 -3.587785e+00 -8.752507e+00 6.047709e+01 -2.153484e-01 3.516953e-01 8.732667e-02 1.518655e-01 1.972313e-01 5.817080e-01 -3.869090e-02 -5.013111e-01 -1.469931e-01 -2.348642e-01 1.623030e-01 4.976629e-01 -4.762588e-01 -1.629941e-01 1.388327e-01 8.255584e-02 -4.148716e-02 4.239263e-03 -6.774519e-02 -1.811165e-01 1.126824e-02 3.283609e-02 -9.748018e-02 4.100236e-02 1.285349e-01 -7.579085e-02 4.866692e-02 -6.535303e-02 -2.024498e-02 -1.079063e-02 -4.737600e-02 -5.829793e-02 1.467637e-03 3.918630e-02 1.614484e-02 1.927719e-02 -3.015053e-02 -3.674394e-02 3.578531e-02
<VARIANCE> 52
 7.509140e+00 1.388737e+01 1.215590e+01 3.843845e+01 3.516693e+01 2.970442e+01 3.329033e+01 2.275047e+01 3.425821e+01 2.512309e+01 2.073816e+01 1.641359e+01 1.257398e+01 5.000961e-01 7.220278e-01 7.115613e-01 8.972943e-01 1.344507e+00 1.082722e+00 2.124468e+00 1.887156e+00 2.093956e+00 1.442063e+00 1.197652e+00 1.229547e+00 2.930047e-01 7.256301e-02 1.567806e-01 1.452520e-01 1.949294e-01 2.605861e-01 2.099068e-01 4.093838e-01 4.190427e-01 4.588423e-01 2.830228e-01 2.613384e-01 1.900134e-01 3.549565e-02 1.625979e-02 2.372435e-02 3.510651e-02 4.581731e-02 5.587918e-02 5.082655e-02 1.023323e-01 9.730113e-02 1.031968e-01 5.998478e-02 5.677571e-02 4.731989e-02 1.000000e-02
<GCONST> 7.415841e+01
<MIXTURE> 2 4.127230e-01
<MEAN> 52
 -1.110516e+01 -1.720353e+00 -3.860782e+00 -4.895635e+00 -2.755059e+00 -3.743869e+00 -5.611341e+00 -4.697542e+00 -3.394731e+00 -2.735724e+00 -3.218130e+00 -1.460413e+00 5.598597e+01 4.300649e-02 1.399502e-01 1.071635e-01 -8.460677e-02 4.408824e-02 1.245669e-01 9.987283e-03 8.673407e-02 -7.779799e-02 -1.814090e-01 -2.736587e-02 5.199637e-03 -2.284097e-02 -5.584250e-03 -7.171914e-02 -2.660950e-02 -1.668672e-02 -2.779634e-02 6.462758e-02 1.934147e-01 2.462208e-01 1.766194e-01 1.766561e-01 1.041881e-01 -2.757872e-03 -9.369453e-03 -1.931626e-02 -3.736103e-02 -3.167707e-02 3.503681e-03 -8.124335e-03 -2.665099e-02 -3.155713e-03 -2.447308e-02 2.346156e-02 4.602278e-02 1.459688e-02 7.992683e-03 2.943120e-03
<VARIANCE> 52
 1.892624e+01 7.569728e+00 1.282467e+01 1.848418e+01 1.451952e+01 1.807806e+01 1.886135e+01 1.716779e+01 2.050492e+01 1.811333e+01 1.713084e+01 2.029954e+01 1.886005e+01 3.696125e-01 4.117158e-01 6.286482e-01 6.257241e-01 8.476222e-01 1.128964e+00 1.602852e+00 1.577787e+00 1.632171e+00 1.857518e+00 1.671302e+00 1.790499e+00 1.439920e-01 6.487701e-02 7.426084e-02 1.277787e-01 1.198659e-01 1.746683e-01 2.491560e-01 3.028637e-01 2.702004e-01 2.863920e-01 3.211955e-01 2.931039e-01 3.570923e-01 2.467023e-02 1.253037e-02 1.958917e-02 3.029178e-02 2.875736e-02 3.967423e-02 5.602942e-02 7.887512e-02 7.328846e-02 8.194400e-02 9.296048e-02 7.916354e-02 9.346387e-02 1.000000e-02
<GCONST> 6.588777e+01
<MIXTURE> 3 3.677269e-01
<MEAN> 52
 -9.935772e+00 -3.148315e+00 -2.668720e+00 -1.536027e+00 7.185602e-01 -2.037974e+00 -6.757268e-01 2.190540e+00 1.747495e-01 -1.409843e+00 -2.224866e+00 -8.886908e-01 5.295781e+01 4.195771e-02 -2.143919e-02 1.094463e-01 -1.970710e-01 -5.164138e-01 -6.784342e-01 -2.515372e-01 -3.285456e-02 -1.374587e-01 -1.910266e-01 -6.356214e-02 1.735816e-01 -1.971287e-01 -1.357267e-02 -1.505464e-02 -1.220652e-01 -8.190551e-02 -9.230234e-02 -1.668937e-01 -3.878260e-01 -4.055055e-01 -2.074347e-01 -9.786639e-02 -6.263867e-03 -4.747238e-03 9.222722e-02 -3.363493e-02 -1.847915e-02 -3.513524e-02 3.442565e-02 1.037890e-01 1.618442e-01 5.752874e-02 1.261961e-02 3.788035e-02 3.150662e-02 3.405296e-02 -5.845664e-03 3.837945e-02
<VARIANCE> 52
 1.092356e+01 1.054557e+01 1.088944e+01 1.541659e+01 2.278970e+01 4.385887e+01 1.557602e+01 1.611214e+01 1.599885e+01 2.650971e+01 1.559428e+01 1.459717e+01 4.374134e+01 4.944911e-01 4.921039e-01 9.126621e-01 1.004493e+00 1.060696e+00 1.813517e+00 2.051697e+00 2.319043e+00 1.990866e+00 1.407392e+00 1.381087e+00 1.613893e+00 3.007989e-01 9.294682e-02 1.151204e-01 1.691831e-01 1.741258e-01 2.308555e-01 4.221837e-01 3.191710e-01 2.939382e-01 2.678763e-01 3.287304e-01 3.161468e-01 2.971576e-01 5.283494e-02 2.109043e-02 2.928555e-02 4.307751e-02 4.582475e-02 5.036601e-02 8.382250e-02 1.016331e-01 1.133698e-01 9.490377e-02 6.812611e-02 6.375047e-02 7.745814e-02 1.479373e-02
<GCONST> 7.586625e+01
<STATE> 5
<NUMMIXES> 3
<MIXTURE> 1 2.063722e-01
<MEAN> 52
 -9.894416e+00 -9.694702e+00 -6.612015e+00 -1.504821e+00 6.918367e+00 3.616556e+00 7.532883e-02 -4.024503e+00 -2.532454e+00 -2.407902e+00 3.064831e+00 2.577467e+00 6.022301e+01 2.412187e-01 -2.202053e-01 -2.240014e-01 -1.628020e-01 2.583885e-01 1.394088e+00 6.869979e-01 -6.437973e-01 -4.047465e-01 3.745123e-01 8.876215e-01 1.283205e+00 -7.195243e-03 9.572276e-02 8.861054e-01 4.519395e-01 -5.774570e-02 -1.058672e+00 -6.599767e-01 -4.107608e-01 2.704999e-01 4.481986e-02 1.500949e-01 -5.999309e-01 -3.974948e-01 -8.676333e-01 -8.936326e-02 2.575348e-02 6.964620e-02 3.276839e-03 -1.234915e-01 -3.440437e-01 -1.653799e-01 1.366096e-01 9.497298e-02 -9.240703e-02 -1.837697e-01 -2.798955e-01 -2.963823e-02
<VARIANCE> 52
 1.582046e+01 2.342953e+01 2.356429e+01 1.607997e+01 5.555714e+01 5.344512e+01 2.802031e+01 2.956466e+01 3.186788e+01 2.183833e+01 3.075735e+01 2.970428e+01 5.455300e+01 8.971190e-01 4.375877e+00 2.360747e+00 1.150587e+00 1.042415e+01 5.330616e+00 3.827917e+00 2.956700e+00 2.358284e+00 2.105852e+00 4.022447e+00 2.527761e+00 5.963597e+00 3.010435e-01 5.003307e-01 4.034939e-01 2.306758e-01 1.393852e+00 1.497224e+00 7.868727e-01 6.293576e-01 6.764252e-01 4.947370e-01 7.317723e-01 8.097458e-01 6.365533e-01 4.758331e-02 2.210666e-01 1.114849e-01 5.131675e-02 5.029604e-01 2.413807e-01 1.964172e-01 1.373489e-01 1.249923e-01 1.051325e-01 1.953490e-01 1.262813e-01 3.011153e-01
<GCONST> 1.230399e+02
<MIXTURE> 2 3.816075e-01
<MEAN> 52
 -8.400917e+00 -3.071464e+00 -3.660432e+00 -5.193602e+00 -4.400125e+00 -4.097752e+00 -4.901935e+00 -2.677401e+00 -1.711313e+00 -1.627027e+00 -2.240296e+00 -1.371436e+00 5.394560e+01 -1.713729e-01 -2.606797e-01 -3.158565e-01 -3.050355e-01 -3.218615e-01 -4.045672e-01 -2.592184e-01 -8.707149e-02 3.490809e-02 -1.145490e-01 2.216655e-01 1.380648e-01 7.666983e-02 -3.881896e-02 -8.644891e-02 -5.962129e-02 2.047577e-01 4.015304e-01 3.966478e-01 2.309738e-01 7.492319e-02 8.264264e-02 1.173931e-01 1.286102e-01 5.357976e-02 1.857274e-01 2.789469e-02 6.107084e-02 7.420092e-02 6.042579e-02 5.008380e-02 6.446105e-02 3.818729e-02 2.932855e-02 -4.634113e-04 2.577123e-02 -5.736678e-02 -2.357031e-02 -3.029593e-02
<VARIANCE> 52
 1.104678e+01 1.014665e+01 1.266813e+01 1.422940e+01 1.634937e+01 1.910987e+01 2.167812e+01 2.365663e+01 2.207218e+01 2.071865e+01 1.751382e+01 1.788659e+01 1.745594e+01 4.130339e-01 5.435963e-01 6.422282e-01 8.118272e-01 1.323037e+00 1.358655e+00 1.529732e+00 1.834877e+00 1.642242e+00 1.442140e+00 1.469404e+00 1.204717e+00 2.686591e-01 8.059537e-02 1.757684e-01 1.529522e-01 1.614642e-01 3.346694e-01 3.242965e-01 3.279496e-01 3.430141e-01 4.359717e-01 3.241462e-01 2.976918e-01 3.417850e-01 8.619811e-02 1.486569e-02 3.004877e-02 3.151076e-02 3.759879e-02 6.663340e-02 6.585146e-02 7.638142e-02 7.550380e-02 7.711288e-02 7.065515e-02 6.608433e-02 5.994765e-02 1.457987e-02
<GCONST> 7.272744e+01
<MIXTURE> 3 4.120203e-01
<MEAN> 52
 -8.805675e+00 -2.974047e+00 -3.641859e+00 -1.542444e+00 8.262857e-03 -5.322997e-01 -2.536554e+00 -2.017458e+00 -2.148753e+00 -1.342722e+00 -1.585950e+00 -5.766453e-01 5.305004e+01 -4.590410e-01 -6.949741e-02 2.418665e-01 -8.308221e-03 -1.764482e-01 -7.110656e-01 -4.474564e-01 2.916552e-01 1.310171e-01 -3.790839e-01 -3.441407e-01 -5.610853e-01 1.368660e-01 -8.893935e-02 -3.595659e-01 -1.343641e-01 -7.782063e-02 2.204039e-01 6.604177e-02 1.073076e-01 -1.543376e-02 6.405146e-02 -6.697955e-02 1.743248e-01 7.091805e-02 2.935721e-01 7.489992e-02 -2.101635e-02 -6.995100e-02 -1.362185e-02 6.161600e-02 1.820605e-01 1.151786e-01 -7.520930e-02 -4.303899e-02 6.815710e-02 1.247808e-01 1.793069e-01 -1.903319e-03
<VARIANCE> 52
 1.317054e+01 1.338845e+01 1.302702e+01 1.469294e+01 2.392555e+01 2.331192e+01 2.114507e+01 2.176431e+01 2.295681e+01 2.182023e+01 2.029905e+01 2.005138e+01 4.428685e+01 1.438148e+00 3.125181e+00 1.784965e+00 1.381046e+00 5.073897e+00 4.572319e+00 2.497152e+00 2.484457e+00 3.170383e+00 2.116433e+00 2.637558e+00 2.254501e+00 2.803200e+00 1.928491e-01 2.950630e-01 2.245501e-01 2.048787e-01 6.247740e-01 6.257150e-01 4.683894e-01 4.638758e-01 5.073460e-01 3.934673e-01 4.300046e-01 4.603388e-01 3.656607e-01 6.196896e-02 1.601411e-01 7.178389e-02 5.798064e-02 2.386185e-01 2.061404e-01 1.197742e-01 1.102727e-01 1.503119e-01 1.033165e-01 1.273237e-01 1.142543e-01 1.434752e-01
<GCONST> 1.061407e+02
<STATE> 6
<NUMMIXES> 3
<MIXTURE> 1 2.874043e-01
<MEAN> 52
 -1.243701e+01 -5.041234e+00 -2.879427e+00 -4.446145e+00 -2.556322e+00 -3.648013e+00 -3.334477e+00 -1.298016e+00 -2.598356e+00 -2.291996e+00 -2.731742e-01 3.670292e-01 5.732737e+01 -5.296165e-01 5.223476e-02 -9.497051e-02 -5.407764e-01 -6.873142e-01 -7.981774e-01 -7.040709e-01 -7.452155e-01 -8.463052e-01 -4.207706e-01 -1.445833e-01 -9.043270e-02 1.781549e-01 1.330147e-01 4.408458e-02 3.231062e-02 8.611848e-02 -4.038454e-02 5.080908e-02 1.442848e-02 1.399265e-02 6.522994e-02 -9.357966e-02 -2.312428e-01 -1.200667e-01 -7.978892e-02 8.779228e-02 7.871098e-04 4.255042e-02 1.162486e-01 1.346270e-01 1.503194e-01 1.597281e-01 1.752216e-01 1.737943e-01 8.244712e-02 3.531781e-02 3.232138e-02 -1.439487e-02
<VARIANCE> 52
 1.216396e+01 2.561220e+01 2.037153e+01 2.261188e+01 1.902532e+01 2.799765e+01 3.221066e+01 2.630307e+01 3.454357e+01 2.871823e+01 2.528386e+01 2.037789e+01 1.701576e+01 7.602926e-01 1.185282e+00 1.620767e+00 1.314071e+00 1.633187e+00 1.856165e+00 1.607982e+00 2.060141e+00 1.955749e+00 2.904302e+00 1.940616e+00 1.200329e+00 8.936321e-01 1.587783e-01 1.766495e-01 2.589169e-01 2.818264e-01 3.486627e-01 4.675484e-01 3.876590e-01 4.882750e-01 5.661123e-01 6.178728e-01 4.228812e-01 2.841444e-01 1.202583e-01 2.679109e-02 4.515081e-02 6.763884e-02 5.403864e-02 8.056949e-02 9.877150e-02 7.807979e-02 9.103160e-02 9.509481e-02 1.429475e-01 9.417710e-02 5.711435e-02 3.465036e-02
<GCONST> 9.191853e+01
<MIXTURE> 2 3.402923e-01
<MEAN> 52
 -1.001947e+01 -4.419305e+00 -4.159429e+00 -4.411488e+00 -2.775541e+00 -2.794745e+00 -2.834223e+00 -8.838404e-01 -1.444534e+00 -3.114370e+00 -2.814652e+00 -9.597396e-01 5.464642e+01 -4.021233e-02 -1.042457e-01 -2.161314e-01 -2.978940e-01 -2.404824e-01 8.922537e-02 4.597785e-01 6.714522e-01 1.080290e+00 1.485545e+00 8.121542e-01 1.228244e-01 -1.186446e-01 2.929088e-02 1.420816e-02 4.184360e-02 -2.518777e-02 -6.184010e-02 -2.894253e-03 -1.096809e-01 -1.254667e-01 -3.196101e-02 1.242597e-01 1.402293e-01 8.263041e-02 2.615688e-02 1.088272e-03 3.486924e-02 5.537817e-02 5.647823e-02 4.276404e-02 -1.024354e-02 -8.892076e-02 -1.349465e-01 -2.431321e-01 -3.303379e-01 -1.947690e-01 -3.400448e-02 1.277857e-02
<VARIANCE> 52
 1.045704e+01 1.819730e+01 1.689108e+01 2.404270e+01 1.289198e+01 2.524961e+01 2.017803e+01 2.399538e+01 2.710427e+01 2.500089e+01 2.343319e+01 1.466193e+01 1.675494e+01 2.785802e-01 4.687121e-01 6.425169e-01 7.350578e-01 9.965970e-01 1.224555e+00 1.412834e+00 1.649004e+00 1.516009e+00 1.029435e+00 1.050148e+00 1.428034e+00 1.699386e-01 6.991719e-02 1.230852e-01 1.934076e-01 2.137777e-01 2.550699e-01 3.605418e-01 2.792818e-01 3.805574e-01 4.064126e-01 3.967808e-01 2.849792e-01 2.273091e-01 4.637121e-02 1.196611e-02 2.282997e-02 3.076907e-02 3.635329e-02 5.193738e-02 5.695076e-02 6.527586e-02 7.590659e-02 6.795113e-02 5.244900e-02 5.108347e-02 6.309416e-02 1.000000e-02
<GCONST> 6.899335e+01
<MIXTURE> 3 3.723034e-01
<MEAN> 52
 -1.028525e+01 -4.326466e+00 -3.608332e+00 -5.418957e+00 -4.362397e+00 -4.186236e+00 -4.908672e+00 -2.085915e+00 -2.002404e+00 -3.155984e+00 -2.208235e+00 -1.153150e+00 5.624129e+01 2.038690e-01 9.877826e-02 1.571485e-01 6.531339e-01 7.663546e-01 9.259252e-01 6.442600e-01 3.178500e-01 3.749866e-04 -5.225447e-01 -6.997861e-01 -2.314368e-01 1.979291e-02 2.207577e-02 4.027881e-02 -1.279160e-02 4.943487e-02 1.650403e-01 1.521853e-01 1.384266e-01 5.710668e-02 8.248692e-02 1.585762e-01 1.101539e-01 5.903479e-02 -1.568144e-02 -5.301289e-02 -1.846614e-02 -4.211424e-02 -1.483353e-01 -1.866141e-01 -2.126886e-01 -1.336144e-01 -6.017866e-02 8.174117e-03 1.268087e-01 1.435671e-01 4.973035e-02 -1.652672e-02
<VARIANCE> 52
 1.329940e+01 1.755288e+01 1.679729e+01 2.539270e+01 2.070396e+01 2.728283e+01 2.904432e+01 2.675589e+01 2.871251e+01 2.851270e+01 2.503216e+01 1.628961e+01 1.186914e+01 5.096898e-01 6.197332e-01 8.413880e-01 7.726113e-01 1.082371e+00 1.497479e+00 1.209542e+00 1.810127e+00 1.990893e+00 1.905288e+00 1.370904e+00 1.341136e+00 2.351750e-01 8.125229e-02 1.097588e-01 1.643889e-01 2.160643e-01 2.881642e-01 3.723862e-01 3.528885e-01 3.706049e-01 3.969728e-01 5.106041e-01 3.781698e-01 2.211912e-01 3.534658e-02 2.062071e-02 2.484794e-02 4.026808e-02 3.554277e-02 5.236154e-02 7.089327e-02 5.993140e-02 8.828073e-02 9.300949e-02 9.294473e-02 6.723200e-02 5.709702e-02 1.000000e-02
<GCONST> 7.581538e+01
<STATE> 7
<NUMMIXES> 3
<MIXTURE> 1 1.119048e-01
<MEAN> 52
 -1.163542e+01 -2.730241e+00 -1.229957e+00 -2.157853e+00 -6.181606e-01 -2.138537e+00 -2.146825e+00 -5.857075e-01 -2.716719e+00 -2.877604e+00 -6.253546e-01 -4.029225e-01 5.783493e+01 9.592582e-02 3.333387e-02 6.421292e-01 2.851561e-01 -2.114409e-01 -3.061666e-01 -4.677183e-02 6.685968e-01 3.892996e-01 5.047270e-01 4.405087e-01 1.581860e-01 3.024252e-01 6.881814e-02 -5.678998e-02 -8.444145e-02 -1.141011e-01 -1.032583e-01 -8.828823e-02 -1.421004e-01 -7.780935e-02 3.762360e-02 1.027692e-01 5.033357e-02 -2.249836e-02 -6.298157e-02 -7.493061e-03 -9.986306e-03 -7.571188e-02 -4.085122e-02 9.370531e-03 3.496694e-02 -2.959453e-02 -1.172967e-01 -7.944913e-02 -1.210223e-01 -3.556009e-02 -2.109242e-02 -1.532616e-02
<VARIANCE> 52
 2.442959e+01 2.540713e+01 4.093728e+01 2.314106e+01 4.031750e+01 2.913777e+01 2.820765e+01 3.598594e+01 3.081728e+01 2.406048e+01 2.963916e+01 2.404823e+01 5.537441e+01 1.644356e+00 1.103617e+00 2.113915e+00 1.712473e+00 2.930470e+00 3.860411e+00 2.337098e+00 2.310744e+00 3.178305e+00 1.695348e+00 2.367736e+00 2.523239e+00 1.173344e+00 2.881945e-01 1.385435e-01 3.916311e-01 2.963032e-01 4.463884e-01 5.348654e-01 3.801692e-01 4.570691e-01 5.668986e-01 3.983570e-01 4.543630e-01 4.094802e-01 1.788939e-01 7.114248e-02 4.316805e-02 7.999703e-02 8.210401e-02 1.102035e-01 1.709033e-01 9.911085e-02 1.084284e-01 1.526760e-01 7.749242e-02 1.075201e-01 1.144529e-01 3.278773e-02
<GCONST> 1.046475e+02
<MIXTURE> 2 4.576190e-01
<MEAN> 52
 -7.835928e+00 -4.183749e+00 -4.926700e+00 -5.533165e+00 -2.830478e+00 -9.673620e-01 -1.921555e+00 5.638922e-01 1.240172e+00 3.476559e-01 -2.295529e+00 -1.944351e+00 5.357547e+01 -2.462798e-02 -7.198347e-02 -7.538020e-02 5.256421e-02 8.454148e-02 1.082463e-01 5.531727e-02 -1.814099e-02 -5.464254e-02 9.277762e-02 6.032652e-02 5.592097e-02 -9.842765e-02 -1.369359e-02 1.289958e-02 1.514326e-02 -8.296893e-03 -4.034444e-02 -1.434525e-01 -2.571397e-01 -3.495772e-01 -3.372699e-01 -2.396984e-01 -9.365839e-02 -3.539544e-04 3.757968e-03 8.984887e-03 1.805184e-02 2.312172e-02 -3.070625e-03 -2.452756e-02 -2.817607e-02 -8.866145e-03 3.432184e-03 1.743010e-02 -7.753994e-03 -1.766540e-02 -8.944930e-03 4.231857e-03
<VARIANCE> 52
 6.651251e+00 8.549932e+00 1.427930e+01 1.619808e+01 1.283410e+01 1.580144e+01 1.360697e+01 1.465683e+01 1.498736e+01 1.951810e+01 1.746174e+01 2.164424e+01 9.614131e+00 1.658507e-01 3.194250e-01 5.331413e-01 6.522002e-01 9.532352e-01 1.450267e+00 1.392251e+00 1.492190e+00 1.347662e+00 1.231275e+00 1.301520e+00 1.367310e+00 6.470818e-02 2.830845e-02 5.834817e-02 9.752192e-02 1.273854e-01 1.894922e-01 2.460496e-01 1.875707e-01 2.093589e-01 2.519982e-01 2.794093e-01 2.394397e-01 2.995700e-01 1.201937e-02 1.000000e-02 1.418964e-02 2.230600e-02 2.999724e-02 4.659459e-02 6.908291e-02 6.045661e-02 6.928912e-02 6.865732e-02 5.804778e-02 5.940307e-02 6.538644e-02 1.000000e-02
<GCONST> 5.507226e+01
<MIXTURE> 3 4.304762e-01
<MEAN> 52
 -7.805720e+00 -3.920561e+00 -4.902678e+00 -6.550359e+00 -4.033255e+00 -2.736934e+00 -5.869794e+00 -4.816480e+00 -2.758641e+00 -1.783203e+00 -3.143364e+00 -2.263004e+00 5.430812e+01 9.756322e-02 1.010447e-01 1.420142e-01 1.095011e-01 -5.421378e-02 -1.466651e-01 -1.528468e-01 -1.325350e-01 -8.847730e-02 -1.640119e-01 -1.775900e-01 -3.467515e-02 -6.895682e-02 -6.081810e-03 2.505545e-02 3.547782e-02 5.692676e-02 7.913995e-02 1.226820e-01 2.523670e-01 3.244327e-01 2.291078e-01 1.311219e-01 7.748560e-02 2.298204e-02 9.562757e-03 -1.308175e-02 -1.615896e-02 -2.770905e-02 -1.073110e-02 1.596844e-02 3.680380e-02 3.522197e-02 3.344469e-02 2.386672e-02 4.114569e-02 3.257342e-02 2.864451e-03 -1.156077e-03
<VARIANCE> 52
 7.491316e+00 7.848935e+00 1.541005e+01 1.927568e+01 1.222215e+01 1.987609e+01 1.292190e+01 1.397629e+01 1.473918e+01 1.685671e+01 1.883945e+01 1.621074e+01 8.606959e+00 1.676136e-01 2.654002e-01 4.003505e-01 7.208061e-01 8.344851e-01 1.149619e+00 1.227129e+00 1.552774e+00 1.724504e+00 1.468099e+00 1.316261e+00 1.195258e+00 6.584089e-02 3.267338e-02 5.025740e-02 8.665935e-02 1.421915e-01 1.676461e-01 2.256564e-01 1.911917e-01 1.904830e-01 2.415341e-01 2.386303e-01 2.383636e-01 2.212164e-01 1.072187e-02 1.000000e-02 1.082350e-02 1.871704e-02 3.288114e-02 3.883009e-02 5.296233e-02 5.950463e-02 7.480709e-02 8.165275e-02 7.400400e-02 5.359070e-02 5.760708e-02 1.000000e-02
<GCONST> 5.297812e+01
<STATE> 8
<NUMMIXES> 3
<MIXTURE> 1 2.749541e-01
<MEAN> 52
 -1.387246e+01 -6.239100e+00 -3.300383e+00 -2.908289e+00 -3.054339e+00 -4.340468e+00 -3.815807e+00 2.834223e+00 -4.804867e-03 -7.244492e-01 -3.602524e-01 -1.971970e-01 5.864099e+01 1.649321e-01 2.386907e-02 -8.437684e-02 -2.691070e-01 -3.060407e-01 6.335999e-02 -9.393436e-02 -2.372209e-01 -5.138309e-01 -3.875280e-01 -2.064382e-01 -1.826241e-01 -2.831201e-01 8.617175e-02 4.920485e-02 2.854362e-02 3.942550e-02 1.092135e-01 1.414344e-01 -1.131951e-02 -1.967356e-01 -1.357993e-01 -9.555300e-02 -1.104753e-01 -1.158308e-01 -4.687608e-02 -8.204392e-03 4.844342e-03 9.999354e-03 6.151446e-02 5.332681e-02 6.865317e-03 1.651622e-02 3.862822e-02 1.133329e-01 8.615383e-02 2.213577e-02 2.931203e-02 3.501571e-02
<VARIANCE> 52
 1.901153e+01 1.432327e+01 1.652030e+01 1.288749e+01 2.613820e+01 3.100778e+01 2.054937e+01 3.392968e+01 2.635966e+01 2.283753e+01 2.807355e+01 2.423538e+01 2.717521e+01 2.448831e-01 2.805058e-01 6.180593e-01 6.740100e-01 1.211259e+00 1.442713e+00 1.277286e+00 1.743254e+00 2.011459e+00 1.948265e+00 1.282855e+00 1.757177e+00 1.866078e-01 5.609212e-02 9.223555e-02 1.450954e-01 1.273829e-01 2.734427e-01 3.191334e-01 3.211074e-01 3.563479e-01 3.763356e-01 3.866290e-01 2.607389e-01 3.235999e-01 7.481644e-02 1.000000e-02 1.265035e-02 2.921362e-02 2.951200e-02 4.723831e-02 6.369658e-02 7.112487e-02 8.387200e-02 9.464863e-02 8.877256e-02 5.760514e-02 8.350528e-02 1.000000e-02
<GCONST> 7.177691e+01
<MIXTURE> 2 4.237599e-01
<MEAN> 52
 -1.035298e+01 -2.175410e+00 -3.696323e+00 -1.919593e+00 -1.008413e+00 -6.584641e-01 -2.492364e+00 -1.082175e+00 -1.286881e+00 -4.613742e-01 -1.057658e+00 -8.325131e-01 4.904602e+01 4.916604e-02 -2.811453e-02 -1.156414e-01 -1.510591e-01 -6.664917e-02 -1.088873e-01 -1.929062e-01 -2.201993e-01 -1.273278e-01 -1.544774e-01 -5.431325e-02 -1.595741e-02 -6.317452e-02 -3.768203e-02 -4.136752e-02 -4.396005e-02 -1.182665e-01 -1.111851e-01 -5.400150e-02 -2.862616e-02 -2.567998e-02 -1.746692e-02 -6.574187e-02 -4.749632e-02 9.462284e-03 1.997723e-02 1.374093e-03 1.434380e-02 2.062686e-02 3.338885e-02 1.692366e-02 3.323515e-02 4.707151e-02 3.771198e-02 2.170009e-02 3.680929e-02 1.563884e-02 7.997463e-03 4.664322e-03
<VARIANCE> 52
 9.183498e+00 3.557684e+00 7.286608e+00 8.555751e+00 9.701906e+00 1.286724e+01 1.282665e+01 1.473112e+01 1.387212e+01 1.511351e+01 1.333357e+01 1.281007e+01 3.346352e+01 1.985875e-01 2.734235e-01 4.209193e-01 5.714451e-01 7.284420e-01 1.063760e+00 1.218771e+00 1.241882e+00 1.363369e+00 1.182501e+00 1.015303e+00 1.153705e+00 7.117286e-02 3.418655e-02 4.604070e-02 7.922242e-02 1.202057e-01 1.486767e-01 2.003987e-01 2.312151e-01 2.562440e-01 2.527057e-01 2.431927e-01 1.968611e-01 2.419334e-01 1.000000e-02 1.000000e-02 1.269062e-02 1.845670e-02 2.628374e-02 3.615762e-02 5.006540e-02 5.455059e-02 6.004205e-02 6.369449e-02 5.597818e-02 4.742985e-02 5.517886e-02 1.000000e-02
<GCONST> 4.835537e+01
<MIXTURE> 3 3.012860e-01
<MEAN> 52
 -1.189955e+01 -3.719651e+00 -3.618142e+00 -4.281324e+00 -3.390810e+00 -2.602470e+00 -4.198785e+00 -2.721508e+00 -3.682978e+00 -2.289515e+00 -2.711429e+00 -1.584332e+00 5.469429e+01 2.120608e-01 3.356766e-01 1.934700e-01 4.367377e-01 3.798209e-01 2.385647e-01 6.854340e-02 3.864193e-02 5.271972e-01 6.853494e-01 4.607878e-01 3.734191e-01 -9.676088e-02 2.942615e-02 1.882252e-02 -2.514031e-02 7.064986e-02 7.188864e-02 1.094122e-01 1.575011e-01 1.739841e-01 2.123039e-01 1.557535e-01 1.743998e-01 1.046162e-01 1.528488e-02 -3.603669e-02 -3.727077e-02 -4.038865e-02 -9.155063e-02 -7.792687e-02 -2.946130e-02 -2.083315e-02 -2.553901e-02 -1.138276e-01 -1.474552e-01 -9.722975e-02 -9.150664e-02 6.861239e-03
<VARIANCE> 52
 1.488726e+01 9.962416e+00 1.009833e+01 1.171624e+01 1.303338e+01 1.548775e+01 2.056606e+01 2.005883e+01 2.046025e+01 1.946061e+01 1.593361e+01 1.454825e+01 1.210428e+01 3.084452e-01 5.506807e-01 7.868944e-01 8.972334e-01 1.196701e+00 1.051066e+00 1.655418e+00 1.763493e+00 1.507671e+00 1.308531e+00 1.230841e+00 1.124205e+00 2.344749e-01 3.905252e-02 8.191767e-02 1.077420e-01 1.566410e-01 2.129124e-01 2.205107e-01 2.972629e-01 2.872687e-01 3.687111e-01 3.583943e-01 2.373308e-01 2.592470e-01 2.305239e-02 1.286933e-02 2.436531e-02 3.258589e-02 4.247798e-02 5.671651e-02 5.185370e-02 8.003943e-02 8.726236e-02 7.054051e-02 6.766536e-02 5.719978e-02 5.058059e-02 1.000000e-02
<GCONST> 6.416564e+01
<STATE> 9
<NUMMIXES> 3
<MIXTURE> 1 1.782566e-01
<MEAN> 52
 -5.284656e+00 5.635931e-01 3.252936e+00 -4.223913e+00 -7.993962e+00 -2.557190e+00 -5.507193e+00 -6.802779e+00 -2.758431e+00 -3.945318e+00 -8.192550e-02 -5.147774e-01 6.086510e+01 5.705233e-02 -2.806416e-03 -4.030581e-01 6.435294e-02 2.500891e-01 3.955731e-01 1.081346e-01 -1.584597e-01 3.908539e-01 -9.105711e-02 -1.289808e-01 -1.187971e-01 -4.345781e-01 -9.884577e-02 -9.733631e-02 -4.256125e-02 7.655049e-02 1.126694e-01 1.250565e-01 1.023472e-01 8.101858e-03 3.251581e-02 7.744943e-02 3.214009e-02 4.905851e-02 6.396195e-02 -5.347881e-03 -1.431308e-02 5.834662e-02 -1.015880e-02 -4.842980e-02 -5.821924e-02 -3.983291e-02 8.584357e-03 -7.472042e-02 2.193655e-02 -1.455405e-02 1.781909e-02 5.615548e-02
<VARIANCE> 52
 2.374321e+01 4.494854e+01 9.682256e+01 9.968653e+01 3.553447e+01 3.627424e+01 2.267271e+01 6.690302e+01 3.373581e+01 3.357037e+01 3.658427e+01 1.959243e+01 7.705463e+01 4.862272e-01 1.001992e+00 1.665807e+00 1.190296e+00 1.970943e+00 3.313566e+00 2.385793e+00 1.885331e+00 1.373885e+00 2.120426e+00 2.464472e+00 1.573426e+00 9.769707e-01 7.918292e-02 1.652511e-01 2.514082e-01 1.904555e-01 4.193586e-01 7.153316e-01 4.416859e-01 3.822538e-01 3.317459e-01 4.123809e-01 3.142571e-01 3.511542e-01 1.477348e-01 1.901224e-02 3.315529e-02 5.308106e-02 4.057364e-02 9.896791e-02 1.429179e-01 1.053505e-01 7.901771e-02 6.540702e-02 9.167826e-02 7.805096e-02 7.251884e-02 2.333985e-02
<GCONST> 9.683259e+01
<MIXTURE> 2 4.201763e-01
<MEAN> 52
 -1.040503e+01 -1.244567e+00 -2.050214e+00 -1.952047e+00 7.061256e-02 1.035137e+00 -2.537261e+00 9.820320e-02 1.965678e-01 -9.156637e-01 -8.215007e-01 2.119877e-01 4.772688e+01 1.561161e-01 2.712299e-01 1.836692e-01 2.429604e-01 2.661832e-01 2.411583e-01 7.740363e-02 -7.341700e-02 -6.216067e-02 2.982652e-01 1.441634e-01 1.324091e-01 8.974265e-03 -2.174369e-02 -6.962506e-02 -1.058200e-01 -2.296274e-01 -2.057833e-01 -2.384097e-01 -9.524341e-02 -9.911375e-02 -1.557491e-01 -1.083954e-01 -1.589215e-01 -8.211850e-02 4.572022e-02 -2.258198e-02 -3.018157e-02 -2.565752e-02 -5.425198e-02 -7.985581e-02 -6.014869e-02 -2.597367e-02 7.452017e-03 8.008350e-03 -5.489894e-02 -3.906130e-02 -3.678886e-02 1.982782e-02
<VARIANCE> 52
 1.097977e+01 6.613936e+00 1.203150e+01 1.713131e+01 1.188296e+01 1.170651e+01 1.513393e+01 1.777235e+01 1.460992e+01 2.048622e+01 2.109805e+01 1.649881e+01 5.884994e+01 2.739887e-01 4.644682e-01 8.010989e-01 1.275892e+00 1.410051e+00 1.606977e+00 1.417727e+00 1.413404e+00 2.070811e+00 2.231456e+00 1.919590e+00 1.419698e+00 1.368025e-01 6.916370e-02 1.136370e-01 1.456179e-01 2.263369e-01 2.910423e-01 2.907710e-01 2.817256e-01 3.430977e-01 4.222053e-01 4.752542e-01 4.215845e-01 2.964500e-01 2.742931e-02 1.425008e-02 2.205908e-02 2.834426e-02 5.932499e-02 7.630325e-02 8.076426e-02 6.374595e-02 7.001208e-02 1.042764e-01 1.231702e-01 9.564108e-02 7.039052e-02 1.000000e-02
<GCONST> 7.209768e+01
<MIXTURE> 3 4.015671e-01
<MEAN> 52
 -8.867942e+00 -2.966711e+00 -4.745212e+00 -5.039773e+00 -4.342597e+00 -2.479194e+00 -4.309441e+00 -3.425206e+00 -1.915402e+00 -1.349217e+00 -1.562756e+00 -6.612244e-01 5.136241e+01 -1.813913e-01 -1.677045e-01 -2.327923e-01 -2.649465e-01 -2.650890e-01 2.989339e-01 3.535230e-01 3.875884e-01 6.878000e-02 -2.164662e-01 -3.056024e-01 -1.627709e-01 -8.855884e-02 -9.254546e-03 6.657027e-02 1.582418e-01 2.577642e-01 2.691816e-01 1.790366e-01 1.030124e-01 2.203392e-01 9.647121e-02 -6.825049e-03 -6.634190e-02 -3.952286e-02 8.344125e-02 6.399301e-02 8.470448e-02 8.551344e-02 8.670174e-02 8.310366e-02 -4.237847e-02 -1.217244e-01 -1.047733e-01 -2.100191e-02 4.546786e-02 5.991636e-02 3.643096e-02 6.826530e-02
<VARIANCE> 52
 8.501614e+00 6.074041e+00 7.617023e+00 1.147901e+01 1.173720e+01 1.602356e+01 1.543257e+01 1.371449e+01 1.360722e+01 1.587489e+01 1.577592e+01 1.996387e+01 1.275548e+01 2.286845e-01 4.041165e-01 6.298795e-01 9.468974e-01 1.064255e+00 1.425277e+00 1.506619e+00 1.538297e+00 1.233259e+00 1.262836e+00 1.248809e+00 1.352369e+00 8.996768e-02 5.155332e-02 8.477124e-02 1.226202e-01 1.749726e-01 2.128641e-01 2.172633e-01 2.447433e-01 2.885779e-01 2.656947e-01 3.011144e-01 2.705112e-01 2.840177e-01 2.417507e-02 1.592549e-02 2.170023e-02 3.306841e-02 5.000955e-02 6.519667e-02 7.121217e-02 7.826473e-02 8.281673e-02 6.459790e-02 6.033788e-02 5.611475e-02 6.210335e-02 1.182699e-02
<GCONST> 6.092464e+01
<STATE> 10
<NUMMIXES> 3
<MIXTURE> 1 3.697479e-01
<MEAN> 52
 -9.454204e+00 -3.896470e+00 -4.814485e+00 -5.716221e+00 -4.196008e+00 -4.211150e+00 -6.175472e+00 -2.250277e+00 -1.562505e+00 -1.168818e+00 -3.518774e+00 -2.591623e+00 5.506377e+01 -1.337099e-01 1.925994e-01 2.833124e-01 1.700748e-01 9.912142e-02 -6.163046e-02 -1.323968e-01 -1.010385e-01 1.013852e-02 1.659027e-01 5.214273e-01 5.556396e-01 -4.235198e-02 1.470051e-01 1.629888e-01 2.405412e-01 2.221596e-01 1.760943e-01 1.488394e-01 1.123683e-01 6.614064e-02 3.357236e-02 4.193951e-02 1.492626e-02 3.445451e-02 1.155167e-01 7.027545e-02 3.712690e-02 5.394514e-02 2.368084e-02 -7.231395e-03 -4.021611e-04 -2.665908e-02 -7.859973e-03 -3.191848e-02 -4.913577e-02 -1.127596e-01 -1.036223e-01 8.707654e-02
<VARIANCE> 52
 1.116572e+01 1.443097e+01 1.497765e+01 1.624420e+01 1.535514e+01 1.858107e+01 1.916476e+01 2.105638e+01 2.007979e+01 2.496743e+01 3.022479e+01 2.305591e+01 1.190154e+01 3.211050e-01 4.293868e-01 7.798086e-01 1.209029e+00 1.153268e+00 1.816038e+00 1.780642e+00 1.858019e+00 1.201550e+00 1.286711e+00 1.599267e+00 1.316111e+00 1.442017e-01 1.331851e-01 2.025894e-01 2.199999e-01 2.787981e-01 2.438614e-01 3.155301e-01 3.137824e-01 3.394039e-01 2.713333e-01 2.676108e-01 4.534493e-01 3.058738e-01 7.161625e-02 1.809357e-02 2.583939e-02 5.890565e-02 6.121273e-02 5.311802e-02 6.982308e-02 7.542013e-02 7.647514e-02 4.784648e-02 6.054698e-02 7.565212e-02 5.946810e-02 1.638089e-02
<GCONST> 7.433118e+01
<MIXTURE> 2 3.133253e-01
<MEAN> 52
 -9.701224e+00 -4.142688e+00 -4.752209e+00 -3.025654e+00 -1.275788e+00 -6.951197e-03 -3.858340e-02 1.240545e+00 -3.427883e-01 -1.737778e+00 -3.139988e+00 -8.061028e-01 5.201675e+01 -2.030526e-01 -2.325637e-01 -3.728226e-01 -2.942907e-01 -1.705532e-01 3.980146e-02 1.149643e-01 7.356288e-01 4.121552e-01 1.705929e-01 -2.660456e-01 -1.607091e-01 5.078739e-02 1.856752e-02 1.855809e-01 1.735502e-01 -3.635908e-03 -1.127749e-01 -3.388653e-01 -4.812570e-01 -4.606282e-01 -2.218179e-01 -7.114629e-02 8.211720e-02 6.067466e-03 2.499553e-01 1.080006e-01 1.420155e-01 2.217807e-01 7.505640e-02 -3.165581e-02 -9.036630e-02 -1.413841e-01 -2.282076e-01 -1.797202e-01 -8.865589e-02 4.929540e-02 3.657547e-02 1.549131e-01
<VARIANCE> 52
 7.765757e+00 2.001083e+01 1.753238e+01 1.172888e+01 1.497234e+01 1.406921e+01 1.742918e+01 2.040919e+01 2.099021e+01 3.033376e+01 2.073582e+01 2.089038e+01 1.728824e+01 3.187919e-01 6.351001e-01 8.874379e-01 1.072230e+00 1.019396e+00 1.624565e+00 1.334999e+00 1.850513e+00 2.238373e+00 2.846446e+00 2.530744e+00 1.692125e+00 2.799536e-01 1.498598e-01 1.343389e-01 1.464269e-01 1.975997e-01 2.553410e-01 2.615891e-01 3.968404e-01 4.507838e-01 4.562576e-01 4.385239e-01 4.347355e-01 3.270229e-01 1.371198e-01 2.643035e-02 2.745029e-02 4.721409e-02 5.321582e-02 5.874368e-02 8.131515e-02 8.057845e-02 9.290298e-02 9.936539e-02 1.117620e-01 1.184075e-01 7.901162e-02 3.017469e-02
<GCONST> 8.079003e+01
<MIXTURE> 3 3.169268e-01
<MEAN> 52
 -8.638328e+00 -2.272388e+00 -2.740624e+00 -1.968963e+00 -1.085639e+00 -2.225387e-01 -3.107765e+00 -3.023693e+00 -2.672570e+00 -1.942026e+00 -2.134373e+00 2.262088e-02 5.314985e+01 -1.796784e-01 2.987211e-02 5.772964e-02 2.013118e-01 2.828784e-01 1.705572e-01 -3.841829e-01 -8.581304e-01 -5.688596e-01 -5.514922e-01 -6.521844e-01 -4.417885e-01 4.732479e-01 -4.674134e-02 -2.397475e-02 3.910879e-02 -6.474760e-02 -2.112112e-01 -1.998390e-01 -9.841429e-02 3.507890e-02 -9.297625e-02 -1.254075e-02 -5.876644e-02 -1.681408e-01 2.393180e-01 3.868568e-02 -4.034755e-03 3.899701e-02 -3.761630e-02 -8.377618e-02 -1.338220e-02 1.820685e-02 1.599870e-01 1.055669e-01 1.210100e-01 1.214518e-01 6.713251e-02 2.024474e-02
<VARIANCE> 52
 1.154276e+01 1.159688e+01 2.003086e+01 2.124048e+01 3.307676e+01 2.109499e+01 2.286846e+01 2.543642e+01 2.231720e+01 2.001251e+01 2.528943e+01 1.489111e+01 1.790522e+01 1.135401e+00 2.091494e+00 1.551929e+00 1.875625e+00 3.750407e+00 2.447730e+00 2.075375e+00 2.067779e+00 1.925396e+00 2.163130e+00 2.052114e+00 1.841483e+00 9.470983e-01 2.051234e-01 3.114427e-01 2.791473e-01 3.522956e-01 6.736581e-01 4.055666e-01 4.087633e-01 4.940777e-01 3.865052e-01 4.402327e-01 4.079828e-01 3.079086e-01 2.848917e-01 5.193966e-02 7.649638e-02 5.923774e-02 8.039789e-02 1.661272e-01 1.101991e-01 1.008815e-01 9.222858e-02 7.542047e-02 9.904500e-02 9.009158e-02 7.993051e-02 5.514458e-02
<GCONST> 9.731065e+01
<STATE> 11
<NUMMIXES> 3
<MIXTURE> 1 4.301607e-01
<MEAN> 52
 -8.171645e+00 -1.017190e-01 -6.254975e-02 -1.685505e+00 -6.559335e-01 -9.893699e-01 -4.187597e+00 -3.230872e+00 -4.122867e+00 -2.398416e+00 -2.740673e+00 -6.418614e-01 5.596536e+01 2.108727e+00 2.052694e+00 2.705927e+00 8.988434e-01 -7.389321e-01 -1.292804e+00 -2.081999e+00 -9.206749e-01 -1.318186e+00 -4.804522e-01 -5.852111e-01 -3.733032e-01 2.206350e+00 2.804876e-01 -1.173875e-01 4.576320e-01 -2.522604e-01 -6.962050e-01 -3.942564e-01 -5.729518e-01 -1.048496e-04 -1.403628e-01 6.336535e-02 -2.103299e-02 1.651933e-02 6.763276e-01 -3.440296e-01 -3.923215e-01 -3.168997e-01 -2.153836e-01 -6.660663e-02 2.080095e-01 2.407886e-01 1.774680e-01 1.992853e-01 1.081761e-01 1.184011e-01 8.139131e-02 -1.235033e-01
<VARIANCE> 52
 1.954341e+01 3.431200e+01 3.181337e+01 2.557372e+01 3.305714e+01 3.708249e+01 3.580081e+01 3.039503e+01 2.820234e+01 2.924235e+01 3.139145e+01 2.433014e+01 3.878739e+01 1.689709e+00 2.402556e+00 4.209185e+00 4.024164e+00 5.380455e+00 5.521177e+00 5.643252e+00 4.915268e+00 4.179842e+00 3.267196e+00 3.493777e+00 3.301252e+00 3.439471e+00 4.186880e-01 8.601576e-01 7.074621e-01 4.872072e-01 7.006229e-01 7.522753e-01 8.693771e-01 6.848868e-01 6.192954e-01 6.447195e-01 6.004297e-01 4.945631e-01 6.160352e-01 6.433233e-02 9.526829e-02 1.402007e-01 1.098209e-01 2.239567e-01 2.233858e-01 2.292339e-01 2.079614e-01 1.551362e-01 1.556004e-01 1.331293e-01 1.481644e-01 1.373374e-01
<GCONST> 1.263297e+02
<MIXTURE> 2 3.461063e-01
<MEAN> 52
 -9.719673e+00 -2.895469e+00 -3.371667e+00 -3.787757e+00 -1.784621e+00 -8.093752e-01 -3.161640e+00 -1.433813e+00 -7.825215e-01 -4.781557e-01 -2.026318e+00 -7.017754e-01 5.351225e+01 4.917592e-01 6.118759e-01 7.837088e-01 7.222890e-01 6.760806e-01 1.248416e-01 -3.108253e-01 -4.039179e-02 -1.393477e-01 6.167960e-02 -1.900324e-01 -2.748889e-01 3.776858e-01 3.898925e-01 2.781587e-01 4.603764e-01 1.841126e-01 -4.033571e-02 -2.553467e-01 -4.461086e-01 -1.502650e-01 -2.153618e-01 -2.246504e-01 -1.481764e-01 -3.930033e-02 3.906561e-01 -2.999545e-02 -9.410936e-02 7.521595e-03 -1.219869e-01 -1.792394e-01 -5.494954e-02 -6.134692e-02 1.126514e-02 -3.044158e-02 -4.155230e-02 2.226195e-02 6.211825e-02 9.936514e-02
<VARIANCE> 52
 1.111610e+01 7.170683e+00 1.082042e+01 1.080491e+01 1.749037e+01 1.939477e+01 1.967618e+01 2.211324e+01 1.687947e+01 2.283334e+01 1.751995e+01 1.806002e+01 1.341552e+01 5.547514e-01 9.183287e-01 1.346215e+00 1.198442e+00 2.292790e+00 1.871705e+00 2.079278e+00 2.680182e+00 1.726537e+00 1.840902e+00 2.402029e+00 1.564282e+00 4.943255e-01 2.600816e-01 1.949414e-01 4.025234e-01 2.715748e-01 2.948675e-01 4.350042e-01 4.958184e-01 5.153027e-01 2.949167e-01 3.820206e-01 3.898588e-01 2.948343e-01 2.274193e-01 1.538976e-02 3.939369e-02 4.447178e-02 3.560958e-02 6.783962e-02 5.530012e-02 7.467172e-02 8.900273e-02 5.064398e-02 5.926204e-02 6.867664e-02 5.632857e-02 2.422020e-02
<GCONST> 8.169255e+01
<MIXTURE> 3 2.237330e-01
<MEAN> 52
 -9.985499e+00 -2.390727e+00 -3.653404e+00 -3.852848e+00 -3.256077e+00 -1.321670e+00 -3.162472e+00 -2.711132e+00 -2.401257e+00 -1.707029e+00 -2.649522e+00 -2.192581e+00 5.469959e+01 -1.267390e+00 1.082083e-01 4.237275e-01 -9.720647e-02 -3.698686e-01 -1.664680e-01 2.258512e-01 -6.425740e-01 -4.012056e-02 -2.383748e-01 8.550163e-01 4.492708e-02 2.793079e+00 2.929289e-01 3.927567e-01 1.032578e+00 8.007896e-02 -4.823330e-01 -3.525212e-02 -3.286749e-01 -2.284867e-01 -5.240421e-01 -1.638409e-01 2.884883e-01 8.649817e-02 8.639190e-01 3.150935e-01 5.861066e-02 2.135484e-01 1.893930e-02 -1.580369e-01 5.518403e-04 -2.144353e-01 1.206887e-01 -2.060110e-01 2.313157e-03 -1.430322e-01 -5.357160e-02 -2.710416e-01
<VARIANCE> 52
 1.281499e+01 2.055691e+01 1.788704e+01 2.202428e+01 2.933929e+01 2.183412e+01 2.871142e+01 2.846005e+01 2.271272e+01 1.599411e+01 1.696495e+01 1.937922e+01 3.370842e+01 8.712084e-01 3.022268e+00 3.932626e+00 2.339034e+00 4.775872e+00 4.397971e+00 4.305310e+00 3.014910e+00 3.258616e+00 2.255642e+00 2.180114e+00 1.611971e+00 2.861482e+00 2.881473e-01 3.040267e-01 8.144133e-01 4.996105e-01 7.594494e-01 6.669536e-01 7.754672e-01 5.540781e-01 6.954749e-01 5.765250e-01 3.955593e-01 4.905628e-01 5.207170e-01 3.372478e-02 1.444806e-01 1.596456e-01 1.072861e-01 1.940207e-01 2.002129e-01 1.787158e-01 1.369317e-01 1.336222e-01 1.181471e-01 1.005122e-01 9.592325e-02 1.251899e-01
<GCONST> 1.133114e+02
<TRANSP> 12
 0.000000e+00 1.000000e+00 0.000000e+00 0.000000e+00 0.000000e+00 0.000000e+00 0.000000e+00 0.000000e+00 0.000000e+00 0.000000e+00 0.000000e+00 0.000000e+00
 0.000000e+00 7.023697e-01 2.976304e-01 0.000000e+00 0.000000e+00 0.000000e+00 0.000000e+00 0.000000e+00 0.000000e+00 0.000000e+00 0.000000e+00 0.000000e+00
 0.000000e+00 0.000000e+00 8.914246e-01 1.085754e-01 0.000000e+00 0.000000e+00 0.000000e+00 0.000000e+00 0.000000e+00 0.000000e+00 0.000000e+00 0.000000e+00
 0.000000e+00 0.000000e+00 0.000000e+00 7.564003e-01 2.435997e-01 0.000000e+00 0.000000e+00 0.000000e+00 0.000000e+00 0.000000e+00 0.000000e+00 0.000000e+00
 0.000000e+00 0.000000e+00 0.000000e+00 0.000000e+00 7.726285e-01 2.273715e-01 0.000000e+00 0.000000e+00 0.000000e+00 0.000000e+00 0.000000e+00 0.000000e+00
 0.000000e+00 0.000000e+00 0.000000e+00 0.000000e+00 0.000000e+00 7.814892e-01 2.185108e-01 0.000000e+00 0.000000e+00 0.000000e+00 0.000000e+00 0.000000e+00
 0.000000e+00 0.000000e+00 0.000000e+00 0.000000e+00 0.000000e+00 0.000000e+00 8.504762e-01 1.495238e-01 0.000000e+00 0.000000e+00 0.000000e+00 0.000000e+00
 0.000000e+00 0.000000e+00 0.000000e+00 0.000000e+00 0.000000e+00 0.000000e+00 0.000000e+00 8.077158e-01 1.922842e-01 0.000000e+00 0.000000e+00 0.000000e+00
 0.000000e+00 0.000000e+00 0.000000e+00 0.000000e+00 0.000000e+00 0.000000e+00 0.000000e+00 0.000000e+00 6.924584e-01 3.075417e-01 0.000000e+00 0.000000e+00
 0.000000e+00 0.000000e+00 0.000000e+00 0.000000e+00 0.000000e+00 0.000000e+00 0.000000e+00 0.000000e+00 0.000000e+00 6.230492e-01 3.769508e-01 0.000000e+00
 0.000000e+00 0.000000e+00 0.000000e+00 0.000000e+00 0.000000e+00 0.000000e+00 0.000000e+00 0.000000e+00 0.000000e+00 0.000000e+00 6.118665e-01 3.881335e-01
 0.000000e+00 0.000000e+00 0.000000e+00 0.000000e+00 0.000000e+00 0.000000e+00 0.000000e+00 0.000000e+00 0.000000e+00 0.000000e+00 0.000000e+00 0.000000e+00
<ENDHMM>
