~o
<STREAMINFO> 1 13
<VECSIZE> 13<NULLD><MFCC_0><DIAGC>
~h "微"
<BEGINHMM>
<NUMSTATES> 6
<STATE> 2
<MEAN> 13
 2.829995e+00 -5.792016e+00 -4.879879e+00 -8.333140e+00 -9.238148e+00 -1.569173e+01 6.198478e+00 -6.388726e-01 -4.626568e+00 -3.747004e+00 -1.245800e+01 -2.914986e+00 6.701487e+01
<VARIANCE> 13
 1.510284e+01 9.525932e+00 2.542576e+01 4.901582e+01 4.490110e+01 3.351987e+01 2.970160e+01 2.849947e+01 2.944988e+01 4.314119e+01 2.266189e+01 2.608232e+01 2.407664e+01
<GCONST> 6.675725e+01
<STATE> 3
<MEAN> 13
 -2.731832e+00 7.836166e+00 -7.212669e+00 -2.124998e+01 -6.595771e+00 -1.831322e+01 -1.636868e+00 1.671908e+00 -2.557617e+00 -1.689969e+00 -9.763310e+00 -7.452678e+00 6.987328e+01
<VARIANCE> 13
 3.404686e+00 1.965740e+01 2.795820e+00 6.236619e+00 4.736167e+00 2.535515e+01 6.067305e+00 5.083417e+00 8.596395e+00 3.710030e+00 5.663761e+00 3.756763e+00 1.270909e+00
<GCONST> 4.593145e+01
<STATE> 4
<MEAN> 13
 -1.766714e+00 1.024856e+01 -1.613450e+00 -1.308679e+01 -1.135392e+01 -1.767541e+01 -1.364907e+00 -3.727960e+00 -3.508525e+00 -4.219111e+00 -8.992781e+00 -5.332683e+00 6.309888e+01
<VARIANCE> 13
 5.049892e+00 1.483767e+01 2.981738e+01 1.149197e+01 1.269166e+01 3.642036e+01 1.320175e+01 1.832956e+01 2.356582e+01 1.708668e+01 1.323400e+01 5.973516e+00 7.516611e+00
<GCONST> 5.805595e+01
<STATE> 5
<MEAN> 13
 -4.632812e+00 -2.162123e-01 2.253487e+00 -4.357123e+00 -6.128766e-01 -8.140550e+00 2.139048e+00 -5.161593e+00 5.005699e-02 -1.089653e+00 -5.483809e+00 -1.858240e+00 5.726301e+01
<VARIANCE> 13
 2.779978e+00 1.122675e+01 8.447773e+00 3.106761e+01 1.118245e+01 3.411565e+01 2.033454e+01 3.156935e+01 2.344170e+01 2.540372e+01 3.016894e+01 2.129375e+01 9.728812e-01
<GCONST> 5.813897e+01
<TRANSP> 6
 0.000000e+00 1.000000e+00 0.000000e+00 0.000000e+00 0.000000e+00 0.000000e+00
 0.000000e+00 8.711404e-01 1.288597e-01 0.000000e+00 0.000000e+00 0.000000e+00
 0.000000e+00 0.000000e+00 8.339160e-01 1.660841e-01 0.000000e+00 0.000000e+00
 0.000000e+00 0.000000e+00 0.000000e+00 8.325881e-01 1.674118e-01 0.000000e+00
 0.000000e+00 0.000000e+00 0.000000e+00 0.000000e+00 8.093521e-01 1.906479e-01
 0.000000e+00 0.000000e+00 0.000000e+00 0.000000e+00 0.000000e+00 0.000000e+00
<ENDHMM>
