~o
<STREAMINFO> 1 26
<VECSIZE> 26<NULLD><MFCC_D_0><DIAGC>
~h "rx"
<BEGINHMM>
<NUMSTATES> 12
<STATE> 2
<MEAN> 26
 1.784559e+00 -1.738071e+00 1.762402e+00 1.281754e+00 -6.649241e+00 -5.541126e+00 -1.809542e+01 -8.154387e+00 -3.087651e+00 -1.184986e+00 -5.136775e+00 -3.476383e+00 6.612143e+01 3.016660e-01 -1.161063e+00 5.101289e-01 -3.352535e-01 -1.308027e+00 -5.742396e-01 -1.635120e+00 1.099936e+00 2.879969e-01 -2.664060e-01 1.790036e-01 8.826754e-02 1.820929e+00
<VARIANCE> 26
 1.623348e+01 4.377434e+01 3.585392e+01 5.256145e+01 6.171138e+01 6.561864e+01 7.841529e+01 6.944757e+01 5.397250e+01 3.896651e+01 4.059290e+01 3.475516e+01 4.259446e+01 2.153148e+00 2.700019e+00 2.484319e+00 4.297306e+00 4.774569e+00 4.717486e+00 5.773197e+00 5.987973e+00 4.011853e+00 2.889932e+00 3.500531e+00 2.773714e+00 2.131477e+00
<GCONST> 1.137222e+02
<STATE> 3
<MEAN> 26
 -1.393300e+00 -6.777517e+00 9.509007e+00 -2.887179e+00 -1.641929e+01 -7.261075e+00 -1.806944e+01 2.525426e+00 -5.324625e+00 -4.296716e+00 6.365762e-01 -2.870859e+00 7.466560e+01 -1.037097e+00 6.501983e-01 1.800389e+00 -4.659756e-01 -8.974901e-01 -1.722706e-01 1.238769e+00 2.552828e-01 -1.556188e+00 -3.135885e-01 1.121566e+00 2.012085e-01 3.650462e-01
<VARIANCE> 26
 1.064586e+01 4.410429e+01 4.078037e+01 5.129609e+01 3.152584e+01 3.659244e+01 5.378695e+01 4.472364e+01 6.268588e+01 3.775323e+01 4.330773e+01 4.160124e+01 1.142444e+01 3.654648e-01 9.337690e-01 1.133555e+00 1.967156e+00 1.589522e+00 1.875466e+00 1.790245e+00 3.397643e+00 1.887527e+00 2.319988e+00 1.925055e+00 1.327532e+00 4.502707e-01
<GCONST> 9.836172e+01
<STATE> 4
<MEAN> 26
 -7.033765e+00 -5.192747e-01 1.543911e+01 -7.869699e+00 -1.657584e+01 -6.130152e+00 -1.506321e+01 -4.501894e+00 -1.231206e+01 -2.399264e+00 -1.900804e+00 -2.218052e+00 7.208333e+01 -8.868308e-01 2.146800e+00 3.030605e-01 3.998927e-01 1.411645e+00 7.611582e-02 8.130000e-01 -1.079255e+00 3.221602e-01 2.343363e-01 -3.741840e-01 2.864920e-01 -7.795583e-01
<VARIANCE> 26
 1.207636e+01 3.990076e+01 5.286473e+01 9.971393e+01 4.955266e+01 4.802927e+01 4.239023e+01 6.566206e+01 4.887974e+01 5.398013e+01 9.757547e+01 3.953675e+01 3.164139e+01 8.274739e-01 1.265281e+00 2.900956e+00 2.356810e+00 3.137895e+00 2.417402e+00 3.495180e+00 2.756279e+00 3.409985e+00 3.210631e+00 2.134729e+00 2.364259e+00 4.079480e-01
<GCONST> 1.072042e+02
<STATE> 5
<MEAN> 26
 -1.481205e+01 1.146139e+01 1.119371e+01 -3.563184e-01 -4.141714e+00 -6.408570e+00 -4.262531e+00 -4.720350e+00 -4.607507e+00 -2.188624e+00 -8.686450e-01 4.976688e-01 6.926505e+01 -3.946657e+00 1.616568e+00 -2.484801e+00 -1.192416e-02 2.794964e+00 6.536692e-01 2.575441e+00 3.427925e-01 1.695121e+00 7.814254e-01 -3.784754e-01 3.216199e-01 -5.110347e-01
<VARIANCE> 26
 3.639793e+01 2.074120e+01 3.247657e+01 2.512470e+01 4.111519e+01 3.927121e+01 4.218233e+01 3.910567e+01 2.942221e+01 3.223887e+01 2.697113e+01 2.391186e+01 1.911182e+01 1.029625e+00 4.399158e+00 3.318357e+00 4.472244e+00 3.765142e+00 2.899400e+00 3.642576e+00 3.222605e+00 3.295162e+00 3.388164e+00 2.950953e+00 2.109555e+00 5.152621e-01
<GCONST> 1.048248e+02
<STATE> 6
<MEAN> 26
 -2.782423e+01 8.473395e+00 7.456491e-01 -6.597761e+00 -3.748751e+00 -6.439628e+00 -2.771064e+00 -3.693469e+00 -2.601635e+00 -2.794693e-02 -8.289874e-01 3.100331e-01 6.855609e+01 -3.870094e-01 -7.661754e-01 -3.909215e-01 -6.389894e-01 -3.970950e-01 -2.133076e-02 -7.684410e-02 -1.391680e-01 -1.326175e-02 3.169994e-02 -4.470665e-02 -9.578785e-02 -2.033423e-01
<VARIANCE> 26
 1.024752e+01 2.126041e+01 3.223801e+01 3.008382e+01 2.377579e+01 4.751042e+01 3.662019e+01 2.735637e+01 2.474369e+01 2.647953e+01 2.145784e+01 1.876647e+01 1.496119e+01 2.652923e+00 1.036292e+00 2.892270e+00 1.883655e+00 1.729074e+00 1.685061e+00 1.575580e+00 1.866788e+00 1.689390e+00 1.883249e+00 1.720694e+00 1.398788e+00 2.281773e-01
<GCONST> 9.458643e+01
<STATE> 7
<MEAN> 26
 -1.496466e+01 7.110091e+00 9.604308e+00 -5.130340e+00 -8.083698e+00 -4.841321e+00 -5.572604e+00 -5.968832e+00 -6.034568e+00 -2.181859e+00 -1.161342e+00 -1.064890e+00 6.828103e+01 4.373368e+00 -2.269444e-01 2.529339e+00 -1.072150e-01 -2.248819e+00 3.522134e-01 -1.803498e+00 -5.291992e-01 -1.665520e+00 -4.114130e-01 4.261421e-01 -5.321541e-01 7.879654e-01
<VARIANCE> 26
 6.854692e+01 2.601010e+01 5.002619e+01 3.743608e+01 4.981381e+01 4.277449e+01 4.336063e+01 4.303246e+01 3.912336e+01 2.750427e+01 3.026760e+01 2.167214e+01 2.329228e+01 2.291237e+00 2.731521e+00 3.628963e+00 5.576448e+00 3.973366e+00 4.310925e+00 3.305812e+00 3.766568e+00 3.309150e+00 4.107658e+00 3.663177e+00 2.693565e+00 1.072905e+00
<GCONST> 1.097902e+02
<STATE> 8
<MEAN> 26
 -5.201018e+00 3.362043e+00 1.566154e+01 -9.781129e+00 -1.616729e+01 2.200085e-01 -9.670344e+00 -5.728079e+00 -1.062661e+01 -4.740428e-02 3.122460e+00 -5.435362e+00 7.228101e+01 6.466096e-01 -3.601388e-01 -4.757020e-01 -4.761753e-01 2.496628e-01 1.096640e+00 -1.916985e-01 -1.245387e-01 4.795396e-02 8.007193e-01 -2.565481e-01 -1.120379e+00 -1.376648e-01
<VARIANCE> 26
 1.157798e+01 1.753745e+01 2.148944e+01 4.578372e+01 3.797565e+01 5.255851e+01 3.955494e+01 4.914695e+01 3.238106e+01 4.835798e+01 3.687891e+01 3.410256e+01 1.047086e+01 3.836063e-01 7.221993e-01 1.007856e+00 2.137051e+00 2.125564e+00 2.477241e+00 1.979274e+00 1.779443e+00 1.765225e+00 1.808875e+00 2.157904e+00 1.675487e+00 3.692315e-01
<GCONST> 9.585670e+01
<STATE> 9
<MEAN> 26
 -3.214877e+00 2.891034e+00 8.063991e+00 -9.509007e+00 -1.024384e+01 -2.352266e+00 -1.354640e+01 -7.997258e+00 -8.932352e+00 -1.274727e+00 -5.263238e+00 -6.051921e+00 6.702555e+01 7.572536e-01 -1.784283e-01 -1.037662e+00 1.775217e+00 7.792479e-01 -1.234130e+00 5.911742e-01 2.341617e-01 8.771487e-02 -5.354500e-01 -3.989488e-01 2.281314e-01 -8.568473e-01
<VARIANCE> 26
 1.468567e+01 2.806696e+01 4.460117e+01 9.725817e+01 3.777689e+01 7.474501e+01 8.045794e+01 6.298399e+01 5.198544e+01 7.423949e+01 6.946573e+01 4.703111e+01 3.619273e+01 4.376554e-01 8.926990e-01 1.146244e+00 2.122270e+00 1.869399e+00 2.711244e+00 2.670083e+00 2.264462e+00 2.587987e+00 2.767315e+00 2.371681e+00 2.382442e+00 3.517571e-01
<GCONST> 1.046238e+02
<STATE> 10
<MEAN> 26
 6.488696e-01 3.943357e+00 6.058747e+00 1.799562e+00 -6.698246e+00 -4.108827e+00 -6.541238e+00 -7.434395e+00 -7.461768e+00 -1.303775e+00 -3.981668e+00 -5.162014e+00 6.477390e+01 -1.305083e-01 -1.064248e-01 -1.440917e-01 3.492075e-01 7.086499e-01 4.362103e-01 -6.588814e-02 4.363967e-02 6.500193e-01 -8.237965e-02 -4.317765e-01 1.945742e-01 -6.409342e-01
<VARIANCE> 26
 8.596163e+00 2.261176e+01 3.272511e+01 3.861470e+01 3.748317e+01 4.620246e+01 4.543476e+01 4.684845e+01 5.242287e+01 5.397789e+01 4.665296e+01 3.916660e+01 2.789637e+01 6.135701e-01 9.822866e-01 1.013228e+00 1.587345e+00 1.941036e+00 1.879412e+00 2.649931e+00 3.463910e+00 2.608948e+00 2.411006e+00 2.324126e+00 1.776327e+00 7.225068e-01
<GCONST> 1.005153e+02
<STATE> 11
<MEAN> 26
 -5.611653e+00 5.639789e-01 2.605513e+00 -1.795583e+00 -3.119781e+00 -1.175023e+00 -4.788564e+00 -3.185612e+00 -2.406989e+00 -1.627374e+00 -3.312012e+00 -3.008079e+00 5.727733e+01 -7.140081e-01 -1.023023e+00 -1.026810e+00 -9.154073e-01 -5.566879e-01 -3.976548e-01 -1.355371e-01 2.141658e-01 4.874116e-01 1.943917e-01 3.835559e-01 3.533393e-01 -4.785422e-01
<VARIANCE> 26
 1.768253e+01 2.199525e+01 3.962749e+01 3.534057e+01 3.667730e+01 3.764809e+01 4.621127e+01 3.852636e+01 3.310943e+01 2.834810e+01 2.206063e+01 2.066238e+01 3.361816e+01 6.694941e-01 1.096759e+00 1.453026e+00 2.133627e+00 2.100984e+00 2.327734e+00 2.689181e+00 2.784265e+00 2.443709e+00 2.067480e+00 2.050767e+00 1.825464e+00 6.923270e-01
<GCONST> 9.918465e+01
<TRANSP> 12
 0.000000e+00 1.000000e+00 0.000000e+00 0.000000e+00 0.000000e+00 0.000000e+00 0.000000e+00 0.000000e+00 0.000000e+00 0.000000e+00 0.000000e+00 0.000000e+00
 0.000000e+00 8.264427e-01 1.735573e-01 0.000000e+00 0.000000e+00 0.000000e+00 0.000000e+00 0.000000e+00 0.000000e+00 0.000000e+00 0.000000e+00 0.000000e+00
 0.000000e+00 0.000000e+00 7.917508e-01 2.082492e-01 0.000000e+00 0.000000e+00 0.000000e+00 0.000000e+00 0.000000e+00 0.000000e+00 0.000000e+00 0.000000e+00
 0.000000e+00 0.000000e+00 0.000000e+00 7.792768e-01 2.207232e-01 0.000000e+00 0.000000e+00 0.000000e+00 0.000000e+00 0.000000e+00 0.000000e+00 0.000000e+00
 0.000000e+00 0.000000e+00 0.000000e+00 0.000000e+00 7.168757e-01 2.831244e-01 0.000000e+00 0.000000e+00 0.000000e+00 0.000000e+00 0.000000e+00 0.000000e+00
 0.000000e+00 0.000000e+00 0.000000e+00 0.000000e+00 0.000000e+00 8.504022e-01 1.495977e-01 0.000000e+00 0.000000e+00 0.000000e+00 0.000000e+00 0.000000e+00
 0.000000e+00 0.000000e+00 0.000000e+00 0.000000e+00 0.000000e+00 0.000000e+00 7.607910e-01 2.392090e-01 0.000000e+00 0.000000e+00 0.000000e+00 0.000000e+00
 0.000000e+00 0.000000e+00 0.000000e+00 0.000000e+00 0.000000e+00 0.000000e+00 0.000000e+00 7.461639e-01 2.538361e-01 0.000000e+00 0.000000e+00 0.000000e+00
 0.000000e+00 0.000000e+00 0.000000e+00 0.000000e+00 0.000000e+00 0.000000e+00 0.000000e+00 0.000000e+00 7.892931e-01 2.107069e-01 0.000000e+00 0.000000e+00
 0.000000e+00 0.000000e+00 0.000000e+00 0.000000e+00 0.000000e+00 0.000000e+00 0.000000e+00 0.000000e+00 0.000000e+00 8.227246e-01 1.772754e-01 0.000000e+00
 0.000000e+00 0.000000e+00 0.000000e+00 0.000000e+00 0.000000e+00 0.000000e+00 0.000000e+00 0.000000e+00 0.000000e+00 0.000000e+00 7.786871e-01 2.213130e-01
 0.000000e+00 0.000000e+00 0.000000e+00 0.000000e+00 0.000000e+00 0.000000e+00 0.000000e+00 0.000000e+00 0.000000e+00 0.000000e+00 0.000000e+00 0.000000e+00
<ENDHMM>
