~o
<STREAMINFO> 1 26
<VECSIZE> 26<NULLD><MFCC_D_0><DIAGC>
~h "sil"
<BEGINHMM>
<NUMSTATES> 12
<STATE> 2
<MEAN> 26
 -7.737518e+00 -2.729245e+00 -4.158723e+00 -3.111262e+00 1.204499e+00 -1.560451e+00 -1.982099e+00 -4.846463e-01 -5.294649e-01 1.549245e+00 -2.245590e+00 -4.397632e+00 5.796892e+01 -4.861308e-02 -1.922148e-01 -1.176192e-01 8.896609e-02 -2.150582e-01 -8.261864e-02 5.533348e-03 -6.481753e-02 1.459651e-02 -2.010839e-01 -4.411617e-02 1.050208e-01 -1.820592e-01
<VARIANCE> 26
 2.960522e+01 1.747133e+01 1.704463e+01 2.225789e+01 3.704004e+01 3.695176e+01 3.028865e+01 2.751578e+01 2.715349e+01 3.003501e+01 2.021682e+01 2.580915e+01 2.289060e+01 1.648344e+00 1.064040e+00 1.424670e+00 1.466727e+00 1.815338e+00 2.130893e+00 2.337828e+00 2.160778e+00 2.326821e+00 2.155862e+00 1.780374e+00 1.748474e+00 7.487150e-01
<GCONST> 9.674102e+01
<STATE> 3
<MEAN> 26
 -1.043971e+01 -2.079900e+00 -3.708022e+00 -4.983535e+00 -2.770083e+00 -2.781299e+00 -4.293181e+00 -3.849789e+00 -2.909252e+00 -2.012678e+00 -2.994285e+00 -1.838086e+00 5.509082e+01 -4.571554e-02 2.460662e-02 -2.850199e-02 -5.793781e-02 1.753058e-02 -4.098210e-02 5.761461e-02 -1.000624e-02 1.812177e-02 -6.482354e-02 6.237325e-02 1.171002e-01 -1.187831e-01
<VARIANCE> 26
 1.268715e+01 8.829526e+00 1.650340e+01 1.718328e+01 1.744125e+01 1.819664e+01 2.067426e+01 2.074598e+01 2.242004e+01 1.952830e+01 1.827436e+01 1.662093e+01 1.051737e+01 4.421519e-01 5.256826e-01 9.730545e-01 1.035330e+00 1.367745e+00 1.454507e+00 1.714137e+00 1.740721e+00 1.843969e+00 1.605305e+00 1.742091e+00 1.303652e+00 2.345351e-01
<GCONST> 8.490794e+01
<STATE> 4
<MEAN> 26
 -8.268046e+00 -2.721154e+00 -3.141364e+00 -4.055667e+00 -2.645386e+00 -1.940621e+00 -3.478418e+00 -2.512516e+00 -1.043048e+00 -1.480827e+00 -2.228316e+00 -9.465421e-01 5.233768e+01 1.473697e-02 -7.214958e-02 -2.850087e-02 1.242762e-02 1.881468e-02 -9.874591e-03 -8.317815e-03 6.044583e-02 2.884867e-02 -1.539196e-02 1.936500e-02 5.995611e-02 -3.937053e-02
<VARIANCE> 26
 4.963599e+00 5.592816e+00 7.830058e+00 1.210801e+01 1.417600e+01 1.623839e+01 1.782603e+01 1.792298e+01 1.816295e+01 1.665220e+01 1.665556e+01 1.515071e+01 6.601852e+00 2.065103e-01 3.719936e-01 5.390699e-01 7.826121e-01 1.081923e+00 1.232684e+00 1.438466e+00 1.413473e+00 1.551836e+00 1.457471e+00 1.487995e+00 1.298082e+00 8.452517e-02
<GCONST> 7.656800e+01
<STATE> 5
<MEAN> 26
 -9.946527e+00 -4.805536e+00 -3.864796e+00 -2.220376e+00 1.094285e+00 -5.578249e-01 -2.131717e+00 -1.785014e+00 -2.312824e+00 -1.968519e+00 -6.092206e-01 4.158337e-01 5.375273e+01 -2.408086e-01 -1.683832e-01 1.273885e-02 3.959520e-02 3.051071e-02 -1.107246e-01 -2.856942e-02 7.433887e-02 -3.904746e-02 -8.970597e-02 9.943602e-02 2.397268e-02 2.239119e-01
<VARIANCE> 26
 1.494238e+01 2.437230e+01 2.139109e+01 2.041908e+01 4.074335e+01 3.753426e+01 2.610083e+01 2.866311e+01 2.668136e+01 2.142575e+01 2.583112e+01 2.229393e+01 6.828838e+01 1.142104e+00 2.550452e+00 1.767605e+00 1.311563e+00 4.743138e+00 4.717688e+00 2.723184e+00 2.636609e+00 2.711172e+00 2.110572e+00 2.824657e+00 2.548688e+00 2.634297e+00
<GCONST> 1.023164e+02
<STATE> 6
<MEAN> 26
 -9.880728e+00 -5.528293e+00 -3.434171e+00 -2.635156e+00 -1.874385e+00 -4.993646e+00 -3.674727e+00 8.888002e-02 -1.246088e+00 -3.300275e+00 -2.362467e+00 -5.302428e-01 5.511035e+01 -2.194265e-02 -1.101290e-02 9.486633e-03 -1.264809e-01 -2.734348e-01 -1.397374e-01 -5.035882e-02 1.876647e-01 1.395472e-01 -1.878901e-02 -9.843626e-02 -7.462436e-02 -6.040355e-02
<VARIANCE> 26
 6.703748e+00 1.614545e+01 1.078634e+01 1.544343e+01 1.698769e+01 2.108959e+01 2.187259e+01 3.000978e+01 2.134155e+01 2.506037e+01 1.899545e+01 1.554970e+01 1.206866e+01 3.073598e-01 4.578871e-01 6.751173e-01 8.769046e-01 1.225748e+00 1.703446e+00 1.797334e+00 2.077652e+00 1.700845e+00 1.840805e+00 1.513938e+00 1.274680e+00 2.134372e-01
<GCONST> 8.423638e+01
<STATE> 7
<MEAN> 26
 -1.209683e+01 -5.137069e+00 -2.984696e+00 -4.385704e+00 -4.265672e+00 -3.558995e+00 -4.271387e+00 -4.621241e-01 -9.515623e-01 -1.472818e+00 -5.840972e-01 -8.633450e-01 5.777292e+01 1.555515e-01 7.471520e-02 -1.404538e-01 -3.617512e-02 -1.915688e-02 2.060880e-01 -2.841621e-02 -1.345726e-01 7.578217e-02 5.277207e-02 -2.533909e-02 -1.007591e-02 -1.865834e-01
<VARIANCE> 26
 1.692759e+01 1.621002e+01 1.489946e+01 2.554138e+01 2.538212e+01 2.615828e+01 2.902985e+01 3.493289e+01 2.914723e+01 2.499326e+01 2.424644e+01 2.019877e+01 2.344838e+01 4.793598e-01 6.359481e-01 8.370241e-01 1.076152e+00 1.513901e+00 1.774377e+00 1.791034e+00 2.168730e+00 2.161320e+00 2.238293e+00 1.709036e+00 1.468129e+00 2.942536e-01
<GCONST> 9.102628e+01
<STATE> 8
<MEAN> 26
 -6.996908e+00 -4.472131e+00 -6.261437e+00 -7.418564e+00 -3.741079e+00 -8.527737e-01 -3.884228e+00 -2.114103e+00 -1.094113e+00 -1.079516e+00 -3.277215e+00 -3.071550e+00 5.441170e+01 1.351301e-03 7.921201e-02 3.933037e-02 1.073969e-01 8.873017e-02 8.102302e-02 5.534734e-02 5.501970e-03 -1.508662e-02 1.049763e-01 -2.448826e-02 3.863486e-02 -1.031455e-01
<VARIANCE> 26
 6.768119e+00 9.342113e+00 1.876762e+01 2.295581e+01 1.502645e+01 2.121717e+01 2.109212e+01 2.054493e+01 1.982782e+01 2.709581e+01 2.564902e+01 2.138508e+01 1.322045e+01 2.541834e-01 4.678579e-01 6.662279e-01 9.465474e-01 1.088640e+00 1.408482e+00 1.432003e+00 1.600839e+00 1.669347e+00 1.786241e+00 1.680644e+00 1.417070e+00 9.203131e-02
<GCONST> 8.325023e+01
<STATE> 9
<MEAN> 26
 -9.244391e+00 -2.448298e+00 -3.559673e+00 -2.686872e+00 -1.944604e+00 -7.784433e-01 -2.496949e+00 -7.127479e-01 -6.719159e-01 -9.475482e-01 -1.362989e+00 -4.463515e-01 4.892223e+01 -8.438221e-03 6.994484e-02 1.439819e-02 1.291150e-02 4.750954e-02 3.941504e-02 6.011447e-03 2.346436e-02 -2.573610e-02 7.843770e-02 6.884325e-02 7.591942e-02 -3.250023e-02
<VARIANCE> 26
 5.880259e+00 5.061364e+00 7.766758e+00 1.219003e+01 1.348267e+01 1.412057e+01 1.418436e+01 1.705785e+01 1.619426e+01 1.611854e+01 1.565197e+01 1.459550e+01 2.433693e+01 2.310358e-01 3.633973e-01 5.684376e-01 8.696078e-01 1.002200e+00 1.308433e+00 1.271309e+00 1.447804e+00 1.525460e+00 1.493836e+00 1.367686e+00 1.200472e+00 1.062748e-01
<GCONST> 7.743108e+01
<STATE> 10
<MEAN> 26
 -1.089873e+01 -1.782291e+00 -3.533650e+00 -3.136937e+00 -2.627053e+00 -1.359495e+00 -3.484542e+00 -1.277645e+00 -1.846966e+00 -4.537713e-01 -1.533233e+00 -5.226901e-01 5.166425e+01 1.840933e-02 2.228175e-01 2.758350e-01 1.563659e-01 1.176747e-01 4.776379e-02 -8.640641e-02 -1.997936e-01 -1.390382e-01 -3.641014e-02 -8.382272e-02 -7.587597e-02 3.492720e-01
<VARIANCE> 26
 1.317344e+01 9.234621e+00 1.365254e+01 1.615918e+01 1.817126e+01 1.936191e+01 2.219812e+01 2.213102e+01 2.183542e+01 2.066061e+01 2.328062e+01 1.979812e+01 1.502993e+01 9.919005e-01 8.291335e-01 1.397373e+00 1.498435e+00 2.004207e+00 1.862860e+00 2.261477e+00 2.424754e+00 2.074012e+00 1.986183e+00 2.200891e+00 1.741996e+00 6.181651e-01
<GCONST> 9.083875e+01
<STATE> 11
<MEAN> 26
 -7.878721e+00 -1.064300e+00 -2.755722e-01 -1.735621e+00 -1.712452e+00 -6.923906e-01 -3.528598e+00 -3.740956e+00 -3.111323e+00 -2.134943e+00 -1.621782e+00 -6.513278e-01 5.637976e+01 6.314412e-01 7.880681e-01 1.201009e+00 4.677231e-01 -2.907276e-01 -4.728827e-01 -8.137262e-01 -4.654817e-01 -5.181932e-01 -2.628066e-01 -1.268331e-01 -1.841260e-01 1.392712e+00
<VARIANCE> 26
 1.942187e+01 3.568568e+01 5.449216e+01 2.730820e+01 4.217822e+01 3.140704e+01 3.043052e+01 3.570675e+01 2.642695e+01 2.606855e+01 3.040349e+01 2.278821e+01 4.211287e+01 2.852976e+00 3.483775e+00 5.058348e+00 2.746822e+00 5.201365e+00 4.849686e+00 4.789796e+00 3.728739e+00 3.346391e+00 2.830112e+00 3.137018e+00 2.532662e+00 4.213710e+00
<GCONST> 1.094246e+02
<TRANSP> 12
 0.000000e+00 1.000000e+00 0.000000e+00 0.000000e+00 0.000000e+00 0.000000e+00 0.000000e+00 0.000000e+00 0.000000e+00 0.000000e+00 0.000000e+00 0.000000e+00
 0.000000e+00 7.668747e-01 2.331253e-01 0.000000e+00 0.000000e+00 0.000000e+00 0.000000e+00 0.000000e+00 0.000000e+00 0.000000e+00 0.000000e+00 0.000000e+00
 0.000000e+00 0.000000e+00 7.422610e-01 2.577390e-01 0.000000e+00 0.000000e+00 0.000000e+00 0.000000e+00 0.000000e+00 0.000000e+00 0.000000e+00 0.000000e+00
 0.000000e+00 0.000000e+00 0.000000e+00 8.868572e-01 1.131428e-01 0.000000e+00 0.000000e+00 0.000000e+00 0.000000e+00 0.000000e+00 0.000000e+00 0.000000e+00
 0.000000e+00 0.000000e+00 0.000000e+00 0.000000e+00 7.564309e-01 2.435691e-01 0.000000e+00 0.000000e+00 0.000000e+00 0.000000e+00 0.000000e+00 0.000000e+00
 0.000000e+00 0.000000e+00 0.000000e+00 0.000000e+00 0.000000e+00 7.275673e-01 2.724327e-01 0.000000e+00 0.000000e+00 0.000000e+00 0.000000e+00 0.000000e+00
 0.000000e+00 0.000000e+00 0.000000e+00 0.000000e+00 0.000000e+00 0.000000e+00 7.702142e-01 2.297858e-01 0.000000e+00 0.000000e+00 0.000000e+00 0.000000e+00
 0.000000e+00 0.000000e+00 0.000000e+00 0.000000e+00 0.000000e+00 0.000000e+00 0.000000e+00 7.897885e-01 2.102115e-01 0.000000e+00 0.000000e+00 0.000000e+00
 0.000000e+00 0.000000e+00 0.000000e+00 0.000000e+00 0.000000e+00 0.000000e+00 0.000000e+00 0.000000e+00 8.437912e-01 1.562088e-01 0.000000e+00 0.000000e+00
 0.000000e+00 0.000000e+00 0.000000e+00 0.000000e+00 0.000000e+00 0.000000e+00 0.000000e+00 0.000000e+00 0.000000e+00 6.702324e-01 3.297676e-01 0.000000e+00
 0.000000e+00 0.000000e+00 0.000000e+00 0.000000e+00 0.000000e+00 0.000000e+00 0.000000e+00 0.000000e+00 0.000000e+00 0.000000e+00 6.515682e-01 3.484319e-01
 0.000000e+00 0.000000e+00 0.000000e+00 0.000000e+00 0.000000e+00 0.000000e+00 0.000000e+00 0.000000e+00 0.000000e+00 0.000000e+00 0.000000e+00 0.000000e+00
<ENDHMM>
