~o
<STREAMINFO> 1 26
<VECSIZE> 26<NULLD><MFCC_D_0><DIAGC>
~h "lx"
<BEGINHMM>
<NUMSTATES> 12
<STATE> 2
<MEAN> 26
 -3.857484e+00 2.552033e+00 1.222053e+01 -1.231524e+00 -8.263476e+00 -5.699400e+00 -1.059926e+01 -3.370195e+00 -8.125210e+00 -2.442038e+00 -1.842513e+00 -1.398455e+00 6.576498e+01 2.090458e-01 -2.562643e-02 1.720013e+00 -8.038065e-01 -2.183661e+00 -5.943663e-02 -6.842839e-01 2.428627e-01 -8.211686e-01 1.284468e-01 9.492941e-01 1.090214e-01 2.263589e+00
<VARIANCE> 26
 1.402312e+01 3.043022e+01 5.247961e+01 6.716885e+01 7.579324e+01 4.982629e+01 5.980425e+01 5.124218e+01 4.421756e+01 4.001308e+01 4.996604e+01 2.966821e+01 5.665063e+01 2.061173e+00 3.197843e+00 3.908197e+00 4.308177e+00 4.681809e+00 4.553646e+00 4.769932e+00 4.353736e+00 3.199207e+00 3.911634e+00 3.805863e+00 2.972960e+00 1.796978e+00
<GCONST> 1.134308e+02
<STATE> 3
<MEAN> 26
 -3.608030e+00 3.131256e+00 1.522256e+01 -5.273683e+00 -1.561453e+01 -5.335371e-01 -1.077775e+01 -4.034901e+00 -1.099723e+01 -5.126745e-01 3.970062e+00 -4.121153e+00 7.276199e+01 4.513722e-02 6.496156e-01 -4.167998e-01 -2.000628e-01 4.791607e-01 4.254963e-01 1.240422e-01 -7.043170e-01 -2.557869e-01 4.216916e-01 -2.576998e-01 -5.247654e-01 -1.723510e-01
<VARIANCE> 26
 1.239681e+01 2.662381e+01 4.820058e+01 7.852499e+01 3.660895e+01 6.364946e+01 5.591353e+01 6.329210e+01 5.052623e+01 4.764445e+01 3.463117e+01 3.686255e+01 1.193007e+01 3.774389e-01 7.284392e-01 1.184859e+00 1.505326e+00 1.574146e+00 2.373872e+00 2.202478e+00 2.106468e+00 2.165189e+00 1.649152e+00 1.763748e+00 1.637208e+00 2.800291e-01
<GCONST> 9.836597e+01
<STATE> 4
<MEAN> 26
 -4.234414e+00 7.383602e+00 9.156807e+00 -1.001496e+01 -1.241554e+01 -3.530304e+00 -1.403353e+01 -1.024343e+01 -1.155248e+01 9.471551e-02 -6.183614e+00 -3.818340e+00 6.849818e+01 -7.620723e-01 1.329010e+00 -7.680907e-01 8.500350e-01 1.031237e+00 -6.942953e-01 1.110810e+00 -4.269685e-01 5.468953e-01 -6.759614e-01 -8.365449e-02 4.284575e-01 -3.611861e-01
<VARIANCE> 26
 1.456964e+01 2.263543e+01 3.693780e+01 1.107615e+02 4.211391e+01 4.242134e+01 9.405177e+01 5.958856e+01 3.509089e+01 6.089318e+01 9.986069e+01 3.927517e+01 2.732879e+01 2.803994e+00 1.595762e+00 2.465029e+00 3.296421e+00 3.634076e+00 2.948162e+00 4.387656e+00 2.644578e+00 2.757122e+00 2.398973e+00 3.138937e+00 2.711325e+00 4.868880e-01
<GCONST> 1.089957e+02
<STATE> 5
<MEAN> 26
 -1.618964e+01 1.458272e+01 6.499643e+00 -1.273870e-03 -3.008283e+00 -4.497547e+00 -4.102804e-01 -7.926741e+00 -6.260297e+00 -3.042793e+00 -1.615499e+00 -1.691553e+00 6.981839e+01 -4.288800e+00 1.897958e-01 -1.859637e+00 3.414460e-01 1.957723e+00 1.172427e-01 1.443757e+00 8.969729e-01 1.608950e+00 -6.147234e-03 -4.273688e-01 4.409296e-01 -6.029648e-02
<VARIANCE> 26
 4.878358e+01 1.686503e+01 3.035820e+01 4.069056e+01 3.916930e+01 3.232662e+01 4.362065e+01 4.247870e+01 2.974499e+01 3.206036e+01 3.461486e+01 2.330219e+01 1.983343e+01 1.797387e+00 4.325974e+00 2.551707e+00 4.034824e+00 4.131688e+00 3.227010e+00 4.383758e+00 3.232007e+00 3.039559e+00 3.303491e+00 2.998254e+00 2.685805e+00 4.668948e-01
<GCONST> 1.060803e+02
<STATE> 6
<MEAN> 26
 -2.895548e+01 8.936319e+00 -8.663133e-01 -5.728593e+00 -2.666129e+00 -5.247730e+00 -1.829081e+00 -5.323030e+00 -3.649790e+00 -6.468300e-01 -1.307534e+00 -8.318493e-01 6.947277e+01 -4.219071e-01 -8.289119e-01 -7.167683e-02 -6.600193e-01 -2.859530e-01 -5.065091e-02 -1.805307e-01 1.207719e-01 4.203286e-02 1.037603e-01 1.243325e-02 1.049459e-01 -1.016798e-01
<VARIANCE> 26
 1.109100e+01 1.979893e+01 3.064645e+01 2.902686e+01 1.865507e+01 2.952794e+01 4.345646e+01 3.532372e+01 2.729450e+01 2.156541e+01 2.510075e+01 1.780516e+01 1.880559e+01 1.847522e+00 1.041372e+00 2.550561e+00 1.644356e+00 1.694286e+00 1.771345e+00 1.653713e+00 1.752938e+00 2.000479e+00 1.915575e+00 1.753237e+00 1.601183e+00 2.389217e-01
<GCONST> 9.422473e+01
<STATE> 7
<MEAN> 26
 -2.111399e+01 8.330525e+00 6.811348e+00 -4.426610e+00 -5.072789e+00 -6.116647e+00 -3.855196e+00 -7.078200e+00 -5.897548e+00 -3.161819e+00 -2.215257e+00 -9.677588e-01 6.943071e+01 4.406468e+00 -9.713131e-02 3.529428e+00 5.297008e-01 -2.362802e+00 -9.464830e-01 -2.921644e+00 -1.318537e+00 -1.963182e+00 -1.234821e+00 1.399031e-01 -1.179672e-01 8.780467e-01
<VARIANCE> 26
 4.800773e+01 2.443140e+01 4.438493e+01 2.715684e+01 3.385502e+01 3.484829e+01 4.625279e+01 4.185706e+01 2.965059e+01 2.481939e+01 2.037784e+01 1.904196e+01 2.197678e+01 1.718768e+00 2.884277e+00 3.247598e+00 3.582674e+00 3.429415e+00 3.025232e+00 3.222438e+00 3.007792e+00 3.007457e+00 2.315640e+00 2.974794e+00 1.999291e+00 7.543035e-01
<GCONST> 1.043476e+02
<STATE> 8
<MEAN> 26
 -1.004468e+01 3.716894e+00 1.549585e+01 -5.668232e+00 -1.377334e+01 -6.318312e+00 -1.494817e+01 -9.807584e+00 -1.209599e+01 -5.310487e+00 -7.747249e-01 -4.098577e-01 7.343456e+01 1.597472e+00 -1.678751e+00 1.535120e+00 -5.378227e-01 -1.707044e+00 6.826349e-01 -2.055406e+00 2.580013e-01 -9.640466e-01 -4.108083e-01 6.129283e-01 -3.772904e-01 6.946578e-01
<VARIANCE> 26
 1.366481e+01 2.739062e+01 3.509504e+01 6.008407e+01 2.924254e+01 3.868117e+01 4.645274e+01 6.813466e+01 3.610052e+01 4.309330e+01 4.103403e+01 4.525967e+01 1.717294e+01 1.754857e+00 1.211991e+00 2.462943e+00 1.961393e+00 3.594087e+00 2.584962e+00 3.593758e+00 2.179170e+00 2.466349e+00 2.453451e+00 3.040969e+00 2.534717e+00 6.130776e-01
<GCONST> 1.041444e+02
<STATE> 9
<MEAN> 26
 -8.643147e+00 1.096325e+00 1.829065e+01 -9.037295e+00 -1.628346e+01 -4.883512e+00 -1.732783e+01 -8.144983e+00 -1.355195e+01 -5.214615e+00 1.296321e-01 -3.044998e+00 7.301493e+01 2.072447e-01 -4.665454e-02 5.607885e-02 -1.351074e-01 -2.078203e-01 1.820521e-01 -5.121438e-02 1.198064e-01 -6.049052e-03 1.333750e-01 7.621130e-02 -1.763782e-01 -1.947248e-01
<VARIANCE> 26
 1.353600e+01 2.508922e+01 3.536382e+01 8.470518e+01 2.452039e+01 3.883210e+01 3.483133e+01 4.197420e+01 3.936631e+01 4.540978e+01 7.571537e+01 2.639686e+01 1.902283e+01 1.110985e-01 2.418707e-01 4.320781e-01 5.541236e-01 5.699323e-01 6.323063e-01 7.937338e-01 6.129796e-01 5.704966e-01 7.694791e-01 5.798495e-01 5.152591e-01 1.207460e-01
<GCONST> 8.286560e+01
<STATE> 10
<MEAN> 26
 -5.546930e+00 3.531382e+00 1.465262e+01 -4.087451e+00 -1.492798e+01 -6.135736e+00 -1.401938e+01 -7.608236e+00 -1.115796e+01 -4.225566e+00 -8.954600e-01 -2.982576e+00 6.869934e+01 5.085799e-01 3.627623e-01 -8.797950e-01 9.048633e-01 1.031135e+00 -2.640163e-01 9.979747e-01 1.872976e-01 5.105004e-01 2.589429e-01 -6.499284e-01 2.046819e-02 -1.290875e+00
<VARIANCE> 26
 1.275545e+01 2.882108e+01 3.545475e+01 8.699369e+01 4.669883e+01 7.456505e+01 6.331621e+01 5.443725e+01 4.671356e+01 4.966306e+01 5.957502e+01 3.004181e+01 2.628191e+01 7.138396e-01 1.027985e+00 1.336807e+00 2.148054e+00 2.891142e+00 2.172468e+00 2.817023e+00 2.203136e+00 2.208362e+00 1.924823e+00 2.405992e+00 1.494751e+00 9.823197e-01
<GCONST> 1.036521e+02
<STATE> 11
<MEAN> 26
 -6.860862e+00 1.467869e+00 6.824959e+00 -3.160302e+00 -6.768500e+00 -3.935740e+00 -8.018125e+00 -6.523047e+00 -6.411856e+00 -2.886099e+00 -1.966674e+00 -2.351223e+00 5.874514e+01 -5.515130e-01 -8.847641e-01 -1.101780e+00 -5.289997e-01 3.274452e-01 2.132574e-01 3.817919e-01 2.643181e-01 4.250668e-01 2.587801e-01 2.902523e-01 2.058850e-01 -6.134101e-01
<VARIANCE> 26
 1.616681e+01 2.799304e+01 4.577063e+01 5.017308e+01 4.925048e+01 4.509639e+01 4.803374e+01 4.114759e+01 3.423232e+01 2.594679e+01 3.846670e+01 2.142245e+01 4.078229e+01 9.368588e-01 1.344090e+00 2.452003e+00 2.677215e+00 4.286638e+00 2.611912e+00 3.125787e+00 2.830629e+00 2.550977e+00 2.340078e+00 3.041645e+00 1.806288e+00 1.852704e+00
<GCONST> 1.049602e+02
<TRANSP> 12
 0.000000e+00 1.000000e+00 0.000000e+00 0.000000e+00 0.000000e+00 0.000000e+00 0.000000e+00 0.000000e+00 0.000000e+00 0.000000e+00 0.000000e+00 0.000000e+00
 0.000000e+00 8.060731e-01 1.939269e-01 0.000000e+00 0.000000e+00 0.000000e+00 0.000000e+00 0.000000e+00 0.000000e+00 0.000000e+00 0.000000e+00 0.000000e+00
 0.000000e+00 0.000000e+00 8.615148e-01 1.384852e-01 0.000000e+00 0.000000e+00 0.000000e+00 0.000000e+00 0.000000e+00 0.000000e+00 0.000000e+00 0.000000e+00
 0.000000e+00 0.000000e+00 0.000000e+00 7.904794e-01 2.095207e-01 0.000000e+00 0.000000e+00 0.000000e+00 0.000000e+00 0.000000e+00 0.000000e+00 0.000000e+00
 0.000000e+00 0.000000e+00 0.000000e+00 0.000000e+00 7.350399e-01 2.649601e-01 0.000000e+00 0.000000e+00 0.000000e+00 0.000000e+00 0.000000e+00 0.000000e+00
 0.000000e+00 0.000000e+00 0.000000e+00 0.000000e+00 0.000000e+00 8.370420e-01 1.629580e-01 0.000000e+00 0.000000e+00 0.000000e+00 0.000000e+00 0.000000e+00
 0.000000e+00 0.000000e+00 0.000000e+00 0.000000e+00 0.000000e+00 0.000000e+00 6.689397e-01 3.310603e-01 0.000000e+00 0.000000e+00 0.000000e+00 0.000000e+00
 0.000000e+00 0.000000e+00 0.000000e+00 0.000000e+00 0.000000e+00 0.000000e+00 0.000000e+00 6.458713e-01 3.541287e-01 0.000000e+00 0.000000e+00 0.000000e+00
 0.000000e+00 0.000000e+00 0.000000e+00 0.000000e+00 0.000000e+00 0.000000e+00 0.000000e+00 0.000000e+00 8.616575e-01 1.383426e-01 0.000000e+00 0.000000e+00
 0.000000e+00 0.000000e+00 0.000000e+00 0.000000e+00 0.000000e+00 0.000000e+00 0.000000e+00 0.000000e+00 0.000000e+00 8.243755e-01 1.756245e-01 0.000000e+00
 0.000000e+00 0.000000e+00 0.000000e+00 0.000000e+00 0.000000e+00 0.000000e+00 0.000000e+00 0.000000e+00 0.000000e+00 0.000000e+00 8.050754e-01 1.949246e-01
 0.000000e+00 0.000000e+00 0.000000e+00 0.000000e+00 0.000000e+00 0.000000e+00 0.000000e+00 0.000000e+00 0.000000e+00 0.000000e+00 0.000000e+00 0.000000e+00
<ENDHMM>
