~o
<STREAMINFO> 1 39
<VECSIZE> 39<NULLD><MFCC_D_A_0><DIAGC>
~h "steer"
<BEGINHMM>
<NUMSTATES> 10
<STATE> 2
<MEAN> 39
 -1.734028e+001 7.358513e+000 5.344253e+000 -1.236978e+001 2.038156e+001 -1.738098e+001 9.334061e+000 -3.172487e+000 8.320626e+000 -3.037299e+000 -1.877766e+000 -7.659791e-001 5.905617e+001 -3.301286e+000 -2.513196e+000 -1.205437e+000 -1.637245e+000 7.128426e-001 -1.447361e+000 7.725976e-001 -7.953882e-001 1.650661e+000 -1.265935e+000 -1.767056e-001 -1.885916e-001 4.853363e+000 -1.685544e-002 1.247259e-001 1.101550e-001 9.946409e-001 -3.193026e-001 5.912197e-001 -1.968426e-001 2.383072e-001 -4.986737e-001 1.837271e-001 2.252076e-001 -1.132557e-001 -7.800661e-001
<VARIANCE> 39
 1.615663e+002 7.092207e+001 1.612705e+001 6.443827e+001 9.699013e+001 2.558018e+001 5.689939e+001 4.794102e+001 1.952240e+001 1.618190e+001 3.385089e+001 4.081148e+001 7.336434e+001 3.933464e+000 4.170716e+000 1.636890e+000 8.894874e+000 9.897433e+000 5.182706e+000 5.791305e+000 4.207578e+000 3.831012e+000 2.187773e+000 4.336110e+000 4.884429e+000 3.920118e+000 1.544462e+000 1.671749e+000 2.359224e-001 1.000175e+000 2.321927e+000 1.438402e+000 1.237347e+000 9.559486e-001 6.399640e-001 2.949289e-001 1.065260e+000 1.106336e+000 9.258373e-001
<GCONST> 1.394295e+002
<STATE> 3
<MEAN> 39
 -2.666870e+001 2.062377e-001 4.027160e-001 -9.149691e+000 1.743338e+001 -1.944359e+001 1.388645e+001 -9.661658e+000 6.190800e+000 -5.766264e+000 3.312183e+000 -4.268791e+000 7.154631e+001 4.646626e-001 -2.854304e-001 -4.845492e-002 2.546115e-001 -7.535107e-001 1.913166e-001 6.027776e-002 -6.835633e-001 -2.373264e-001 -8.427572e-002 2.411770e-001 -2.655265e-001 7.584764e-002 4.022604e-001 6.943270e-002 1.823922e-001 -3.323702e-002 -7.285535e-002 1.197132e-001 -2.036233e-001 -3.730796e-002 -2.612660e-002 7.006215e-002 -1.613726e-001 4.570705e-003 -4.141097e-001
<VARIANCE> 39
 2.161961e+001 1.294031e+001 1.091897e+001 1.763861e+001 1.932659e+001 1.783323e+001 2.119478e+001 2.262660e+001 2.370128e+001 1.553155e+001 1.414973e+001 1.385155e+001 7.484294e+000 3.298728e+000 1.654029e+000 1.470544e+000 2.052923e+000 1.659542e+000 1.703905e+000 3.628180e+000 2.928683e+000 3.155288e+000 2.031224e+000 2.660909e+000 1.986895e+000 2.398499e+000 3.258647e-001 2.466627e-001 2.314603e-001 4.072727e-001 3.393968e-001 3.099555e-001 6.349851e-001 7.015188e-001 6.573732e-001 4.336734e-001 4.825813e-001 4.417675e-001 2.561350e-001
<GCONST> 1.062829e+002
<STATE> 4
<MEAN> 39
 -1.561337e+001 -1.336787e+000 6.496692e+000 -1.105358e+001 7.262681e+000 -1.343105e+001 3.541172e+000 -1.262836e+001 4.373533e+000 -7.055797e+000 1.464461e+000 -6.126682e+000 5.837896e+001 8.133225e-001 -1.351158e-001 1.304097e+000 -4.912541e-001 -1.026543e+000 1.545472e-001 -1.143829e+000 9.581095e-002 -5.736105e-001 -4.720983e-001 -1.111233e-001 -1.358233e-001 4.851598e-001 -8.235667e-003 -1.470554e-001 1.924449e-001 1.356193e-001 -7.209565e-002 -8.955352e-002 -7.565602e-002 1.712999e-001 -2.413021e-001 -1.872519e-001 6.557187e-002 1.465168e-001 5.079411e-001
<VARIANCE> 39
 4.103671e+001 3.527500e+001 3.675552e+001 4.579340e+001 2.680249e+001 3.186142e+001 7.447868e+001 5.490094e+001 3.600694e+001 3.166700e+001 4.195864e+001 1.509471e+001 2.060857e+002 4.827864e+000 3.537656e+000 4.744597e+000 5.808465e+000 2.430517e+000 4.852542e+000 6.963817e+000 5.096614e+000 4.513208e+000 3.943244e+000 5.176309e+000 1.598870e+000 3.134083e+001 8.912899e-001 7.658774e-001 7.565129e-001 1.396757e+000 4.060933e-001 9.487237e-001 1.565590e+000 9.106933e-001 1.102422e+000 7.429705e-001 1.110212e+000 3.125270e-001 4.212481e+000
<GCONST> 1.401501e+002
<STATE> 5
<MEAN> 39
 -5.695644e+000 -7.707184e+000 2.281111e+001 -1.225963e+001 -3.290254e+000 -1.405958e+001 -1.012110e+001 -6.807662e+000 -7.605781e+000 -1.538760e+001 1.038803e-001 -4.299218e+000 7.603393e+001 1.680256e+000 -1.684312e+000 1.843245e+000 7.672924e-001 -1.563523e+000 9.120827e-001 -3.109270e+000 2.201344e+000 -3.100563e+000 -6.830014e-001 -2.857541e-001 4.067512e-001 5.396959e-001 -5.824504e-001 3.774836e-001 -9.180863e-001 -3.123941e-001 3.932357e-001 2.837951e-001 6.874616e-001 -8.116525e-002 5.949024e-001 7.987588e-001 -2.133432e-002 -1.677068e-001 -9.938415e-001
<VARIANCE> 39
 4.434938e+000 1.450950e+001 7.577168e+000 5.468052e+000 8.529722e+000 2.000282e+001 3.149014e+001 1.985076e+001 2.458786e+001 2.294788e+001 6.674216e+000 5.638031e+000 4.522110e+000 1.531841e+000 1.801421e+000 2.760471e+000 2.506336e+000 2.143535e+000 1.356308e+000 3.231465e+000 1.745210e+000 2.963473e+000 3.415654e+000 1.236809e+000 1.011847e+000 1.084631e+000 1.448574e-001 5.067814e-001 1.653989e-001 3.388177e-001 2.674351e-001 6.360135e-001 7.742175e-001 6.938182e-001 6.031963e-001 2.330713e-001 1.601100e-001 1.331493e-001 8.173581e-001
<GCONST> 9.708375e+001
<STATE> 6
<MEAN> 39
 -3.611648e+000 -9.255096e+000 2.096160e+001 -1.209158e+001 -7.685874e+000 -1.343347e+001 -1.085104e+001 -3.895960e+000 -9.746147e+000 -9.202621e+000 2.881805e-001 -2.120378e+000 7.582389e+001 2.056056e-001 -3.352064e-001 -1.047627e+000 1.001510e-001 -3.627032e-001 -6.824850e-001 1.026824e+000 -1.391311e-001 1.070046e+000 9.500409e-001 -2.617379e-002 5.414667e-001 1.346318e-001 3.666069e-003 -8.008994e-002 -2.905767e-001 -3.693928e-002 2.658069e-001 -1.444254e-001 3.257195e-001 -1.213312e-001 4.375716e-001 2.391575e-002 -2.221323e-001 -2.152189e-002 3.485255e-002
<VARIANCE> 39
 4.692024e+000 5.501202e+000 1.247230e+001 1.211074e+001 1.311993e+001 1.226239e+001 1.801224e+001 1.211097e+001 1.949960e+001 1.834685e+001 6.550052e+000 9.367281e+000 4.573062e+000 1.142678e-001 5.699598e-001 1.278525e+000 7.036574e-001 1.363019e+000 1.174994e+000 1.501706e+000 7.041159e-001 3.081205e+000 8.344880e-001 9.397223e-001 2.903379e-001 2.203185e-001 2.270282e-002 9.116192e-002 9.794843e-002 1.447396e-001 4.527917e-001 2.093174e-001 1.481613e-001 1.428654e-001 1.607984e-001 1.216790e-001 3.922211e-001 9.276225e-002 3.283296e-002
<GCONST> 7.043863e+001
<STATE> 7
<MEAN> 39
 7.529944e-001 -1.598215e+001 4.761514e+000 -1.119077e+001 -1.494067e+000 -1.471847e+001 4.044915e+000 -8.114465e+000 8.976428e+000 1.340773e+000 -1.180960e+001 -2.354427e+000 7.554821e+001 9.692413e-001 -3.718745e-001 -1.628544e+000 1.231895e+000 1.399352e+000 1.243102e+000 1.303834e+000 -2.328193e-001 1.465872e+000 6.421748e-001 -1.682367e+000 -5.671968e-001 -1.241856e+000 1.079216e-001 1.614082e-001 1.755224e-001 5.684991e-001 -1.411942e-001 2.294354e-001 -3.603174e-001 3.282396e-001 -4.641142e-001 -2.843328e-001 5.178518e-001 1.158501e-001 -4.456875e-001
<VARIANCE> 39
 7.644337e+000 1.090098e+001 1.194295e+001 2.300012e+001 2.039448e+001 3.892678e+001 1.412157e+001 1.199961e+001 1.691549e+001 2.900031e+001 3.960999e+001 1.910954e+001 9.743862e+000 3.242995e-001 1.224354e+000 1.035071e+000 4.235901e+000 3.332614e+000 4.924163e+000 1.433657e+000 2.243825e+000 2.129288e+000 3.411349e+000 5.936322e+000 2.895298e+000 1.293342e+000 5.721327e-002 1.833053e-001 1.943339e-001 3.626962e-001 6.631467e-001 1.303689e+000 2.544513e-001 5.115686e-001 2.604025e-001 5.735341e-001 7.619501e-001 6.794237e-001 6.133867e-002
<GCONST> 1.034860e+002
<STATE> 8
<MEAN> 39
 8.317598e+000 -1.632146e+001 -7.834868e+000 1.069407e+001 3.681042e+000 -8.781015e+000 5.095054e+000 2.056339e+000 9.191983e+000 -1.375967e+000 -6.259775e+000 -4.551811e-001 5.622654e+001 4.575800e-001 6.009278e-001 -9.603936e-001 2.418188e+000 6.867406e-001 -2.812513e-001 -1.000828e+000 1.495379e+000 -9.154426e-001 -3.240155e-001 1.333922e+000 4.582762e-001 -2.232763e+000 -1.062032e-001 3.814129e-001 3.444486e-001 -2.786664e-001 1.021831e-001 -1.397932e-001 -2.923811e-001 -2.059949e-001 -8.450658e-002 1.304858e-001 -8.569955e-002 -1.872676e-001 1.944016e-001
<VARIANCE> 39
 3.731961e+000 9.185773e+000 3.721427e+001 5.988379e+001 1.660285e+001 4.549487e+001 2.706977e+001 3.876790e+001 3.006774e+001 2.457527e+001 3.689992e+001 1.915351e+001 3.510243e+001 5.077541e-001 3.130572e+000 2.761169e+000 2.271567e+000 2.443227e+000 3.195898e+000 3.248904e+000 2.980943e+000 3.116471e+000 2.157364e+000 1.458265e+000 1.885960e+000 7.062106e-001 6.124540e-002 5.098604e-001 4.017775e-001 2.701851e-001 5.296093e-001 5.226337e-001 5.693851e-001 5.781670e-001 6.401350e-001 3.481107e-001 2.652225e-001 3.833942e-001 5.133778e-002
<GCONST> 1.075839e+002
<STATE> 9
<MEAN> 39
 1.128808e+001 8.540765e+000 -1.795451e+000 1.063019e+001 8.964292e+000 -5.060004e+000 -5.228621e+000 1.284788e+000 2.671881e+000 1.106503e-001 -1.066139e-001 -2.350917e+000 4.442430e+001 -3.614068e-001 1.901026e+000 1.122854e+000 -3.912094e-001 3.583027e-001 9.408473e-001 -4.087141e-001 -6.965166e-001 -2.501693e-001 3.997329e-001 3.527977e-001 -1.805518e-001 -7.886609e-001 -1.459350e-001 -2.747290e-001 -7.316956e-002 -1.281672e-001 -1.006095e-001 1.784746e-001 1.760524e-001 -1.054200e-001 1.074506e-001 7.343402e-002 -3.911797e-002 6.402561e-002 2.728169e-002
<VARIANCE> 39
 2.484666e+001 1.007271e+002 6.007765e+001 1.122015e+002 4.611110e+001 6.025571e+001 3.846657e+001 4.523079e+001 2.864919e+001 3.399973e+001 3.496334e+001 3.379423e+001 1.743732e+001 2.101203e+000 4.080936e+000 3.755011e+000 6.053310e+000 3.962850e+000 1.847282e+000 4.035231e+000 2.626388e+000 2.585604e+000 1.941233e+000 2.554999e+000 2.926163e+000 6.157763e-001 1.945222e-001 2.868790e-001 5.690817e-001 1.067012e+000 5.568829e-001 4.254406e-001 4.546177e-001 4.860212e-001 5.341718e-001 4.522633e-001 5.070300e-001 5.026713e-001 1.018563e-001
<GCONST> 1.218819e+002
<TRANSP> 10
 0.000000e+000 1.000000e+000 0.000000e+000 0.000000e+000 0.000000e+000 0.000000e+000 0.000000e+000 0.000000e+000 0.000000e+000 0.000000e+000
 0.000000e+000 7.573101e-001 2.426899e-001 0.000000e+000 0.000000e+000 0.000000e+000 0.000000e+000 0.000000e+000 0.000000e+000 0.000000e+000
 0.000000e+000 0.000000e+000 9.149845e-001 8.501554e-002 0.000000e+000 0.000000e+000 0.000000e+000 0.000000e+000 0.000000e+000 0.000000e+000
 0.000000e+000 0.000000e+000 0.000000e+000 9.116386e-001 8.836144e-002 0.000000e+000 0.000000e+000 0.000000e+000 0.000000e+000 0.000000e+000
 0.000000e+000 0.000000e+000 0.000000e+000 0.000000e+000 7.216011e-001 2.783989e-001 0.000000e+000 0.000000e+000 0.000000e+000 0.000000e+000
 0.000000e+000 0.000000e+000 0.000000e+000 0.000000e+000 0.000000e+000 9.074128e-001 9.258723e-002 0.000000e+000 0.000000e+000 0.000000e+000
 0.000000e+000 0.000000e+000 0.000000e+000 0.000000e+000 0.000000e+000 0.000000e+000 8.667652e-001 1.332348e-001 0.000000e+000 0.000000e+000
 0.000000e+000 0.000000e+000 0.000000e+000 0.000000e+000 0.000000e+000 0.000000e+000 0.000000e+000 8.874808e-001 1.125192e-001 0.000000e+000
 0.000000e+000 0.000000e+000 0.000000e+000 0.000000e+000 0.000000e+000 0.000000e+000 0.000000e+000 0.000000e+000 9.011300e-001 9.886996e-002
 0.000000e+000 0.000000e+000 0.000000e+000 0.000000e+000 0.000000e+000 0.000000e+000 0.000000e+000 0.000000e+000 0.000000e+000 0.000000e+000
<ENDHMM>
