~o
<STREAMINFO> 1 39
<VECSIZE> 39<NULLD><MFCC_D_A_0><DIAGC>
~h "standby"
<BEGINHMM>
<NUMSTATES> 10
<STATE> 2
<MEAN> 39
 -1.570284e+001 5.726847e+000 3.103472e-001 -7.541796e+000 1.776475e+001 -1.658568e+001 1.148801e+001 -7.286998e+000 4.758455e+000 -6.154283e+000 2.161534e+000 -4.024480e+000 6.882581e+001 -1.701108e+000 -1.008435e+000 -4.017207e-001 7.816353e-002 -1.533454e-002 -1.447456e-001 5.714203e-001 -9.953869e-001 3.259836e-001 -2.415892e-001 6.798795e-001 -2.064259e-001 1.817491e+000 1.182837e-001 -7.941812e-002 1.201630e-001 2.173332e-001 -2.154026e-001 2.964641e-001 -1.502419e-001 6.804135e-002 -3.269460e-004 8.923450e-002 -5.048377e-002 2.366529e-002 -6.322789e-001
<VARIANCE> 39
 2.171967e+002 4.323238e+001 3.906249e+001 2.812924e+001 5.608971e+001 3.489640e+001 2.921616e+001 3.466300e+001 2.760420e+001 2.930895e+001 2.908041e+001 1.641883e+001 7.837907e+001 1.011325e+001 5.321403e+000 4.338364e+000 5.918908e+000 6.307994e+000 7.160294e+000 3.299373e+000 2.773907e+000 2.923107e+000 3.431377e+000 3.656076e+000 2.145409e+000 7.933393e+000 1.620554e+000 1.123693e+000 9.513108e-001 9.495144e-001 1.126596e+000 1.424381e+000 7.840186e-001 6.315075e-001 6.599378e-001 7.571837e-001 8.003995e-001 5.200917e-001 6.609253e-001
<GCONST> 1.375276e+002
<STATE> 3
<MEAN> 39
 -1.439811e+001 -7.556417e+000 -1.404451e+000 -1.107537e+001 8.659500e+000 -1.251023e+001 8.063757e+000 -1.224778e+001 7.217772e+000 -5.100779e+000 3.117870e+000 -5.443820e+000 6.726682e+001 1.919551e+000 -1.365821e+000 -1.029813e-001 -2.100717e+000 -4.111335e-002 3.902005e-001 -1.213189e+000 2.409580e-001 -1.195852e-001 6.305262e-001 -1.243415e+000 -3.156788e-001 1.124340e+000 -8.564167e-002 4.774283e-002 -2.851097e-002 -1.205585e-001 3.236800e-001 4.442213e-002 4.825098e-002 -8.705468e-003 -1.368913e-001 -4.617238e-004 -2.484744e-001 -2.279621e-002 2.387747e-001
<VARIANCE> 39
 6.667420e+001 3.549130e+001 2.547467e+001 9.389252e+001 2.275412e+001 3.112424e+001 4.966127e+001 2.367071e+001 2.506269e+001 3.043497e+001 4.550361e+001 1.421195e+001 1.550104e+002 4.390556e+000 1.987639e+000 2.708441e+000 6.558041e+000 4.375048e+000 4.751250e+000 5.399417e+000 3.196534e+000 3.630905e+000 3.123773e+000 4.947577e+000 1.441324e+000 2.766695e+001 1.134715e+000 3.810748e-001 5.517416e-001 1.479082e+000 6.004078e-001 1.048295e+000 1.233451e+000 7.879199e-001 7.038831e-001 7.410241e-001 6.125783e-001 3.216680e-001 5.156727e+000
<GCONST> 1.354820e+002
<STATE> 4
<MEAN> 39
 -2.998186e+000 -1.528209e+001 -3.591631e+000 -2.378218e+001 1.602736e+001 -8.332749e+000 8.951790e-001 -1.416458e+001 6.655520e+000 -4.524672e+000 -1.271595e+001 -5.691766e+000 8.231433e+001 1.135315e-001 6.118386e-001 2.307046e-001 8.342983e-001 3.295752e-001 -5.581576e-001 3.323819e-002 -2.725276e-001 2.010023e-001 -6.068217e-001 -7.894163e-001 5.080722e-001 -6.974745e-001 1.748176e-002 4.188409e-001 1.526209e-001 3.103866e-001 -2.871916e-001 -4.884855e-001 2.408678e-002 4.559540e-002 -4.581805e-002 5.666212e-002 2.544083e-001 3.475389e-002 -3.601582e-001
<VARIANCE> 39
 1.745655e+000 4.226336e+000 3.604246e+000 9.302723e+000 6.658042e+000 1.227411e+001 5.217983e+000 1.209179e+001 1.421275e+001 1.707418e+001 8.818472e+000 5.847584e+000 3.831449e+000 1.620076e-001 1.166649e+000 2.437013e-001 3.329857e-001 8.134785e-001 2.240798e+000 5.935022e-001 1.056303e+000 5.161254e-001 1.099066e+000 5.830632e-001 4.558665e-001 3.356702e-001 6.905182e-002 5.366786e-002 8.233341e-002 3.298079e-001 9.925590e-002 9.041609e-002 1.528905e-001 2.164765e-001 2.386281e-001 2.282635e-001 3.174205e-001 9.744396e-002 1.702675e-001
<GCONST> 6.400405e+001
<STATE> 5
<MEAN> 39
 6.406955e-001 -3.899415e+000 4.145313e+000 -1.631050e+001 1.297586e+001 -1.492271e+001 9.293173e-001 -1.519356e+001 4.150984e+000 -3.864617e+000 -9.718606e+000 -2.665781e+000 6.850031e+001 1.182740e-001 6.649022e-001 6.444724e-001 7.061644e-001 -3.382274e-001 8.001503e-001 8.559931e-002 1.953660e-001 -4.831096e-001 1.928037e-001 9.185147e-001 1.490570e-001 -1.805060e+000 1.233355e-002 -2.655844e-001 -1.738932e-001 -2.617583e-001 -2.501167e-003 2.287799e-001 6.316521e-002 5.618259e-002 4.232282e-002 4.143109e-002 -8.333819e-002 8.458227e-002 2.308242e-001
<VARIANCE> 39
 1.060645e+001 2.656227e+001 2.101674e+001 5.755718e+001 2.451036e+001 4.690093e+001 1.991554e+001 2.256116e+001 6.142097e+001 2.705767e+001 3.191346e+001 7.909445e+000 8.475149e+001 1.934652e+000 5.427804e+000 3.079798e+000 1.051460e+001 3.657156e+000 5.000143e+000 2.063529e+000 2.693390e+000 1.070751e+001 2.764925e+000 2.106259e+000 1.432475e+000 1.457331e+001 4.590972e-001 1.343493e+000 7.805852e-001 3.160531e+000 7.354825e-001 7.836229e-001 4.280045e-001 5.054522e-001 2.467258e+000 6.636037e-001 6.627268e-001 3.188345e-001 4.368975e+000
<GCONST> 1.313305e+002
<STATE> 6
<MEAN> 39
 2.614913e+000 -8.066359e+000 1.700367e+000 -2.442202e+001 1.287081e+001 -3.861228e+000 4.109735e+000 -1.204683e+001 2.699581e+000 1.859375e+000 -9.439308e+000 2.156981e+000 6.691783e+001 1.754556e-001 -2.649879e+000 -1.783053e+000 -4.636095e+000 1.314963e+000 -4.490709e-001 8.201575e-001 -8.748645e-001 4.167780e-001 1.081811e+000 -1.843875e+000 4.582876e-001 5.144550e+000 -4.463207e-001 2.449482e-002 7.975747e-002 3.364623e-001 3.983405e-001 -2.996839e-001 -4.976378e-002 -2.684651e-001 1.592575e-001 -3.770208e-001 2.018486e-001 -4.744041e-001 2.358014e-001
<VARIANCE> 39
 1.169358e+001 3.836199e+001 1.305699e+001 1.336094e+002 2.931494e+001 1.499347e+001 2.150025e+001 2.669727e+001 1.163603e+001 5.037943e+001 4.729619e+001 1.431544e+001 1.288761e+002 2.804477e+000 2.173421e+000 7.486073e-001 7.830581e+000 2.720534e+000 1.534430e+000 1.699155e+000 4.062168e+000 1.858103e+000 5.666836e+000 3.467841e+000 2.752126e+000 6.087905e+000 3.470184e-001 1.081578e+000 2.333620e-001 4.244025e+000 7.247033e-001 4.255047e-001 3.928598e-001 9.100049e-001 3.260497e-001 1.379688e+000 9.710954e-001 3.695360e-001 4.907633e+000
<GCONST> 1.253619e+002
<STATE> 7
<MEAN> 39
 -2.092475e+000 -1.534485e+001 -1.988230e+000 -2.536522e+001 1.697496e+001 -8.432724e+000 7.031246e+000 -1.537978e+001 7.944704e+000 -3.684940e+000 -1.312401e+001 -2.521817e+000 7.940183e+001 -3.282654e-001 -1.390856e-001 2.701389e-001 2.064075e+000 -6.068429e-001 -8.090061e-001 7.730531e-001 3.017850e-001 1.028107e+000 -1.406025e+000 -3.222516e-001 -4.498658e-001 -1.429889e-001 1.630695e-001 2.592906e-001 2.177360e-001 3.273743e-001 -3.434021e-001 -1.308970e-001 2.323609e-001 2.532390e-001 5.402138e-002 8.714157e-003 6.777448e-002 1.807193e-001 -3.654119e-001
<VARIANCE> 39
 2.530143e+000 4.153246e+000 4.553315e+000 3.541909e+001 7.734450e+000 1.228662e+001 1.199396e+001 9.781039e+000 1.631280e+001 2.000145e+001 5.912092e+000 5.833771e+000 2.944067e+000 4.889531e-001 4.475915e-001 6.665093e-001 7.557441e-001 9.530714e-001 4.400482e-001 1.059301e+000 5.721160e-001 4.058445e-001 5.811579e-001 5.177183e-001 5.724354e-001 3.965114e-001 6.492843e-002 8.781087e-002 1.139426e-001 3.579458e-001 1.203101e-001 1.092012e-001 1.425049e-001 9.898700e-002 9.632897e-002 1.579284e-001 1.656279e-001 8.368536e-002 1.760158e-001
<GCONST> 6.451778e+001
<STATE> 8
<MEAN> 39
 1.725214e+000 -9.443697e+000 4.382468e+000 -8.127151e+000 8.655269e+000 -1.366546e+001 1.526415e+001 -9.645038e+000 7.908435e+000 -8.165291e+000 -4.602620e+000 -2.000938e+000 6.992991e+001 7.294895e-001 6.338272e-001 4.307835e-001 7.372648e-001 -4.643155e-001 3.523447e-001 -1.287879e-002 2.256631e-001 -1.031726e+000 5.370606e-001 1.194829e+000 1.875311e-001 -1.152665e+000 9.252419e-002 -3.448923e-002 -9.644328e-002 -1.072917e-001 4.653931e-002 2.480966e-001 -2.807228e-001 3.715488e-002 -1.998342e-001 1.618792e-001 -2.400645e-002 -2.951044e-002 -6.453101e-002
<VARIANCE> 39
 2.050806e+001 1.280164e+001 1.578861e+001 1.511634e+001 1.451354e+001 2.245643e+001 2.625388e+001 2.093400e+001 4.417168e+001 2.496502e+001 5.700438e+001 1.269963e+001 1.753121e+001 1.848180e+000 1.549429e+000 2.513126e+000 1.895722e+000 2.098112e+000 3.325697e+000 4.045972e+000 3.044841e+000 2.499407e+000 1.867607e+000 3.628788e+000 1.646375e+000 6.683280e-001 3.142118e-001 2.583865e-001 4.477651e-001 3.561822e-001 4.052187e-001 5.134544e-001 7.687504e-001 6.535408e-001 3.743615e-001 3.487639e-001 6.866461e-001 3.170464e-001 1.454038e-001
<GCONST> 1.091712e+002
<STATE> 9
<MEAN> 39
 1.091739e+001 3.301434e+000 3.594161e+000 1.694169e+000 8.387024e-001 -6.015462e+000 6.702089e+000 3.690628e+000 -3.540103e+000 -3.040510e+000 1.951823e-001 7.717746e-001 5.099984e+001 -5.767216e-002 1.991104e+000 3.007735e-001 9.581056e-001 -6.034024e-001 2.815116e-001 -8.206171e-001 1.429995e+000 8.605608e-002 -1.565244e-001 4.436096e-002 2.819169e-001 -1.924345e+000 -1.701434e-001 9.044964e-002 1.262509e-001 -6.040641e-002 1.419711e-001 -4.732199e-002 5.655381e-002 -2.091276e-001 1.872348e-001 -6.735045e-002 -2.173250e-002 -1.533764e-002 6.522585e-002
<VARIANCE> 39
 4.326448e+001 1.254563e+002 8.658760e+001 6.549052e+001 3.403068e+001 5.050952e+001 5.761156e+001 8.287075e+001 4.027815e+001 2.873289e+001 3.148124e+001 2.760176e+001 6.066343e+001 2.827852e+000 2.606120e+000 4.163132e+000 3.959520e+000 3.433459e+000 4.425137e+000 4.204275e+000 5.865926e+000 4.734405e+000 3.430159e+000 2.902509e+000 2.056836e+000 9.829216e-001 3.397051e-001 4.141406e-001 5.618652e-001 6.257221e-001 5.997038e-001 7.416320e-001 7.464889e-001 7.218440e-001 6.669524e-001 7.170285e-001 6.083125e-001 3.751498e-001 1.509615e-001
<GCONST> 1.295083e+002
<TRANSP> 10
 0.000000e+000 1.000000e+000 0.000000e+000 0.000000e+000 0.000000e+000 0.000000e+000 0.000000e+000 0.000000e+000 0.000000e+000 0.000000e+000
 0.000000e+000 9.184306e-001 8.156940e-002 0.000000e+000 0.000000e+000 0.000000e+000 0.000000e+000 0.000000e+000 0.000000e+000 0.000000e+000
 0.000000e+000 0.000000e+000 9.094384e-001 9.056164e-002 0.000000e+000 0.000000e+000 0.000000e+000 0.000000e+000 0.000000e+000 0.000000e+000
 0.000000e+000 0.000000e+000 0.000000e+000 8.852136e-001 1.147865e-001 0.000000e+000 0.000000e+000 0.000000e+000 0.000000e+000 0.000000e+000
 0.000000e+000 0.000000e+000 0.000000e+000 0.000000e+000 9.274923e-001 7.250773e-002 0.000000e+000 0.000000e+000 0.000000e+000 0.000000e+000
 0.000000e+000 0.000000e+000 0.000000e+000 0.000000e+000 0.000000e+000 7.958856e-001 2.041144e-001 0.000000e+000 0.000000e+000 0.000000e+000
 0.000000e+000 0.000000e+000 0.000000e+000 0.000000e+000 0.000000e+000 0.000000e+000 8.850107e-001 1.149893e-001 0.000000e+000 0.000000e+000
 0.000000e+000 0.000000e+000 0.000000e+000 0.000000e+000 0.000000e+000 0.000000e+000 0.000000e+000 9.204567e-001 7.954331e-002 0.000000e+000
 0.000000e+000 0.000000e+000 0.000000e+000 0.000000e+000 0.000000e+000 0.000000e+000 0.000000e+000 0.000000e+000 9.161594e-001 8.384062e-002
 0.000000e+000 0.000000e+000 0.000000e+000 0.000000e+000 0.000000e+000 0.000000e+000 0.000000e+000 0.000000e+000 0.000000e+000 0.000000e+000
<ENDHMM>
