~o
<STREAMINFO> 1 39
<VECSIZE> 39<NULLD><MFCC_D_A_0><DIAGC>
~h "starboard"
<BEGINHMM>
<NUMSTATES> 10
<STATE> 2
<MEAN> 39
 -2.152189e+001 5.174680e+000 4.814594e+000 -8.701000e+000 2.076669e+001 -1.707593e+001 9.976287e+000 -7.813575e+000 4.554984e+000 -4.016532e+000 1.718844e+000 -4.983868e+000 7.020379e+001 -1.054567e+000 -5.251327e-001 -2.730236e-001 -8.385423e-002 -4.273084e-002 2.296418e-003 5.870370e-001 -6.652954e-001 1.966679e-001 -2.293107e-001 6.322389e-001 -5.055275e-003 1.574111e+000 3.210945e-001 7.504647e-002 2.267465e-002 2.063964e-001 -3.707547e-001 2.248807e-001 -1.794067e-001 9.633572e-002 8.117747e-003 4.711848e-002 4.513499e-002 3.798842e-002 -6.005321e-001
<VARIANCE> 39
 7.936942e+001 1.875727e+001 1.357811e+001 1.895257e+001 2.657047e+001 1.983575e+001 2.818139e+001 2.578933e+001 2.209258e+001 2.329567e+001 2.516573e+001 2.127607e+001 4.607257e+001 6.516446e+000 3.267372e+000 2.918545e+000 4.413793e+000 4.290666e+000 2.279603e+000 2.957680e+000 3.412423e+000 2.500724e+000 2.623417e+000 2.913159e+000 3.257337e+000 7.262506e+000 6.188250e-001 6.399480e-001 5.454420e-001 5.740988e-001 4.765307e-001 4.475247e-001 6.736233e-001 8.995860e-001 5.054287e-001 5.097715e-001 5.994769e-001 6.259303e-001 7.949767e-001
<GCONST> 1.233670e+002
<STATE> 3
<MEAN> 39
 -1.416074e+001 -2.743006e+000 1.050207e+000 -7.870080e+000 1.043557e+001 -1.186610e+001 8.752271e+000 -1.172617e+001 5.174937e+000 -7.791249e+000 4.048675e+000 -3.525444e+000 6.084592e+001 1.551580e+000 -1.355698e+000 -5.992937e-001 -1.663420e+000 -7.508829e-001 2.583122e-001 -1.032010e+000 4.561204e-001 -1.116967e-001 1.120191e-002 -4.470218e-001 -3.424354e-001 6.095983e-001 -6.152119e-003 -1.655372e-001 -5.701715e-002 -4.775911e-001 2.218113e-001 -1.731528e-002 -1.327580e-001 1.069299e-001 -2.807315e-002 3.321635e-001 -3.407326e-001 -1.567466e-001 8.803220e-001
<VARIANCE> 39
 3.322377e+001 3.660948e+001 3.104268e+001 2.201288e+001 1.693031e+001 2.673991e+001 4.435534e+001 3.193903e+001 2.985888e+001 2.208324e+001 1.881966e+001 1.307801e+001 1.297884e+002 1.395245e+000 2.789363e+000 4.180499e+000 4.670314e+000 1.124225e+000 3.194525e+000 3.633283e+000 4.209523e+000 3.019745e+000 3.671149e+000 2.558008e+000 1.440466e+000 3.989721e+001 2.650069e-001 4.037433e-001 9.155713e-001 4.138901e-001 2.786524e-001 8.806034e-001 7.176563e-001 9.520206e-001 6.748929e-001 6.372916e-001 4.837940e-001 2.941646e-001 5.177454e+000
<GCONST> 1.251345e+002
<STATE> 4
<MEAN> 39
 -2.734761e+000 -1.481582e+001 -5.269605e+000 -2.862146e+001 1.093561e+001 -6.356280e+000 -2.687608e-001 -9.396397e+000 3.342675e+000 -5.288680e-001 -5.727346e+000 -8.181759e+000 8.372499e+001 8.185403e-001 -1.721767e+000 -5.287933e-001 -1.863171e+000 8.906836e-001 2.993738e+000 -7.462459e-001 -7.918989e-001 -1.050686e+000 1.074963e+000 -1.686815e+000 -4.876303e-001 1.439305e+000 -5.637485e-001 4.347533e-001 1.211593e-001 1.458432e+000 -1.635396e-001 1.440425e-001 4.267664e-001 -4.200417e-001 -1.291044e-001 -7.283520e-001 7.054598e-001 3.321666e-001 -1.752310e+000
<VARIANCE> 39
 9.928856e-001 1.125004e+001 2.864434e+000 1.366432e+001 1.025779e+001 1.598029e+001 8.325896e+000 1.018387e+001 9.980282e+000 5.759860e+000 1.365229e+001 6.022367e+000 4.333682e+000 1.533199e+000 6.800767e-001 7.951518e-001 7.828245e+000 1.728741e+000 1.626323e+000 2.771673e+000 1.227239e+000 1.316476e+000 2.797510e+000 3.493291e+000 1.192351e+000 4.416677e+000 1.175627e-001 1.973295e-001 1.663083e-001 4.802628e-001 3.332111e-001 8.046833e-001 3.959386e-001 2.269423e-001 4.112116e-001 2.279275e-001 4.644009e-001 1.406121e-001 9.902164e-001
<GCONST> 9.044579e+001
<STATE> 5
<MEAN> 39
 -2.058922e+000 -1.797680e+001 -5.952460e+000 -2.414384e+001 1.021570e+001 2.146777e+000 6.171795e-001 -1.687023e+001 1.731238e+000 -3.786520e+000 -4.520632e+000 -6.149287e+000 8.157574e+001 4.187171e-001 -5.850841e-002 4.116780e-002 5.940837e-001 -6.429972e-001 5.888107e-001 3.177263e-001 -7.075886e-001 3.163405e-002 -3.009305e-001 5.539614e-002 4.426964e-001 -4.356785e-001 1.583907e-001 1.606246e-001 7.584079e-002 6.499407e-002 -2.139446e-001 -1.399848e-001 1.398930e-001 2.023279e-001 5.138244e-002 8.958896e-002 -5.530967e-002 2.941879e-002 -1.016386e-001
<VARIANCE> 39
 3.678259e+000 3.708377e+000 3.197541e+000 1.359873e+001 1.996419e+001 9.363494e+000 6.474304e+000 1.299797e+001 4.639136e+000 6.567189e+000 8.865808e+000 7.427097e+000 3.834857e+000 2.370943e-001 2.008485e-001 3.855143e-001 9.038297e-001 1.128140e+000 5.968155e-001 5.103835e-001 4.403336e-001 3.246207e-001 3.258157e-001 5.025403e-001 4.317588e-001 1.134305e-001 3.940930e-002 7.399482e-002 7.614108e-002 1.875419e-001 1.230806e-001 1.423690e-001 8.999537e-002 1.029416e-001 8.173439e-002 7.742729e-002 8.820001e-002 7.558866e-002 4.525102e-002
<GCONST> 5.275474e+001
<STATE> 6
<MEAN> 39
 3.057431e+000 -1.013604e+001 -5.441270e-003 -1.362111e+001 2.691180e+000 1.706947e+000 5.916914e+000 -1.079496e+001 3.574544e+000 -1.137078e+000 -2.728304e+000 -1.395960e+000 6.340926e+001 3.937427e-001 9.420049e-001 4.093337e-001 -9.908539e-001 -5.198441e-001 -2.947347e-001 4.411976e-002 7.172425e-001 2.478476e-001 2.670272e-001 -2.331093e-001 1.312744e-001 -4.409649e-001 -1.499421e-001 -3.121630e-002 -8.750898e-002 -3.528078e-001 1.470743e-001 -2.054297e-003 -1.550566e-001 -2.282491e-003 -4.301636e-002 -1.716411e-002 -6.995770e-002 -1.419773e-002 1.697607e-001
<VARIANCE> 39
 3.285855e+001 2.400156e+001 2.090368e+001 1.396345e+002 3.882011e+001 3.235192e+001 2.853301e+001 3.410110e+001 2.532855e+001 2.248982e+001 3.444253e+001 1.872623e+001 1.420734e+002 6.039431e+000 2.972418e+000 3.156627e+000 1.996254e+001 5.151352e+000 3.397335e+000 3.595846e+000 4.552145e+000 3.002733e+000 2.632005e+000 4.895261e+000 1.898855e+000 2.377013e+001 1.359590e+000 6.639970e-001 6.815561e-001 2.220926e+000 1.067943e+000 6.922694e-001 7.076005e-001 8.747860e-001 6.100323e-001 5.132768e-001 8.287198e-001 3.377398e-001 3.711904e+000
<GCONST> 1.366745e+002
<STATE> 7
<MEAN> 39
 4.618044e+000 -3.447100e+000 -9.967628e-001 -4.040804e+001 3.069252e+000 1.500181e+000 3.641267e+000 -6.923561e+000 2.285161e+000 4.904183e-002 -1.191355e+001 1.678379e+000 7.207494e+001 -2.942992e-001 8.459251e-002 -1.606057e-001 -4.191508e-001 9.863858e-001 1.488120e-001 -7.421902e-002 4.937185e-002 -1.208355e-001 2.529940e-002 -1.463063e-002 3.660085e-001 -7.095913e-002 -1.494499e-002 -5.197097e-002 2.605780e-002 4.290361e-001 1.013360e-001 -8.607623e-002 2.590124e-004 -1.744798e-001 1.615489e-001 -1.997047e-002 2.310452e-001 -1.201853e-001 -7.264457e-002
<VARIANCE> 39
 8.568318e+000 1.085441e+001 5.373592e+000 4.579340e+001 5.224441e+001 1.232335e+001 1.400013e+001 2.891244e+001 1.553337e+001 1.943971e+001 2.109161e+001 3.188911e+001 5.440551e+000 3.709401e-001 4.745862e-001 1.766782e-001 1.967490e+000 8.904814e-001 7.515382e-001 6.600865e-001 1.319463e+000 9.419056e-001 5.922595e-001 1.507223e+000 8.950067e-001 3.648155e-001 6.682631e-002 6.989104e-002 4.793950e-002 3.117260e-001 1.324695e-001 1.549655e-001 1.607493e-001 1.073160e-001 1.536048e-001 1.138771e-001 1.434792e-001 1.410528e-001 1.036700e-001
<GCONST> 7.574693e+001
<STATE> 8
<MEAN> 39
 -2.186395e+000 -4.042321e+000 -3.006058e-001 -2.419246e+001 1.396215e+001 -8.061847e+000 1.223399e+000 -1.237348e+001 8.589194e+000 -9.531550e-001 -4.361798e+000 -2.306831e+000 6.604408e+001 -5.784297e-001 1.773995e-001 1.241720e-001 2.217920e+000 6.039563e-001 -1.086105e+000 3.554287e-002 -2.619227e-001 9.489760e-001 -1.009298e-001 1.361671e-001 -7.622740e-001 -1.125156e+000 2.155259e-001 8.201538e-002 -5.719658e-002 -7.705060e-002 -4.005153e-002 2.514454e-001 5.108385e-002 2.448249e-001 -5.087325e-002 -1.481782e-002 -2.827753e-001 7.367370e-002 -1.455513e-001
<VARIANCE> 39
 5.070124e+001 3.896323e+001 2.705395e+001 1.154381e+002 8.152818e+001 8.677534e+001 3.107446e+001 5.601718e+001 7.260927e+001 3.947195e+001 4.039656e+001 3.011963e+001 4.775249e+001 3.613753e+000 1.924647e+000 3.039985e+000 6.843655e+000 3.573166e+000 5.662517e+000 2.465236e+000 4.972969e+000 5.550044e+000 2.335535e+000 3.542264e+000 2.171794e+000 5.515483e+000 6.033943e-001 4.196790e-001 5.845281e-001 1.314804e+000 6.437232e-001 9.108477e-001 4.852149e-001 8.140058e-001 1.088133e+000 4.835736e-001 4.532376e-001 3.609901e-001 1.155412e+000
<GCONST> 1.339601e+002
<STATE> 9
<MEAN> 39
 3.746972e+000 4.538383e+000 -2.443483e+000 -7.603318e+000 1.299408e+001 -2.712280e+000 1.384990e+000 -7.272176e+000 1.096093e+001 -1.599027e+000 -6.600927e+000 -3.243764e+000 5.125805e+001 8.057522e-001 1.225436e+000 1.126224e-001 1.447996e+000 -9.792110e-001 1.078547e+000 -5.430328e-001 6.786990e-001 -8.739679e-001 1.218299e-001 3.298655e-001 6.319809e-001 -1.821980e+000 -2.790981e-001 1.145645e-001 3.205134e-001 1.020887e-001 -2.231933e-001 -1.507689e-001 -8.755890e-002 -9.355607e-002 -2.633531e-001 4.101778e-002 2.663164e-001 1.255816e-001 -8.593236e-002
<VARIANCE> 39
 5.254813e+001 1.025841e+002 2.813979e+001 5.707866e+001 7.520917e+001 4.609603e+001 3.884089e+001 5.886273e+001 8.654732e+001 2.239933e+001 7.007945e+001 2.291904e+001 6.364178e+001 4.367893e+000 4.206223e+000 2.807055e+000 4.151713e+000 5.443904e+000 4.579356e+000 4.573086e+000 2.710532e+000 5.593472e+000 2.667110e+000 4.074109e+000 1.933733e+000 1.993592e+000 5.170383e-001 8.168460e-001 3.608383e-001 6.110683e-001 1.229409e+000 7.854857e-001 7.796196e-001 5.868231e-001 8.632914e-001 4.118832e-001 6.224830e-001 5.459302e-001 3.669144e-001
<GCONST> 1.328914e+002
<TRANSP> 10
 0.000000e+000 1.000000e+000 0.000000e+000 0.000000e+000 0.000000e+000 0.000000e+000 0.000000e+000 0.000000e+000 0.000000e+000 0.000000e+000
 0.000000e+000 9.272558e-001 7.274419e-002 0.000000e+000 0.000000e+000 0.000000e+000 0.000000e+000 0.000000e+000 0.000000e+000 0.000000e+000
 0.000000e+000 0.000000e+000 8.932133e-001 1.067867e-001 0.000000e+000 0.000000e+000 0.000000e+000 0.000000e+000 0.000000e+000 0.000000e+000
 0.000000e+000 0.000000e+000 0.000000e+000 7.355250e-001 2.644750e-001 0.000000e+000 0.000000e+000 0.000000e+000 0.000000e+000 0.000000e+000
 0.000000e+000 0.000000e+000 0.000000e+000 0.000000e+000 9.052486e-001 9.475135e-002 0.000000e+000 0.000000e+000 0.000000e+000 0.000000e+000
 0.000000e+000 0.000000e+000 0.000000e+000 0.000000e+000 0.000000e+000 9.249712e-001 7.502881e-002 0.000000e+000 0.000000e+000 0.000000e+000
 0.000000e+000 0.000000e+000 0.000000e+000 0.000000e+000 0.000000e+000 0.000000e+000 9.225460e-001 7.745402e-002 0.000000e+000 0.000000e+000
 0.000000e+000 0.000000e+000 0.000000e+000 0.000000e+000 0.000000e+000 0.000000e+000 0.000000e+000 9.115939e-001 8.840614e-002 0.000000e+000
 0.000000e+000 0.000000e+000 0.000000e+000 0.000000e+000 0.000000e+000 0.000000e+000 0.000000e+000 0.000000e+000 8.846578e-001 1.153422e-001
 0.000000e+000 0.000000e+000 0.000000e+000 0.000000e+000 0.000000e+000 0.000000e+000 0.000000e+000 0.000000e+000 0.000000e+000 0.000000e+000
<ENDHMM>
