~o
<STREAMINFO> 1 26
<VECSIZE> 26<NULLD><MFCC_D_0><DIAGC>
~h "dd"
<BEGINHMM>
<NUMSTATES> 12
<STATE> 2
<MEAN> 26
 -9.084374e+00 1.909432e+00 7.691157e+00 -3.459004e+00 -1.193651e+01 -3.895027e+00 -7.790967e+00 -6.709632e+00 -7.740058e+00 -2.787093e+00 5.294594e-01 -2.570466e+00 6.709029e+01 5.355684e-01 9.593169e-02 3.226840e+00 -7.870309e-01 -3.022533e+00 1.403781e-01 -1.938239e+00 -1.262102e-01 -1.631210e+00 -4.477994e-01 9.625738e-01 -3.555908e-01 2.705581e+00
<VARIANCE> 26
 2.529115e+01 2.888136e+01 1.021256e+02 5.024490e+01 7.528999e+01 3.283675e+01 6.416647e+01 3.898836e+01 4.996550e+01 3.952983e+01 4.112296e+01 2.888066e+01 4.867075e+01 3.757840e+00 3.089350e+00 7.436173e+00 4.832901e+00 4.344756e+00 4.374411e+00 5.811551e+00 4.051618e+00 4.678342e+00 4.481081e+00 4.369034e+00 3.604482e+00 2.676001e+00
<GCONST> 1.160336e+02
<STATE> 3
<MEAN> 26
 -3.560836e+00 2.046085e+00 1.091587e+01 -6.305375e+00 -1.714119e+01 -2.110164e+00 -1.224500e+01 -7.891762e+00 -1.226328e+01 -1.751474e+00 -6.554281e-01 -5.423516e+00 7.095695e+01 1.128327e+00 1.617107e-01 -1.373520e+00 1.087453e+00 7.268139e-01 -5.808071e-02 5.551948e-01 -7.871505e-01 1.047137e-01 7.721704e-01 -9.010304e-01 -3.842299e-01 -7.415324e-01
<VARIANCE> 26
 2.178458e+01 2.787456e+01 6.704720e+01 1.248665e+02 4.425424e+01 5.076143e+01 8.278729e+01 5.850324e+01 5.284543e+01 6.451353e+01 1.124132e+02 5.608938e+01 2.164459e+01 7.704400e-01 8.612610e-01 2.044159e+00 4.881035e+00 2.866908e+00 4.543099e+00 3.531892e+00 3.874541e+00 2.883542e+00 3.393611e+00 3.553804e+00 2.276541e+00 7.796550e-01
<GCONST> 1.105829e+02
<STATE> 4
<MEAN> 26
 1.876984e+00 3.736689e+00 6.410047e+00 8.928388e-01 -1.384283e+01 -2.491860e+00 -1.113111e+01 -1.354457e+01 -9.681108e+00 1.095849e+00 -5.592890e+00 -5.055636e+00 6.495483e+01 -9.139985e-03 5.178595e-01 2.007362e-01 1.475373e-02 4.830427e-01 1.503919e-01 -1.214751e-01 -4.912778e-02 2.853767e-01 -9.191128e-02 -3.360910e-01 2.336751e-01 -7.069774e-01
<VARIANCE> 26
 5.839136e+00 2.587852e+01 3.686150e+01 6.896850e+01 3.534741e+01 4.280579e+01 6.227979e+01 3.692513e+01 3.858752e+01 5.233672e+01 5.200562e+01 4.395080e+01 2.658642e+01 3.178354e-01 5.859470e-01 6.690111e-01 8.316591e-01 1.399914e+00 1.380491e+00 1.483256e+00 1.968923e+00 1.632089e+00 1.397197e+00 1.603756e+00 1.116972e+00 2.552989e-01
<GCONST> 9.383704e+01
<STATE> 5
<MEAN> 26
 -9.159879e-01 6.005692e+00 6.881592e+00 1.106368e+00 -7.626341e+00 -3.080450e+00 -8.715356e+00 -1.050565e+01 -8.067055e+00 -9.589481e-01 -5.785491e+00 -4.704774e+00 6.110701e+01 -1.804527e+00 -1.068662e+00 -1.435340e+00 -1.189553e+00 1.778167e+00 -1.056136e+00 8.834618e-02 1.774754e+00 1.740481e+00 -6.247275e-01 5.367023e-01 2.976781e-01 1.350973e+00
<VARIANCE> 26
 1.682788e+01 1.916078e+01 2.889655e+01 4.265433e+01 4.140699e+01 4.025213e+01 4.166906e+01 3.480103e+01 3.060382e+01 4.317827e+01 3.184689e+01 2.627259e+01 2.611423e+01 1.393281e+00 2.198480e+00 2.739702e+00 3.692250e+00 3.483970e+00 3.596808e+00 4.838153e+00 3.472466e+00 3.900489e+00 3.580536e+00 3.459255e+00 2.715781e+00 4.522995e+00
<GCONST> 1.077230e+02
<STATE> 6
<MEAN> 26
 -4.116220e+00 -1.679209e+00 -1.578862e+00 -8.106807e+00 -5.854080e+00 -5.305711e+00 -1.466210e+01 -3.418185e+00 -1.356535e-01 3.271673e-01 -3.684849e+00 -5.084724e+00 7.315237e+01 1.164515e+00 -1.919239e+00 -1.945681e+00 -3.690421e+00 -1.567830e-01 2.154447e+00 -2.562845e+00 7.936885e-01 9.505345e-01 1.284503e+00 9.225770e-01 -1.030398e+00 2.579633e+00
<VARIANCE> 26
 2.717230e+01 2.859393e+01 3.723764e+01 6.014153e+01 3.781156e+01 6.167262e+01 6.798540e+01 5.160544e+01 5.210390e+01 5.714886e+01 4.784802e+01 3.851863e+01 2.650030e+01 2.602138e+00 1.980393e+00 2.373384e+00 2.960925e+00 4.984793e+00 6.454841e+00 6.465142e+00 6.857077e+00 6.005340e+00 4.273576e+00 5.571451e+00 3.119080e+00 3.391814e+00
<GCONST> 1.150409e+02
<STATE> 7
<MEAN> 26
 9.701868e-01 -2.939952e+00 -4.370614e+00 -1.825448e+01 -5.252253e+00 5.932820e+00 -1.686971e+01 -5.508220e+00 -4.688673e+00 2.698393e+00 1.147681e+00 -5.624180e+00 7.424422e+01 7.917349e-01 4.239034e-01 -5.595295e-01 -1.051388e+00 -1.685770e-01 1.624513e+00 1.486648e+00 1.075726e-01 -1.831549e+00 -1.215944e+00 1.039055e+00 5.177315e-01 -5.855633e-01
<VARIANCE> 26
 1.007166e+01 2.288003e+01 4.102389e+01 6.289873e+01 3.430009e+01 5.964664e+01 6.593130e+01 5.478489e+01 7.365754e+01 5.470640e+01 5.610757e+01 2.803921e+01 1.201486e+01 2.397574e-01 5.981271e-01 6.929659e-01 1.805950e+00 1.470283e+00 2.557751e+00 2.012850e+00 2.499020e+00 1.835669e+00 3.106227e+00 1.843711e+00 1.840100e+00 2.523603e-01
<GCONST> 9.785229e+01
<STATE> 8
<MEAN> 26
 2.955456e+00 -1.347005e+00 -1.672770e+00 -1.407539e+01 -1.056993e+01 7.446598e+00 -9.654181e+00 -3.296312e+00 -6.861701e+00 -4.227665e+00 3.182079e-01 -7.485315e+00 7.178555e+01 -1.982201e-02 1.237766e-01 6.581536e-01 1.167082e+00 -1.754996e-01 -6.135653e-01 5.238796e-01 -7.103755e-02 -1.135908e-01 -8.779788e-02 -1.071562e+00 -1.989934e-01 -5.069379e-01
<VARIANCE> 26
 6.957941e+00 2.368801e+01 3.398160e+01 5.609676e+01 5.041617e+01 3.678035e+01 6.894685e+01 4.496046e+01 5.135390e+01 4.577111e+01 3.959461e+01 2.951512e+01 1.017799e+01 1.885084e-01 4.561882e-01 8.532861e-01 9.104255e-01 1.345374e+00 1.088551e+00 2.811967e+00 1.870630e+00 1.890605e+00 1.831498e+00 2.229975e+00 1.603900e+00 1.621605e-01
<GCONST> 9.318618e+01
<STATE> 9
<MEAN> 26
 9.693492e-01 -1.486926e+00 -3.215522e+00 -1.079136e+01 -7.650167e+00 -4.297477e+00 -1.430453e+01 -7.090064e+00 -1.304632e+01 -4.617715e+00 -8.863249e+00 -5.439864e+00 6.506847e+01 -2.595019e-03 6.931790e-01 1.068143e+00 1.403402e+00 -3.621196e-01 -5.525522e-01 -3.918168e-02 -9.691281e-01 1.750193e-01 1.214558e-01 -5.930218e-01 2.748057e-01 -1.011240e+00
<VARIANCE> 26
 7.103207e+00 3.226759e+01 7.275057e+01 6.173039e+01 4.774664e+01 7.621657e+01 7.735387e+01 6.877475e+01 9.030682e+01 8.815409e+01 4.818858e+01 6.502881e+01 4.993412e+01 3.456331e-01 6.701164e-01 2.038542e+00 1.989771e+00 2.282553e+00 2.297075e+00 3.104985e+00 2.228011e+00 3.405354e+00 2.642995e+00 3.015112e+00 2.237392e+00 4.008724e-01
<GCONST> 1.060716e+02
<STATE> 10
<MEAN> 26
 1.985192e+00 5.169133e+00 4.996149e+00 -1.080040e+00 -7.187902e+00 1.974448e+00 -6.706544e+00 -9.183939e+00 -6.169695e+00 -4.852125e-01 -6.165123e+00 -4.618541e+00 6.322301e+01 -3.811155e-01 5.123521e-01 1.264214e-01 8.015359e-01 9.127122e-01 -2.442221e-01 3.277243e-01 2.587595e-02 1.000992e-01 -6.096287e-02 1.082920e-01 1.029912e-01 -9.816935e-01
<VARIANCE> 26
 7.619357e+00 1.298966e+01 2.256625e+01 4.016505e+01 4.830180e+01 3.933391e+01 4.783116e+01 5.152140e+01 3.734303e+01 5.260470e+01 2.454490e+01 2.898109e+01 1.910926e+01 4.152744e-01 9.755872e-01 1.148181e+00 1.303706e+00 1.885090e+00 1.844823e+00 2.451460e+00 2.735327e+00 2.048029e+00 2.283580e+00 1.746607e+00 1.815588e+00 5.001655e-01
<GCONST> 9.630164e+01
<STATE> 11
<MEAN> 26
 -4.533980e+00 1.610084e+00 1.115731e+00 -2.586504e+00 -3.476762e+00 -1.402130e+00 -5.473083e+00 -5.466087e+00 -4.713112e+00 -2.108360e+00 -3.316973e+00 -3.016177e+00 5.826310e+01 -1.195507e+00 -9.656307e-01 -3.188708e-01 -7.807140e-01 -6.396606e-01 -5.205827e-01 1.282315e-01 4.718525e-01 3.810090e-01 -4.395515e-02 9.012019e-01 4.618668e-01 3.568802e-01
<VARIANCE> 26
 2.365599e+01 3.331214e+01 3.389425e+01 4.731456e+01 3.301494e+01 3.812705e+01 5.216233e+01 3.717994e+01 3.467516e+01 3.012498e+01 2.602571e+01 2.200796e+01 3.970002e+01 1.564051e+00 1.446208e+00 3.096756e+00 2.666584e+00 4.054270e+00 3.380843e+00 4.367389e+00 3.494571e+00 3.317941e+00 3.494846e+00 2.631161e+00 2.275688e+00 2.727131e+00
<GCONST> 1.070399e+02
<TRANSP> 12
 0.000000e+00 1.000000e+00 0.000000e+00 0.000000e+00 0.000000e+00 0.000000e+00 0.000000e+00 0.000000e+00 0.000000e+00 0.000000e+00 0.000000e+00 0.000000e+00
 0.000000e+00 7.643797e-01 2.356203e-01 0.000000e+00 0.000000e+00 0.000000e+00 0.000000e+00 0.000000e+00 0.000000e+00 0.000000e+00 0.000000e+00 0.000000e+00
 0.000000e+00 0.000000e+00 8.540143e-01 1.459857e-01 0.000000e+00 0.000000e+00 0.000000e+00 0.000000e+00 0.000000e+00 0.000000e+00 0.000000e+00 0.000000e+00
 0.000000e+00 0.000000e+00 0.000000e+00 8.455916e-01 1.544084e-01 0.000000e+00 0.000000e+00 0.000000e+00 0.000000e+00 0.000000e+00 0.000000e+00 0.000000e+00
 0.000000e+00 0.000000e+00 0.000000e+00 0.000000e+00 6.671593e-01 3.328407e-01 0.000000e+00 0.000000e+00 0.000000e+00 0.000000e+00 0.000000e+00 0.000000e+00
 0.000000e+00 0.000000e+00 0.000000e+00 0.000000e+00 0.000000e+00 6.755254e-01 3.244747e-01 0.000000e+00 0.000000e+00 0.000000e+00 0.000000e+00 0.000000e+00
 0.000000e+00 0.000000e+00 0.000000e+00 0.000000e+00 0.000000e+00 0.000000e+00 7.105101e-01 2.894899e-01 0.000000e+00 0.000000e+00 0.000000e+00 0.000000e+00
 0.000000e+00 0.000000e+00 0.000000e+00 0.000000e+00 0.000000e+00 0.000000e+00 0.000000e+00 8.214421e-01 1.785579e-01 0.000000e+00 0.000000e+00 0.000000e+00
 0.000000e+00 0.000000e+00 0.000000e+00 0.000000e+00 0.000000e+00 0.000000e+00 0.000000e+00 0.000000e+00 7.631921e-01 2.368079e-01 0.000000e+00 0.000000e+00
 0.000000e+00 0.000000e+00 0.000000e+00 0.000000e+00 0.000000e+00 0.000000e+00 0.000000e+00 0.000000e+00 0.000000e+00 8.170969e-01 1.829031e-01 0.000000e+00
 0.000000e+00 0.000000e+00 0.000000e+00 0.000000e+00 0.000000e+00 0.000000e+00 0.000000e+00 0.000000e+00 0.000000e+00 0.000000e+00 7.673956e-01 2.326044e-01
 0.000000e+00 0.000000e+00 0.000000e+00 0.000000e+00 0.000000e+00 0.000000e+00 0.000000e+00 0.000000e+00 0.000000e+00 0.000000e+00 0.000000e+00 0.000000e+00
<ENDHMM>
