~o
<STREAMINFO> 1 26
<VECSIZE> 26<NULLD><MFCC_D_0><DIAGC>
~h "rx"
<BEGINHMM>
<NUMSTATES> 12
<STATE> 2
<MEAN> 26
 1.784477e+00 -1.738268e+00 1.762514e+00 1.281639e+00 -6.649441e+00 -5.541196e+00 -1.809543e+01 -8.154105e+00 -3.087683e+00 -1.185173e+00 -5.136737e+00 -3.476290e+00 6.612162e+01 3.016359e-01 -1.161042e+00 5.101580e-01 -3.352801e-01 -1.308019e+00 -5.742502e-01 -1.635060e+00 1.099973e+00 2.879606e-01 -2.664438e-01 1.790230e-01 8.829489e-02 1.820913e+00
<VARIANCE> 26
 1.623344e+01 4.377543e+01 3.585394e+01 5.256167e+01 6.171100e+01 6.561799e+01 7.841380e+01 6.944799e+01 5.397359e+01 3.896790e+01 4.059442e+01 3.475527e+01 4.259507e+01 2.153153e+00 2.699986e+00 2.484336e+00 4.297227e+00 4.774421e+00 4.717375e+00 5.773205e+00 5.987923e+00 4.011854e+00 2.889941e+00 3.500589e+00 2.773683e+00 2.131413e+00
<GCONST> 1.137222e+02
<STATE> 3
<MEAN> 26
 -1.393683e+00 -6.777235e+00 9.509648e+00 -2.887339e+00 -1.641943e+01 -7.261129e+00 -1.806906e+01 2.525452e+00 -5.325201e+00 -4.296771e+00 6.369805e-01 -2.870811e+00 7.466568e+01 -1.037095e+00 6.503116e-01 1.800403e+00 -4.659233e-01 -8.973815e-01 -1.721726e-01 1.238751e+00 2.550968e-01 -1.556212e+00 -3.135032e-01 1.121485e+00 2.011931e-01 3.649565e-01
<VARIANCE> 26
 1.064594e+01 4.410455e+01 4.078230e+01 5.129616e+01 3.152538e+01 3.659251e+01 5.378513e+01 4.472345e+01 6.268734e+01 3.775418e+01 4.330861e+01 4.160114e+01 1.142422e+01 3.654584e-01 9.337041e-01 1.133480e+00 1.967049e+00 1.589574e+00 1.875462e+00 1.790171e+00 3.397570e+00 1.887445e+00 2.319930e+00 1.925063e+00 1.327488e+00 4.502746e-01
<GCONST> 9.836145e+01
<STATE> 4
<MEAN> 26
 -7.034012e+00 -5.188218e-01 1.543904e+01 -7.869882e+00 -1.657548e+01 -6.130144e+00 -1.506308e+01 -4.502433e+00 -1.231215e+01 -2.399219e+00 -1.901236e+00 -2.217917e+00 7.208308e+01 -8.868937e-01 2.146893e+00 3.028642e-01 3.999721e-01 1.411785e+00 7.603796e-02 8.130969e-01 -1.079252e+00 3.223649e-01 2.343251e-01 -3.742132e-01 2.865219e-01 -7.795854e-01
<VARIANCE> 26
 1.207621e+01 3.990101e+01 5.286594e+01 9.971558e+01 4.955310e+01 4.802986e+01 4.239059e+01 6.566240e+01 4.888018e+01 5.398012e+01 9.757664e+01 3.953625e+01 3.164213e+01 8.276118e-01 1.265345e+00 2.901039e+00 2.357007e+00 3.138042e+00 2.417444e+00 3.495469e+00 2.756296e+00 3.410116e+00 3.210861e+00 2.134860e+00 2.364441e+00 4.079609e-01
<GCONST> 1.072051e+02
<STATE> 5
<MEAN> 26
 -1.481273e+01 1.146169e+01 1.119335e+01 -3.561744e-01 -4.141079e+00 -6.408324e+00 -4.262059e+00 -4.720273e+00 -4.607186e+00 -2.188493e+00 -8.687354e-01 4.978349e-01 6.926507e+01 -3.946681e+00 1.616388e+00 -2.484828e+00 -1.204311e-02 2.794845e+00 6.537265e-01 2.575356e+00 3.428565e-01 1.695066e+00 7.814493e-01 -3.784727e-01 3.215723e-01 -5.110103e-01
<VARIANCE> 26
 3.639816e+01 2.073931e+01 3.247544e+01 2.512319e+01 4.111323e+01 3.927140e+01 4.218064e+01 3.910485e+01 2.942202e+01 3.223768e+01 2.696958e+01 2.391152e+01 1.911019e+01 1.029594e+00 4.399368e+00 3.318270e+00 4.472148e+00 3.765377e+00 2.899321e+00 3.642594e+00 3.222516e+00 3.295146e+00 3.387981e+00 2.950920e+00 2.109481e+00 5.152520e-01
<GCONST> 1.048241e+02
<STATE> 6
<MEAN> 26
 -2.782428e+01 8.473038e+00 7.455229e-01 -6.597806e+00 -3.748879e+00 -6.439769e+00 -2.770917e+00 -3.693586e+00 -2.601598e+00 -2.800380e-02 -8.289884e-01 3.101215e-01 6.855592e+01 -3.866374e-01 -7.660795e-01 -3.906549e-01 -6.388540e-01 -3.970985e-01 -2.133046e-02 -7.691013e-02 -1.392175e-01 -1.332599e-02 3.163576e-02 -4.474841e-02 -9.581683e-02 -2.033696e-01
<VARIANCE> 26
 1.024692e+01 2.126101e+01 3.223638e+01 3.008173e+01 2.377501e+01 4.750922e+01 3.661990e+01 2.735562e+01 2.474313e+01 2.647998e+01 2.145793e+01 1.876672e+01 1.496189e+01 2.653844e+00 1.036427e+00 2.892827e+00 1.883803e+00 1.729120e+00 1.685112e+00 1.575616e+00 1.866818e+00 1.689397e+00 1.883336e+00 1.720711e+00 1.398795e+00 2.282013e-01
<GCONST> 9.458724e+01
<STATE> 7
<MEAN> 26
 -1.495777e+01 7.108751e+00 9.610066e+00 -5.132776e+00 -8.088305e+00 -4.839337e+00 -5.576802e+00 -5.968715e+00 -6.037975e+00 -2.179770e+00 -1.160815e+00 -1.067214e+00 6.828327e+01 4.371535e+00 -2.279583e-01 2.528373e+00 -1.087964e-01 -2.248844e+00 3.531739e-01 -1.803468e+00 -5.284846e-01 -1.665238e+00 -4.101431e-01 4.261199e-01 -5.328038e-01 7.884190e-01
<VARIANCE> 26
 6.854327e+01 2.600655e+01 5.004190e+01 3.745987e+01 4.982411e+01 4.278108e+01 4.336739e+01 4.303529e+01 3.912677e+01 2.751512e+01 3.028729e+01 2.168095e+01 2.328793e+01 2.295879e+00 2.731809e+00 3.628973e+00 5.577732e+00 3.972383e+00 4.310857e+00 3.305306e+00 3.766316e+00 3.308774e+00 4.109715e+00 3.663121e+00 2.694149e+00 1.072426e+00
<GCONST> 1.097949e+02
<STATE> 8
<MEAN> 26
 -5.197103e+00 3.358966e+00 1.565919e+01 -9.780025e+00 -1.616101e+01 2.291598e-01 -9.670127e+00 -5.728106e+00 -1.062324e+01 -4.302822e-02 3.123006e+00 -5.443455e+00 7.227886e+01 6.459654e-01 -3.588184e-01 -4.777016e-01 -4.718717e-01 2.531424e-01 1.092282e+00 -1.902690e-01 -1.240023e-01 4.897009e-02 7.990722e-01 -2.574992e-01 -1.119391e+00 -1.396337e-01
<VARIANCE> 26
 1.157413e+01 1.754134e+01 2.147533e+01 4.575952e+01 3.799777e+01 5.254288e+01 3.957597e+01 4.915995e+01 3.241325e+01 4.837217e+01 3.683971e+01 3.412404e+01 1.046795e+01 3.827496e-01 7.207102e-01 1.005973e+00 2.137291e+00 2.122571e+00 2.483677e+00 1.977449e+00 1.779057e+00 1.763786e+00 1.808032e+00 2.157402e+00 1.674871e+00 3.682154e-01
<GCONST> 9.584641e+01
<STATE> 9
<MEAN> 26
 -3.214019e+00 2.893772e+00 8.025331e+00 -9.524026e+00 -1.024532e+01 -2.401881e+00 -1.356804e+01 -8.021967e+00 -8.939629e+00 -1.311326e+00 -5.297124e+00 -6.027689e+00 6.700860e+01 7.561224e-01 -1.801652e-01 -1.035505e+00 1.773581e+00 7.759907e-01 -1.230616e+00 5.888072e-01 2.337397e-01 8.392748e-02 -5.351229e-01 -3.947278e-01 2.278579e-01 -8.553133e-01
<VARIANCE> 26
 1.469715e+01 2.813004e+01 4.490480e+01 9.712516e+01 3.774723e+01 7.554249e+01 8.038014e+01 6.298085e+01 5.197959e+01 7.464139e+01 6.941734e+01 4.723286e+01 3.635283e+01 4.396040e-01 8.909152e-01 1.149734e+00 2.126164e+00 1.871634e+00 2.720571e+00 2.672648e+00 2.264920e+00 2.589701e+00 2.773518e+00 2.374223e+00 2.380882e+00 3.518542e-01
<GCONST> 1.046711e+02
<STATE> 10
<MEAN> 26
 6.469830e-01 3.943912e+00 6.084920e+00 1.813582e+00 -6.687956e+00 -4.070053e+00 -6.521220e+00 -7.411453e+00 -7.453694e+00 -1.277734e+00 -3.963042e+00 -5.178939e+00 6.477785e+01 -1.299161e-01 -1.052286e-01 -1.462714e-01 3.507434e-01 7.110350e-01 4.333945e-01 -6.248268e-02 4.453727e-02 6.535871e-01 -8.403888e-02 -4.351800e-01 1.963584e-01 -6.427221e-01
<VARIANCE> 26
 8.596725e+00 2.256688e+01 3.252094e+01 3.851226e+01 3.752629e+01 4.564732e+01 4.532044e+01 4.683966e+01 5.239388e+01 5.361868e+01 4.660364e+01 3.900573e+01 2.784307e+01 6.141887e-01 9.837948e-01 1.014098e+00 1.591189e+00 1.939281e+00 1.882457e+00 2.653400e+00 3.464373e+00 2.605019e+00 2.406150e+00 2.320578e+00 1.777558e+00 7.230470e-01
<GCONST> 1.004809e+02
<STATE> 11
<MEAN> 26
 -5.615151e+00 5.583385e-01 2.599123e+00 -1.800195e+00 -3.124115e+00 -1.179144e+00 -4.793158e+00 -3.187710e+00 -2.404751e+00 -1.628353e+00 -3.310330e+00 -3.004638e+00 5.727686e+01 -7.140172e-01 -1.023714e+00 -1.027143e+00 -9.162974e-01 -5.584714e-01 -3.985955e-01 -1.367091e-01 2.133064e-01 4.866605e-01 1.954654e-01 3.845229e-01 3.529633e-01 -4.779111e-01
<VARIANCE> 26
 1.768103e+01 2.197662e+01 3.963073e+01 3.532233e+01 3.667333e+01 3.767513e+01 4.622784e+01 3.854794e+01 3.312928e+01 2.836948e+01 2.206274e+01 2.066826e+01 3.364864e+01 6.699275e-01 1.096659e+00 1.453697e+00 2.133435e+00 2.098800e+00 2.328423e+00 2.687148e+00 2.784290e+00 2.443764e+00 2.068362e+00 2.051133e+00 1.825867e+00 6.923888e-01
<GCONST> 9.918781e+01
<TRANSP> 12
 0.000000e+00 1.000000e+00 0.000000e+00 0.000000e+00 0.000000e+00 0.000000e+00 0.000000e+00 0.000000e+00 0.000000e+00 0.000000e+00 0.000000e+00 0.000000e+00
 0.000000e+00 8.264490e-01 1.735510e-01 0.000000e+00 0.000000e+00 0.000000e+00 0.000000e+00 0.000000e+00 0.000000e+00 0.000000e+00 0.000000e+00 0.000000e+00
 0.000000e+00 0.000000e+00 7.917581e-01 2.082419e-01 0.000000e+00 0.000000e+00 0.000000e+00 0.000000e+00 0.000000e+00 0.000000e+00 0.000000e+00 0.000000e+00
 0.000000e+00 0.000000e+00 0.000000e+00 7.792669e-01 2.207331e-01 0.000000e+00 0.000000e+00 0.000000e+00 0.000000e+00 0.000000e+00 0.000000e+00 0.000000e+00
 0.000000e+00 0.000000e+00 0.000000e+00 0.000000e+00 7.168741e-01 2.831259e-01 0.000000e+00 0.000000e+00 0.000000e+00 0.000000e+00 0.000000e+00 0.000000e+00
 0.000000e+00 0.000000e+00 0.000000e+00 0.000000e+00 0.000000e+00 8.504102e-01 1.495899e-01 0.000000e+00 0.000000e+00 0.000000e+00 0.000000e+00 0.000000e+00
 0.000000e+00 0.000000e+00 0.000000e+00 0.000000e+00 0.000000e+00 0.000000e+00 7.609184e-01 2.390817e-01 0.000000e+00 0.000000e+00 0.000000e+00 0.000000e+00
 0.000000e+00 0.000000e+00 0.000000e+00 0.000000e+00 0.000000e+00 0.000000e+00 0.000000e+00 7.464299e-01 2.535702e-01 0.000000e+00 0.000000e+00 0.000000e+00
 0.000000e+00 0.000000e+00 0.000000e+00 0.000000e+00 0.000000e+00 0.000000e+00 0.000000e+00 0.000000e+00 7.890162e-01 2.109838e-01 0.000000e+00 0.000000e+00
 0.000000e+00 0.000000e+00 0.000000e+00 0.000000e+00 0.000000e+00 0.000000e+00 0.000000e+00 0.000000e+00 0.000000e+00 8.228437e-01 1.771563e-01 0.000000e+00
 0.000000e+00 0.000000e+00 0.000000e+00 0.000000e+00 0.000000e+00 0.000000e+00 0.000000e+00 0.000000e+00 0.000000e+00 0.000000e+00 7.784632e-01 2.215368e-01
 0.000000e+00 0.000000e+00 0.000000e+00 0.000000e+00 0.000000e+00 0.000000e+00 0.000000e+00 0.000000e+00 0.000000e+00 0.000000e+00 0.000000e+00 0.000000e+00
<ENDHMM>
