~o
<STREAMINFO> 1 13
<VECSIZE> 13<NULLD><MFCC_E><DIAGC>
~h "\345\276\256"
<BEGINHMM>
<NUMSTATES> 6
<STATE> 2
<MEAN> 13
 -7.123005e+00 -5.212411e-01 -2.736337e+00 -3.594823e+00 7.792252e-01 -6.537001e+00 5.099651e+00 -5.419723e+00 5.500094e+00 -3.507148e+00 4.521366e+00 -1.677701e+00 3.757995e-01
<VARIANCE> 13
 4.738194e+00 1.857034e+00 8.354490e+00 1.550986e+01 1.022011e+01 1.289237e+01 1.339521e+01 2.558988e+01 2.264744e+01 1.733938e+01 6.825123e+00 1.681368e+01 3.928619e-03
<GCONST> 4.682577e+01
<STATE> 3
<MEAN> 13
 3.421290e+00 1.070801e+00 -2.639837e+00 -1.973695e+01 -2.697714e+00 -1.849666e+00 -1.273435e+01 -1.134201e+01 -1.813144e+00 -9.379222e-01 4.433162e-01 -7.066029e-02 9.127828e-01
<VARIANCE> 13
 2.849599e+00 1.931929e+01 1.337066e+01 3.056988e+01 1.159053e+01 2.700957e+01 9.743895e+01 2.178502e+01 3.357480e+01 6.799694e+01 1.558444e+01 3.017446e+01 8.673465e-03
<GCONST> 5.645961e+01
<STATE> 4
<MEAN> 13
 -2.806035e+00 9.512354e-01 1.699583e+01 -1.560331e+01 -1.250476e+01 -4.589252e+00 -1.252630e+01 -8.752330e+00 -3.724494e+00 -6.673021e+00 4.540569e-01 -5.299969e+00 8.204761e-01
<VARIANCE> 13
 3.563078e+00 1.072126e+01 2.916209e+01 4.071587e+01 3.326640e+01 2.212750e+01 2.391332e+01 1.208282e+01 1.978084e+01 2.158975e+01 1.113243e+01 6.138771e+00 1.286852e-02
<GCONST> 5.281078e+01
<STATE> 5
<MEAN> 13
 -9.014911e+00 -9.776289e-01 -1.193127e+00 -5.600432e+00 4.413273e-01 -8.379687e+00 3.992587e+00 -1.141625e+00 9.297971e+00 -1.291341e+00 3.001795e+00 -3.156273e+00 4.172778e-01
<VARIANCE> 13
 5.028098e+00 6.019876e+00 6.251099e+00 6.029459e+00 1.223580e+01 1.888834e+01 1.894205e+01 3.639662e+01 2.195988e+01 1.816830e+01 2.119601e+01 2.700879e+01 1.874465e-03
<GCONST> 4.897014e+01
<TRANSP> 6
 0.000000e+00 1.000000e+00 0.000000e+00 0.000000e+00 0.000000e+00 0.000000e+00
 0.000000e+00 9.565225e-01 4.347750e-02 0.000000e+00 0.000000e+00 0.000000e+00
 0.000000e+00 0.000000e+00 9.083256e-01 9.167436e-02 0.000000e+00 0.000000e+00
 0.000000e+00 0.000000e+00 0.000000e+00 9.502287e-01 4.977133e-02 0.000000e+00
 0.000000e+00 0.000000e+00 0.000000e+00 0.000000e+00 9.552245e-01 4.477549e-02
 0.000000e+00 0.000000e+00 0.000000e+00 0.000000e+00 0.000000e+00 0.000000e+00
<ENDHMM>
