~o
<STREAMINFO> 1 39
<VECSIZE> 39<NULLD><MFCC_D_A_0><DIAGC>
~h "sil"
<BEGINHMM>
<NUMSTATES> 3
<STATE> 2
<MEAN> 39
 -9.227029e+00 -2.800900e+00 -5.348856e-01 -2.247132e+00 1.366227e-01 -8.073569e+00 1.920771e+00 -4.399664e+00 6.703352e+00 -2.329887e+00 3.135260e+00 -1.181818e+00 6.503359e+01 4.014470e-02 4.251963e-03 1.088939e-02 -1.206577e-02 9.548000e-03 2.681719e-02 6.143472e-02 6.881388e-02 -5.465772e-02 1.512186e-03 -2.004078e-02 -1.269448e-02 -7.951228e-02 -3.888314e-03 -7.103580e-03 3.574988e-03 -1.395204e-02 -1.388919e-02 -2.199308e-03 -1.144298e-03 -9.476053e-04 -1.584718e-02 -4.585673e-03 -4.176816e-03 -1.475035e-02 1.185470e-02
<VARIANCE> 39
 4.752302e+00 4.674229e+00 7.098688e+00 1.100001e+01 9.539973e+00 1.157992e+01 1.368850e+01 1.799383e+01 1.627583e+01 1.786065e+01 1.395070e+01 9.632760e+00 3.264757e+00 1.637169e-01 3.884068e-01 5.146128e-01 7.601807e-01 8.090224e-01 1.094223e+00 1.323854e+00 1.437101e+00 1.390558e+00 1.451745e+00 1.342727e+00 9.545107e-01 7.842977e-02 3.021418e-02 7.664257e-02 1.054231e-01 1.590714e-01 1.648204e-01 2.332772e-01 2.587889e-01 2.952174e-01 2.929029e-01 2.788454e-01 2.992973e-01 2.065176e-01 1.479040e-02
<GCONST> 7.084678e+01
<TRANSP> 3
 0.000000e+00 1.000000e+00 0.000000e+00
 0.000000e+00 9.648095e-01 3.519048e-02
 0.000000e+00 0.000000e+00 0.000000e+00
<ENDHMM>
