~o
<STREAMINFO> 1 13
<VECSIZE> 13<NULLD><MFCC_E><DIAGC>
~h "\347\221\236"
<BEGINHMM>
<NUMSTATES> 6
<STATE> 2
<MEAN> 13
 -6.971262e+00 -6.843207e-01 6.592239e-01 -3.568683e+00 2.179514e-01 -8.037979e+00 1.259130e+00 -5.236928e+00 3.639155e+00 -4.215498e+00 2.110226e+00 -2.158117e+00 4.875258e-01
<VARIANCE> 13
 1.503996e+00 6.599672e+00 7.552964e+00 1.697766e+01 5.030198e+00 1.119379e+01 9.331306e+00 1.465388e+01 1.837281e+01 1.141719e+01 1.330745e+01 1.759326e+01 1.147621e-02
<GCONST> 4.632464e+01
<STATE> 3
<MEAN> 13
 -8.867763e-01 -1.009299e+00 7.966963e+00 -1.205277e+01 -2.754616e+00 -1.249552e+01 -1.935401e+01 -7.684171e+00 3.421589e+00 -5.878237e+00 -7.294655e+00 -2.861320e+00 9.396688e-01
<VARIANCE> 13
 1.256171e+00 2.663330e+01 1.400932e+01 7.723878e+01 1.311212e+01 1.741905e+01 8.969859e+01 3.467693e+01 2.283346e+01 3.765533e+01 1.959630e+01 1.234393e+01 3.439706e-03
<GCONST> 5.443572e+01
<STATE> 4
<MEAN> 13
 -3.339620e+00 -1.519059e-01 1.119650e+01 -1.091409e+01 -6.735861e+00 -1.611107e+01 -6.930909e+00 -9.199132e+00 -4.703239e+00 -8.376683e-01 -3.381433e+00 2.609246e+00 8.277099e-01
<VARIANCE> 13
 2.057379e+00 2.185666e+01 1.204052e+01 1.797025e+01 2.193214e+01 2.420329e+01 2.301847e+01 2.228957e+01 2.078055e+01 9.923346e+00 3.315448e+01 1.221496e+01 9.203783e-03
<GCONST> 5.223481e+01
<STATE> 5
<MEAN> 13
 -8.732593e+00 -1.401305e+00 1.074422e+00 -4.217313e+00 -1.901711e+00 -8.379305e+00 5.378198e-01 -6.193443e+00 2.774188e+00 -4.947111e+00 2.420004e+00 7.582144e-01 4.620085e-01
<VARIANCE> 13
 3.684945e+00 2.978558e+00 7.606809e+00 1.105238e+01 1.503115e+01 1.183038e+01 7.072270e+00 1.226678e+01 1.688828e+01 1.007340e+01 1.076123e+01 9.032905e+00 4.131974e-03
<GCONST> 4.458799e+01
<TRANSP> 6
 0.000000e+00 1.000000e+00 0.000000e+00 0.000000e+00 0.000000e+00 0.000000e+00
 0.000000e+00 8.947355e-01 1.052645e-01 0.000000e+00 0.000000e+00 0.000000e+00
 0.000000e+00 0.000000e+00 9.259468e-01 7.405320e-02 0.000000e+00 0.000000e+00
 0.000000e+00 0.000000e+00 0.000000e+00 8.332182e-01 1.667818e-01 0.000000e+00
 0.000000e+00 0.000000e+00 0.000000e+00 0.000000e+00 9.200024e-01 7.999759e-02
 0.000000e+00 0.000000e+00 0.000000e+00 0.000000e+00 0.000000e+00 0.000000e+00
<ENDHMM>
