~o
<STREAMINFO> 1 13
<VECSIZE> 13<NULLD><MFCC_E><DIAGC>
~h "xin"
<BEGINHMM>
<NUMSTATES> 6
<STATE> 2
<MEAN> 13
 -1.908749e+01 2.678049e+00 -1.376981e+00 -8.093148e+00 5.559701e+00 -1.086509e+01 3.295577e+00 -1.451676e+00 2.669916e-01 -2.094409e+00 2.681238e+00 -1.434311e+00 6.096788e-01
<VARIANCE> 13
 5.684028e+01 3.786786e+01 1.433054e+01 1.883453e+01 2.311444e+01 1.534642e+01 1.473576e+01 2.247887e+01 2.956579e+01 1.911810e+01 1.948228e+01 1.969185e+01 1.773084e-02
<GCONST> 5.709354e+01
<STATE> 3
<MEAN> 13
 -3.517327e+00 -3.021735e+00 1.946500e+01 -1.980683e+01 -1.393865e+01 -5.243472e+00 -1.220226e+01 -4.996876e+00 -1.412798e+01 -3.091385e+00 3.694195e-01 -2.110000e+00 9.724167e-01
<VARIANCE> 13
 3.115166e-01 3.831629e+00 1.394229e+00 1.954618e+01 3.087723e+00 2.670144e+01 1.026044e+01 8.651678e+00 3.758227e+00 7.272549e+00 4.118010e+00 7.205021e+00 6.579315e-04
<GCONST> 3.564451e+01
<STATE> 4
<MEAN> 13
 -1.612284e+00 1.471642e+00 1.216646e+01 -9.276206e+00 -6.566434e+00 -3.306670e+00 -1.191253e+01 -9.529935e+00 -3.123850e+00 -1.058503e+01 -4.111412e+00 -6.168674e+00 8.482969e-01
<VARIANCE> 13
 3.002235e+00 6.641367e+00 2.828998e+01 8.006554e+01 3.153336e+01 2.971961e+01 5.966641e+01 1.308861e+01 1.645036e+01 4.362088e+01 8.178542e+00 1.092307e+01 1.025313e-02
<GCONST> 5.460189e+01
<STATE> 5
<MEAN> 13
 -6.116767e+00 -1.969998e+00 -6.352723e-01 -3.322067e+00 -2.340994e+00 -9.476023e+00 2.028450e+00 -6.292696e+00 7.065070e+00 -1.069226e+00 2.029332e+00 -4.579000e-01 4.531160e-01
<VARIANCE> 13
 5.032092e+00 2.469298e+00 4.248133e+00 2.363744e+00 1.707908e+01 1.685600e+01 9.947241e+00 1.101306e+01 1.616297e+01 2.155967e+01 1.036608e+01 9.667354e+00 2.896063e-03
<GCONST> 4.369427e+01
<TRANSP> 6
 0.000000e+00 1.000000e+00 0.000000e+00 0.000000e+00 0.000000e+00 0.000000e+00
 0.000000e+00 9.571428e-01 4.285725e-02 0.000000e+00 0.000000e+00 0.000000e+00
 0.000000e+00 0.000000e+00 8.639608e-01 1.360392e-01 0.000000e+00 0.000000e+00
 0.000000e+00 0.000000e+00 0.000000e+00 9.399367e-01 6.006333e-02 0.000000e+00
 0.000000e+00 0.000000e+00 0.000000e+00 0.000000e+00 9.090916e-01 9.090844e-02
 0.000000e+00 0.000000e+00 0.000000e+00 0.000000e+00 0.000000e+00 0.000000e+00
<ENDHMM>
