~o
<STREAMINFO> 1 13
<VECSIZE> 13<NULLD><MFCC_0><DIAGC>
~h "\350\212\257"
<BEGINHMM>
<NUMSTATES> 6
<STATE> 2
<MEAN> 13
 -7.405085e+00 5.305734e+00 -1.110055e+00 -5.455612e+00 -2.333217e+00 -1.071122e+01 -5.705637e+00 -2.340088e+00 2.950650e-01 -7.119775e+00 -4.626624e+00 -8.638297e+00 6.080051e+01
<VARIANCE> 13
 1.200089e+01 4.048782e+00 1.553217e+00 9.755880e+00 7.991341e+00 4.527065e+01 4.041118e+00 2.258565e+01 8.036878e+00 1.730373e+00 3.081887e+01 2.838295e+01 1.257121e+00
<GCONST> 5.053397e+01
<STATE> 3
<MEAN> 13
 -4.367394e+00 1.097540e+01 -6.082082e+00 -1.659268e+01 -3.681841e+00 -2.228948e+01 -2.569417e+00 -1.833858e+00 -7.706550e+00 -2.436430e+00 -4.269004e+00 -6.727653e+00 6.901811e+01
<VARIANCE> 13
 1.403021e+00 4.996290e+00 9.255609e+00 8.003753e+00 1.080001e+01 1.807668e+01 6.058136e+00 1.575185e+01 6.583560e+00 1.389409e+01 1.280167e+01 4.694329e+00 2.912423e+00
<GCONST> 4.965835e+01
<STATE> 4
<MEAN> 13
 -9.535388e-01 5.240390e+00 3.184603e+00 -8.264483e+00 -6.910704e+00 -9.622310e+00 -5.180430e+00 -8.704510e+00 -2.855959e+00 -7.365748e+00 -7.797260e+00 -6.245718e+00 6.170208e+01
<VARIANCE> 13
 1.838801e+00 8.225792e+00 1.293349e+01 1.605177e+01 2.757571e+01 2.251953e+01 1.064044e+01 7.050441e+00 2.045571e+01 1.502582e+01 1.882962e+01 1.018869e+01 7.698139e+00
<GCONST> 5.571922e+01
<STATE> 5
<MEAN> 13
 -5.748016e+00 -3.505476e+00 3.136451e+00 -4.538233e+00 6.223277e-01 -7.283729e+00 1.480675e+00 -4.927498e+00 1.343623e+00 8.232715e-01 -5.664194e+00 -2.829182e+00 5.624947e+01
<VARIANCE> 13
 2.998251e+00 8.250578e+00 5.874981e+00 6.938273e+00 8.309007e+00 9.745350e+00 1.576072e+01 1.699357e+01 2.811493e+01 8.791622e+00 1.414019e+01 2.764336e+01 1.438799e+00
<GCONST> 5.263527e+01
<TRANSP> 6
 0.000000e+00 1.000000e+00 0.000000e+00 0.000000e+00 0.000000e+00 0.000000e+00
 0.000000e+00 4.999974e-01 5.000026e-01 0.000000e+00 0.000000e+00 0.000000e+00
 0.000000e+00 0.000000e+00 8.861032e-01 1.138968e-01 0.000000e+00 0.000000e+00
 0.000000e+00 0.000000e+00 0.000000e+00 8.745905e-01 1.254095e-01 0.000000e+00
 0.000000e+00 0.000000e+00 0.000000e+00 0.000000e+00 7.998502e-01 2.001498e-01
 0.000000e+00 0.000000e+00 0.000000e+00 0.000000e+00 0.000000e+00 0.000000e+00
<ENDHMM>
