~o
<STREAMINFO> 1 13
<VECSIZE> 13<NULLD><MFCC_0><DIAGC>
~h "sil"
<BEGINHMM>
<NUMSTATES> 6
<STATE> 2
<MEAN> 13
 -6.570359e+00 -3.974206e+00 1.096463e+00 -5.689700e+00 -1.643799e-01 -5.475803e+00 4.870641e+00 -2.560596e+00 2.216692e+00 4.542202e-01 -3.466979e+00 -1.630290e-01 5.601071e+01
<VARIANCE> 13
 1.914962e+00 4.979569e+00 6.017908e+00 1.165191e+01 1.381533e+01 1.575193e+01 1.476371e+01 2.482539e+01 1.895059e+01 2.518640e+01 1.808941e+01 1.416892e+01 8.264862e-01
<GCONST> 5.320837e+01
<STATE> 3
<MEAN> 13
 -7.770053e+00 -3.146311e+00 5.757605e-01 -3.710248e+00 -1.360823e+00 -6.556587e+00 1.877430e+00 -4.526715e+00 9.478527e-01 7.938236e-01 -4.820834e+00 9.619529e-01 5.661964e+01
<VARIANCE> 13
 9.521363e+00 1.318511e+01 1.907925e+01 1.463799e+01 1.334527e+01 3.021987e+01 7.421200e+00 1.826509e+01 7.120471e+00 3.885396e+01 7.309016e+00 1.643708e+01 2.006932e+00
<GCONST> 5.637429e+01
<STATE> 4
<MEAN> 13
 -1.286276e+01 1.320349e+00 -5.476834e+00 1.048491e+00 -4.249993e+00 -1.994289e+00 -6.079639e-01 9.807863e-01 -1.697556e+00 -1.790137e+00 -1.342955e+00 -1.543115e+00 5.942118e+01
<VARIANCE> 13
 2.258477e+01 2.181513e+01 2.799386e+01 2.486307e+01 2.895552e+01 2.464134e+01 1.830232e+01 2.823742e+01 1.952330e+01 1.786510e+01 2.715401e+01 1.583758e+01 7.070356e+00
<GCONST> 6.332979e+01
<STATE> 5
<MEAN> 13
 -6.202102e+00 -3.711400e+00 1.294166e+00 -4.575047e+00 1.295608e+00 -5.049041e+00 4.771164e+00 -2.076799e+00 8.157130e-01 -6.604368e-01 -4.061594e+00 -8.046894e-01 5.635479e+01
<VARIANCE> 13
 5.689592e+00 9.489873e+00 9.141872e+00 6.558239e+00 1.744846e+01 1.597018e+01 1.823246e+01 3.569760e+01 3.624315e+01 1.768965e+01 1.845642e+01 1.219532e+01 2.448680e+00
<GCONST> 5.685836e+01
<TRANSP> 6
 0.000000e+00 1.000000e+00 0.000000e+00 0.000000e+00 0.000000e+00 0.000000e+00
 0.000000e+00 8.751998e-01 1.248002e-01 0.000000e+00 0.000000e+00 0.000000e+00
 0.000000e+00 0.000000e+00 0.000000e+00 1.000000e+00 0.000000e+00 0.000000e+00
 0.000000e+00 0.000000e+00 0.000000e+00 6.247954e-01 3.752046e-01 0.000000e+00
 0.000000e+00 0.000000e+00 0.000000e+00 0.000000e+00 4.863919e-01 5.136082e-01
 0.000000e+00 0.000000e+00 0.000000e+00 0.000000e+00 0.000000e+00 0.000000e+00
<ENDHMM>
