~o
<STREAMINFO> 1 13
<VECSIZE> 13<NULLD><MFCC_0><DIAGC>
~h "sil"
<BEGINHMM>
<NUMSTATES> 12
<STATE> 2
<MEAN> 13
 -7.597690e+00 -2.326303e+00 -4.153152e+00 -3.172037e+00 1.353932e+00 -8.119120e-01 -1.363291e+00 -4.830805e-01 -9.489287e-01 1.999168e+00 -2.437154e+00 -4.798288e+00 5.804929e+01
<VARIANCE> 13
 3.227235e+01 1.951842e+01 1.662175e+01 2.343575e+01 3.811808e+01 3.053084e+01 2.984113e+01 2.826141e+01 2.755573e+01 2.903251e+01 2.090091e+01 2.684927e+01 2.187874e+01
<GCONST> 6.619993e+01
<STATE> 3
<MEAN> 13
 -7.105946e+00 -4.133261e+00 -6.330688e+00 -6.525037e+00 -3.643820e+00 -1.612759e+00 -3.502067e+00 -2.428774e+00 -5.664765e-01 -2.972629e-01 -2.083042e+00 -2.877670e+00 5.443635e+01
<VARIANCE> 13
 7.987367e+00 1.016718e+01 2.067196e+01 2.132316e+01 2.089702e+01 2.349492e+01 2.004165e+01 2.311654e+01 2.468038e+01 2.394644e+01 2.061271e+01 2.151767e+01 1.232593e+01
<GCONST> 6.170107e+01
<STATE> 4
<MEAN> 13
 -8.848487e+00 -3.006470e+00 -2.616581e+00 -1.897002e+00 -9.432274e-01 -1.621113e+00 -2.256351e+00 -1.205539e+00 -1.048556e+00 -1.492983e+00 -2.240005e+00 -7.940904e-01 5.257802e+01
<VARIANCE> 13
 5.250053e+00 7.843996e+00 9.378072e+00 1.133256e+01 1.671883e+01 2.085355e+01 1.817481e+01 1.871799e+01 1.685671e+01 1.624654e+01 1.673826e+01 1.487758e+01 8.818207e+00
<GCONST> 5.726702e+01
<STATE> 5
<MEAN> 13
 -1.228460e+01 -7.208041e+00 -3.722203e+00 -2.285717e+00 1.071789e-01 -3.184899e+00 -2.285566e+00 -2.560970e-01 -1.920778e+00 -2.148142e+00 -7.446970e-01 6.216134e-02 5.887310e+01
<VARIANCE> 13
 1.454393e+01 2.102646e+01 1.963339e+01 1.723699e+01 4.051950e+01 4.270935e+01 3.257301e+01 3.510185e+01 3.200411e+01 2.665643e+01 2.784818e+01 2.250448e+01 2.502042e+01
<GCONST> 6.634666e+01
<STATE> 6
<MEAN> 13
 -8.416633e+00 -3.203305e+00 -3.641425e+00 -5.069136e+00 -3.184257e+00 -2.430147e+00 -4.479212e+00 -2.713645e+00 -1.847342e+00 -1.770881e+00 -2.773513e+00 -1.002680e+00 5.414796e+01
<VARIANCE> 13
 4.161964e+00 7.350380e+00 8.277946e+00 1.186596e+01 1.388531e+01 1.647974e+01 1.664641e+01 1.949183e+01 2.052428e+01 1.943022e+01 1.719431e+01 1.574741e+01 4.311684e+00
<GCONST> 5.616659e+01
<STATE> 7
<MEAN> 13
 -1.216666e+01 -2.502505e+00 -3.939050e+00 -5.020658e+00 -2.749967e+00 -2.815439e+00 -4.859682e+00 -2.234423e+00 -2.347418e+00 -2.224442e+00 -2.074737e+00 -1.890364e+00 5.551347e+01
<VARIANCE> 13
 1.103691e+01 8.491440e+00 9.667770e+00 1.516308e+01 1.280836e+01 1.958627e+01 1.722532e+01 2.540395e+01 1.942345e+01 2.181833e+01 1.926483e+01 1.520605e+01 1.010170e+01
<GCONST> 5.906850e+01
<STATE> 8
<MEAN> 13
 -7.308753e+00 -2.307689e+00 -1.849738e+00 -5.919959e+00 -5.543705e+00 -2.495857e+00 -5.557381e+00 -3.372741e+00 -1.136488e+00 -2.213247e+00 -1.608159e+00 -2.155266e+00 5.767515e+01
<VARIANCE> 13
 1.568376e+01 2.604599e+01 5.597935e+01 5.261705e+01 2.721429e+01 2.967126e+01 2.828911e+01 4.101110e+01 2.638200e+01 3.153032e+01 3.870543e+01 2.370747e+01 3.098905e+01
<GCONST> 6.862218e+01
<STATE> 9
<MEAN> 13
 -1.057257e+01 -1.747005e+00 -3.785280e+00 -1.654279e+00 -5.623831e-01 1.861761e-01 -2.335678e+00 -4.054870e-01 -1.291593e+00 -1.363827e+00 -1.624815e+00 2.560119e-01 4.579666e+01
<VARIANCE> 13
 1.142483e+01 9.452971e+00 1.668542e+01 1.869530e+01 1.798811e+01 2.073554e+01 1.802365e+01 2.474959e+01 2.136051e+01 1.832912e+01 1.851163e+01 1.609125e+01 5.331438e+01
<GCONST> 6.198230e+01
<STATE> 10
<MEAN> 13
 -8.521074e+00 -2.758343e+00 -3.117023e+00 -3.428979e+00 -3.091146e+00 -1.470864e+00 -3.009629e+00 -1.455512e+00 -8.779306e-01 -1.040626e+00 -1.553493e+00 -5.512805e-01 4.984047e+01
<VARIANCE> 13
 7.267292e+00 4.960750e+00 7.578310e+00 1.066359e+01 1.229247e+01 1.520862e+01 1.589700e+01 1.771840e+01 1.689345e+01 1.718167e+01 1.739542e+01 1.574971e+01 6.961524e+00
<GCONST> 5.596525e+01
<STATE> 11
<MEAN> 13
 -9.223696e+00 -1.968642e+00 -2.649026e+00 -2.621700e+00 -6.848088e-01 -1.466671e+00 -3.570874e+00 -2.640537e+00 -2.635576e+00 -2.003907e+00 -1.586891e+00 -5.859997e-01 5.523219e+01
<VARIANCE> 13
 1.740222e+01 3.239323e+01 3.169375e+01 2.300399e+01 3.817653e+01 3.406721e+01 3.131383e+01 2.904554e+01 2.773573e+01 2.783397e+01 3.018362e+01 2.530917e+01 3.030152e+01
<GCONST> 6.750086e+01
<TRANSP> 12
 0.000000e+00 1.000000e+00 0.000000e+00 0.000000e+00 0.000000e+00 0.000000e+00 0.000000e+00 0.000000e+00 0.000000e+00 0.000000e+00 0.000000e+00 0.000000e+00
 0.000000e+00 7.148930e-01 2.851069e-01 0.000000e+00 0.000000e+00 0.000000e+00 0.000000e+00 0.000000e+00 0.000000e+00 0.000000e+00 0.000000e+00 0.000000e+00
 0.000000e+00 0.000000e+00 7.600930e-01 2.399071e-01 0.000000e+00 0.000000e+00 0.000000e+00 0.000000e+00 0.000000e+00 0.000000e+00 0.000000e+00 0.000000e+00
 0.000000e+00 0.000000e+00 0.000000e+00 8.316729e-01 1.683271e-01 0.000000e+00 0.000000e+00 0.000000e+00 0.000000e+00 0.000000e+00 0.000000e+00 0.000000e+00
 0.000000e+00 0.000000e+00 0.000000e+00 0.000000e+00 8.055761e-01 1.944238e-01 0.000000e+00 0.000000e+00 0.000000e+00 0.000000e+00 0.000000e+00 0.000000e+00
 0.000000e+00 0.000000e+00 0.000000e+00 0.000000e+00 0.000000e+00 8.595411e-01 1.404589e-01 0.000000e+00 0.000000e+00 0.000000e+00 0.000000e+00 0.000000e+00
 0.000000e+00 0.000000e+00 0.000000e+00 0.000000e+00 0.000000e+00 0.000000e+00 7.546491e-01 2.453509e-01 0.000000e+00 0.000000e+00 0.000000e+00 0.000000e+00
 0.000000e+00 0.000000e+00 0.000000e+00 0.000000e+00 0.000000e+00 0.000000e+00 0.000000e+00 6.675326e-01 3.324675e-01 0.000000e+00 0.000000e+00 0.000000e+00
 0.000000e+00 0.000000e+00 0.000000e+00 0.000000e+00 0.000000e+00 0.000000e+00 0.000000e+00 0.000000e+00 6.946800e-01 3.053199e-01 0.000000e+00 0.000000e+00
 0.000000e+00 0.000000e+00 0.000000e+00 0.000000e+00 0.000000e+00 0.000000e+00 0.000000e+00 0.000000e+00 0.000000e+00 8.687349e-01 1.312651e-01 0.000000e+00
 0.000000e+00 0.000000e+00 0.000000e+00 0.000000e+00 0.000000e+00 0.000000e+00 0.000000e+00 0.000000e+00 0.000000e+00 0.000000e+00 5.728118e-01 4.271882e-01
 0.000000e+00 0.000000e+00 0.000000e+00 0.000000e+00 0.000000e+00 0.000000e+00 0.000000e+00 0.000000e+00 0.000000e+00 0.000000e+00 0.000000e+00 0.000000e+00
<ENDHMM>
