~o
<STREAMINFO> 1 13
<VECSIZE> 13<NULLD><MFCC_0><DIAGC>
~h "lx"
<BEGINHMM>
<NUMSTATES> 6
<STATE> 2
<MEAN> 13
 -3.961903e+00 4.676139e+00 1.137925e+01 -4.672604e+00 -1.300190e+01 -3.009707e+00 -1.111068e+01 -5.902225e+00 -9.796041e+00 -1.606179e+00 -1.197027e+00 -3.594982e+00 6.985849e+01
<VARIANCE> 13
 1.427500e+01 3.243066e+01 4.691047e+01 9.155364e+01 5.842946e+01 6.415051e+01 8.015471e+01 7.003722e+01 4.622944e+01 5.270114e+01 8.199713e+01 3.829109e+01 3.767374e+01
<GCONST> 7.473634e+01
<STATE> 3
<MEAN> 13
 -2.450317e+01 9.956506e+00 2.654481e+00 -3.157797e+00 -2.427978e+00 -4.159044e+00 -4.503817e-01 -5.989090e+00 -3.725387e+00 -2.153492e+00 -2.206283e+00 -1.091906e+00 6.947495e+01
<VARIANCE> 13
 4.730830e+01 2.844629e+01 4.692683e+01 3.428709e+01 2.502222e+01 2.880609e+01 3.786026e+01 3.712251e+01 2.470182e+01 2.570711e+01 2.595164e+01 2.078307e+01 2.046465e+01
<GCONST> 6.807166e+01
<STATE> 4
<MEAN> 13
 -9.145723e+00 3.506052e+00 1.544848e+01 -9.135261e+00 -1.476936e+01 -4.539093e+00 -1.735733e+01 -8.430553e+00 -1.327105e+01 -4.120756e+00 -3.022976e+00 -3.750499e+00 7.108356e+01
<VARIANCE> 13
 1.547216e+01 2.617264e+01 4.274759e+01 9.010071e+01 2.802493e+01 4.043680e+01 4.550321e+01 6.813990e+01 2.553369e+01 4.684634e+01 7.853012e+01 3.487254e+01 2.884265e+01
<GCONST> 7.158849e+01
<STATE> 5
<MEAN> 13
 -5.432426e+00 2.832113e+00 1.046575e+01 5.966917e-01 -9.242143e+00 -2.977672e+00 -7.558918e+00 -6.175899e+00 -5.391450e+00 -5.179854e+00 -6.769096e-01 -2.497544e+00 6.471014e+01
<VARIANCE> 13
 1.503590e+01 3.050396e+01 6.560262e+01 3.547412e+01 7.449254e+01 6.264697e+01 4.392755e+01 3.832554e+01 2.832650e+01 5.695470e+01 3.669801e+01 2.691580e+01 7.595924e+01
<GCONST> 7.226169e+01
<TRANSP> 6
 0.000000e+00 1.000000e+00 0.000000e+00 0.000000e+00 0.000000e+00 0.000000e+00
 0.000000e+00 9.417827e-01 5.821734e-02 0.000000e+00 0.000000e+00 0.000000e+00
 0.000000e+00 0.000000e+00 9.120812e-01 8.791877e-02 0.000000e+00 0.000000e+00
 0.000000e+00 0.000000e+00 0.000000e+00 9.093461e-01 9.065390e-02 0.000000e+00
 0.000000e+00 0.000000e+00 0.000000e+00 0.000000e+00 8.810674e-01 1.189326e-01
 0.000000e+00 0.000000e+00 0.000000e+00 0.000000e+00 0.000000e+00 0.000000e+00
<ENDHMM>
