~o
<STREAMINFO> 1 13
<VECSIZE> 13<NULLD><MFCC_0><DIAGC>
~h "lx"
<BEGINHMM>
<NUMSTATES> 12
<STATE> 2
<MEAN> 13
 -3.364939e+00 3.787496e+00 9.759496e+00 1.031973e+00 -4.579636e+00 -6.804795e+00 -8.753404e+00 -4.788782e+00 -6.900270e+00 -2.874247e+00 -3.106964e+00 -1.541854e+00 6.344603e+01
<VARIANCE> 13
 1.500452e+01 2.363105e+01 5.057680e+01 4.556971e+01 5.094485e+01 7.596377e+01 7.364486e+01 4.713447e+01 5.014518e+01 4.056914e+01 3.972061e+01 2.561095e+01 5.423571e+01
<GCONST> 7.245547e+01
<STATE> 3
<MEAN> 13
 -3.952544e+00 2.336047e+00 1.682497e+01 -5.824417e+00 -1.529519e+01 -7.504195e-01 -1.211695e+01 -2.140859e+00 -1.218350e+01 -1.815418e-01 4.097617e+00 -3.242757e+00 7.251772e+01
<VARIANCE> 13
 1.062586e+01 2.595214e+01 3.658027e+01 7.473032e+01 3.910577e+01 4.720088e+01 4.061971e+01 4.729738e+01 4.169980e+01 4.827789e+01 2.766965e+01 3.858583e+01 1.343279e+01
<GCONST> 6.968513e+01
<STATE> 4
<MEAN> 13
 -4.360005e+00 7.414252e+00 8.184789e+00 -8.631150e+00 -1.338421e+01 -3.908340e+00 -1.215380e+01 -1.115000e+01 -9.864775e+00 -8.514021e-01 -5.661561e+00 -4.285761e+00 6.889297e+01
<VARIANCE> 13
 1.859825e+01 2.931623e+01 2.591095e+01 1.163819e+02 4.088281e+01 4.604528e+01 1.092592e+02 6.057174e+01 3.708777e+01 5.554919e+01 1.041044e+02 3.701497e+01 2.812716e+01
<GCONST> 7.376705e+01
<STATE> 5
<MEAN> 13
 -1.595295e+01 1.497609e+01 6.319471e+00 1.104978e+00 -1.997978e+00 -5.182177e+00 -8.182158e-01 -7.916829e+00 -5.490808e+00 -4.030860e+00 -1.856301e+00 -9.634255e-01 6.981773e+01
<VARIANCE> 13
 4.264341e+01 1.561717e+01 3.030684e+01 3.241441e+01 3.320760e+01 5.502319e+01 4.171586e+01 3.883710e+01 2.507648e+01 3.534966e+01 2.932050e+01 2.838916e+01 1.664730e+01
<GCONST> 6.850817e+01
<STATE> 6
<MEAN> 13
 -2.883739e+01 8.386860e+00 -4.790722e-01 -6.012668e+00 -2.828614e+00 -5.079886e+00 -1.487113e+00 -5.283205e+00 -3.650196e+00 -5.853949e-01 -1.319239e+00 -7.802006e-01 6.931440e+01
<VARIANCE> 13
 1.063437e+01 2.020631e+01 3.044392e+01 2.688635e+01 1.920794e+01 2.934734e+01 4.271196e+01 3.470934e+01 2.695938e+01 2.092906e+01 2.433382e+01 1.747059e+01 1.879294e+01
<GCONST> 6.492734e+01
<STATE> 7
<MEAN> 13
 -1.867805e+01 1.067113e+01 9.639439e+00 -2.973075e+00 -3.985902e+00 -6.630547e+00 -4.877719e+00 -7.439394e+00 -6.926460e+00 -3.910854e+00 -2.974333e+00 -1.204927e+00 7.012601e+01
<VARIANCE> 13
 2.400879e+01 1.985501e+01 2.108644e+01 2.100393e+01 2.800834e+01 3.061897e+01 3.401119e+01 4.067313e+01 2.260925e+01 2.019106e+01 1.888733e+01 1.665504e+01 2.692865e+01
<GCONST> 6.530700e+01
<STATE> 8
<MEAN> 13
 -1.116189e+01 6.854713e+00 1.309050e+01 -3.608450e+00 -1.292623e+01 -8.942909e+00 -1.116284e+01 -1.234844e+01 -1.025038e+01 -4.953236e+00 -5.804999e-01 -9.037877e-01 7.324869e+01
<VARIANCE> 13
 1.199391e+01 1.663715e+01 3.335484e+01 4.030844e+01 2.630741e+01 4.635450e+01 4.404779e+01 5.328114e+01 2.585435e+01 3.857386e+01 2.071807e+01 5.403931e+01 1.573918e+01
<GCONST> 6.794115e+01
<STATE> 9
<MEAN> 13
 -7.234402e+00 1.021288e+00 1.962461e+01 -5.371183e+00 -1.682465e+01 -4.500346e+00 -1.673403e+01 -6.633699e+00 -1.335545e+01 -5.614710e+00 3.249479e+00 -2.234608e+00 7.357944e+01
<VARIANCE> 13
 1.054199e+01 2.211214e+01 2.349711e+01 5.579233e+01 2.495604e+01 4.568646e+01 3.016356e+01 4.754437e+01 4.767904e+01 5.107513e+01 2.509447e+01 1.985182e+01 1.114252e+01
<GCONST> 6.724912e+01
<STATE> 10
<MEAN> 13
 -8.576081e+00 2.077636e+00 1.139211e+01 -1.288943e+01 -1.457403e+01 -7.377854e+00 -1.719759e+01 -1.031072e+01 -1.261888e+01 -3.864560e+00 -7.385947e+00 -3.652026e+00 6.524904e+01
<VARIANCE> 13
 1.979995e+01 2.780417e+01 2.605168e+01 1.045003e+02 3.002168e+01 3.858062e+01 5.568891e+01 4.417970e+01 2.696615e+01 2.579675e+01 9.621810e+01 3.827674e+01 3.769700e+01
<GCONST> 7.136112e+01
<STATE> 11
<MEAN> 13
 -5.909227e+00 2.310290e+00 7.519258e+00 -1.258783e+00 -6.327775e+00 -2.320418e+00 -6.703403e+00 -5.768634e+00 -5.588651e+00 -2.236243e+00 -1.971904e+00 -2.930453e+00 6.001741e+01
<VARIANCE> 13
 1.792499e+01 3.137771e+01 4.999703e+01 4.463443e+01 4.915200e+01 3.999941e+01 4.515214e+01 3.660492e+01 3.256042e+01 3.263640e+01 2.739865e+01 2.092926e+01 4.737917e+01
<GCONST> 7.010752e+01
<TRANSP> 12
 0.000000e+00 1.000000e+00 0.000000e+00 0.000000e+00 0.000000e+00 0.000000e+00 0.000000e+00 0.000000e+00 0.000000e+00 0.000000e+00 0.000000e+00 0.000000e+00
 0.000000e+00 7.202762e-01 2.797239e-01 0.000000e+00 0.000000e+00 0.000000e+00 0.000000e+00 0.000000e+00 0.000000e+00 0.000000e+00 0.000000e+00 0.000000e+00
 0.000000e+00 0.000000e+00 8.776312e-01 1.223688e-01 0.000000e+00 0.000000e+00 0.000000e+00 0.000000e+00 0.000000e+00 0.000000e+00 0.000000e+00 0.000000e+00
 0.000000e+00 0.000000e+00 0.000000e+00 8.262094e-01 1.737906e-01 0.000000e+00 0.000000e+00 0.000000e+00 0.000000e+00 0.000000e+00 0.000000e+00 0.000000e+00
 0.000000e+00 0.000000e+00 0.000000e+00 0.000000e+00 7.169748e-01 2.830253e-01 0.000000e+00 0.000000e+00 0.000000e+00 0.000000e+00 0.000000e+00 0.000000e+00
 0.000000e+00 0.000000e+00 0.000000e+00 0.000000e+00 0.000000e+00 8.640732e-01 1.359269e-01 0.000000e+00 0.000000e+00 0.000000e+00 0.000000e+00 0.000000e+00
 0.000000e+00 0.000000e+00 0.000000e+00 0.000000e+00 0.000000e+00 0.000000e+00 3.019449e-01 6.980551e-01 0.000000e+00 0.000000e+00 0.000000e+00 0.000000e+00
 0.000000e+00 0.000000e+00 0.000000e+00 0.000000e+00 0.000000e+00 0.000000e+00 0.000000e+00 5.766436e-01 4.233563e-01 0.000000e+00 0.000000e+00 0.000000e+00
 0.000000e+00 0.000000e+00 0.000000e+00 0.000000e+00 0.000000e+00 0.000000e+00 0.000000e+00 0.000000e+00 8.885018e-01 1.114982e-01 0.000000e+00 0.000000e+00
 0.000000e+00 0.000000e+00 0.000000e+00 0.000000e+00 0.000000e+00 0.000000e+00 0.000000e+00 0.000000e+00 0.000000e+00 7.861258e-01 2.138741e-01 0.000000e+00
 0.000000e+00 0.000000e+00 0.000000e+00 0.000000e+00 0.000000e+00 0.000000e+00 0.000000e+00 0.000000e+00 0.000000e+00 0.000000e+00 8.049824e-01 1.950177e-01
 0.000000e+00 0.000000e+00 0.000000e+00 0.000000e+00 0.000000e+00 0.000000e+00 0.000000e+00 0.000000e+00 0.000000e+00 0.000000e+00 0.000000e+00 0.000000e+00
<ENDHMM>
