~o
<STREAMINFO> 1 13
<VECSIZE> 13<NULLD><MFCC_0><DIAGC>
~h "sil"
<BEGINHMM>
<NUMSTATES> 12
<STATE> 2
<MEAN> 13
 -7.597687e+00 -2.326262e+00 -4.153134e+00 -3.172026e+00 1.353892e+00 -8.119306e-01 -1.363292e+00 -4.831152e-01 -9.489316e-01 1.999199e+00 -2.437139e+00 -4.798271e+00 5.804929e+01
<VARIANCE> 13
 3.227248e+01 1.951834e+01 1.662184e+01 2.343600e+01 3.811819e+01 3.053122e+01 2.984104e+01 2.826147e+01 2.755581e+01 2.903260e+01 2.090077e+01 2.684907e+01 2.187888e+01
<GCONST> 6.619996e+01
<STATE> 3
<MEAN> 13
 -7.105971e+00 -4.133214e+00 -6.330662e+00 -6.525021e+00 -3.643825e+00 -1.612810e+00 -3.502056e+00 -2.428753e+00 -5.664861e-01 -2.972755e-01 -2.083043e+00 -2.877644e+00 5.443638e+01
<VARIANCE> 13
 7.987478e+00 1.016732e+01 2.067200e+01 2.132319e+01 2.089706e+01 2.349517e+01 2.004177e+01 2.311673e+01 2.468057e+01 2.394641e+01 2.061288e+01 2.151772e+01 1.232605e+01
<GCONST> 6.170116e+01
<STATE> 4
<MEAN> 13
 -8.848505e+00 -3.006473e+00 -2.616576e+00 -1.896997e+00 -9.432440e-01 -1.621108e+00 -2.256347e+00 -1.205576e+00 -1.048589e+00 -1.492959e+00 -2.240014e+00 -7.941045e-01 5.257801e+01
<VARIANCE> 13
 5.250041e+00 7.843997e+00 9.378120e+00 1.133251e+01 1.671870e+01 2.085356e+01 1.817480e+01 1.871795e+01 1.685676e+01 1.624642e+01 1.673828e+01 1.487765e+01 8.818243e+00
<GCONST> 5.726702e+01
<STATE> 5
<MEAN> 13
 -1.228460e+01 -7.208478e+00 -3.722173e+00 -2.285547e+00 1.071292e-01 -3.184845e+00 -2.285495e+00 -2.558056e-01 -1.920875e+00 -2.148155e+00 -7.447812e-01 6.239945e-02 5.887291e+01
<VARIANCE> 13
 1.454484e+01 2.102434e+01 1.963422e+01 1.723697e+01 4.052015e+01 4.271099e+01 3.257329e+01 3.510223e+01 3.200538e+01 2.665713e+01 2.784878e+01 2.250470e+01 2.502134e+01
<GCONST> 6.634687e+01
<STATE> 6
<MEAN> 13
 -8.416652e+00 -3.203283e+00 -3.641436e+00 -5.069140e+00 -3.184279e+00 -2.430140e+00 -4.479240e+00 -2.713658e+00 -1.847372e+00 -1.770868e+00 -2.773506e+00 -1.002684e+00 5.414795e+01
<VARIANCE> 13
 4.162036e+00 7.350312e+00 8.277935e+00 1.186584e+01 1.388535e+01 1.647960e+01 1.664635e+01 1.949183e+01 2.052447e+01 1.943020e+01 1.719428e+01 1.574746e+01 4.311632e+00
<GCONST> 5.616657e+01
<STATE> 7
<MEAN> 13
 -1.216680e+01 -2.502465e+00 -3.939056e+00 -5.020586e+00 -2.749886e+00 -2.815403e+00 -4.859757e+00 -2.234436e+00 -2.347463e+00 -2.224416e+00 -2.074738e+00 -1.890428e+00 5.551368e+01
<VARIANCE> 13
 1.103698e+01 8.491266e+00 9.667542e+00 1.516260e+01 1.280838e+01 1.958599e+01 1.722593e+01 2.540331e+01 1.942277e+01 2.181798e+01 1.926452e+01 1.520539e+01 1.010248e+01
<GCONST> 5.906838e+01
<STATE> 8
<MEAN> 13
 -7.309031e+00 -2.307415e+00 -1.849612e+00 -5.919780e+00 -5.543223e+00 -2.496011e+00 -5.557040e+00 -3.372811e+00 -1.136374e+00 -2.213216e+00 -1.607829e+00 -2.155244e+00 5.767566e+01
<VARIANCE> 13
 1.568543e+01 2.604591e+01 5.597918e+01 5.261651e+01 2.721859e+01 2.967145e+01 2.829026e+01 4.100915e+01 2.638199e+01 3.152848e+01 3.870559e+01 2.370682e+01 3.099076e+01
<GCONST> 6.862242e+01
<STATE> 9
<MEAN> 13
 -1.057256e+01 -1.746987e+00 -3.785332e+00 -1.654326e+00 -5.624322e-01 1.861363e-01 -2.335644e+00 -4.055043e-01 -1.291581e+00 -1.363814e+00 -1.624773e+00 2.560191e-01 4.579671e+01
<VARIANCE> 13
 1.142473e+01 9.452869e+00 1.668533e+01 1.869508e+01 1.798792e+01 2.073536e+01 1.802351e+01 2.474940e+01 2.136025e+01 1.832918e+01 1.851160e+01 1.609108e+01 5.331404e+01
<GCONST> 6.198220e+01
<STATE> 10
<MEAN> 13
 -8.521028e+00 -2.758339e+00 -3.117015e+00 -3.428982e+00 -3.091160e+00 -1.470854e+00 -3.009654e+00 -1.455547e+00 -8.779193e-01 -1.040630e+00 -1.553514e+00 -5.512834e-01 4.984045e+01
<VARIANCE> 13
 7.267244e+00 4.960749e+00 7.578317e+00 1.066358e+01 1.229249e+01 1.520856e+01 1.589697e+01 1.771846e+01 1.689351e+01 1.718169e+01 1.739549e+01 1.574970e+01 6.961529e+00
<GCONST> 5.596526e+01
<STATE> 11
<MEAN> 13
 -9.223665e+00 -1.968598e+00 -2.649006e+00 -2.621669e+00 -6.848280e-01 -1.466724e+00 -3.570888e+00 -2.640560e+00 -2.635614e+00 -2.003844e+00 -1.586857e+00 -5.860084e-01 5.523215e+01
<VARIANCE> 13
 1.740228e+01 3.239331e+01 3.169374e+01 2.300389e+01 3.817698e+01 3.406722e+01 3.131362e+01 2.904549e+01 2.773580e+01 2.783383e+01 3.018369e+01 2.530937e+01 3.030173e+01
<GCONST> 6.750088e+01
<TRANSP> 12
 0.000000e+00 1.000000e+00 0.000000e+00 0.000000e+00 0.000000e+00 0.000000e+00 0.000000e+00 0.000000e+00 0.000000e+00 0.000000e+00 0.000000e+00 0.000000e+00
 0.000000e+00 7.148918e-01 2.851082e-01 0.000000e+00 0.000000e+00 0.000000e+00 0.000000e+00 0.000000e+00 0.000000e+00 0.000000e+00 0.000000e+00 0.000000e+00
 0.000000e+00 0.000000e+00 7.600928e-01 2.399072e-01 0.000000e+00 0.000000e+00 0.000000e+00 0.000000e+00 0.000000e+00 0.000000e+00 0.000000e+00 0.000000e+00
 0.000000e+00 0.000000e+00 0.000000e+00 8.316764e-01 1.683235e-01 0.000000e+00 0.000000e+00 0.000000e+00 0.000000e+00 0.000000e+00 0.000000e+00 0.000000e+00
 0.000000e+00 0.000000e+00 0.000000e+00 0.000000e+00 8.055609e-01 1.944391e-01 0.000000e+00 0.000000e+00 0.000000e+00 0.000000e+00 0.000000e+00 0.000000e+00
 0.000000e+00 0.000000e+00 0.000000e+00 0.000000e+00 0.000000e+00 8.595414e-01 1.404586e-01 0.000000e+00 0.000000e+00 0.000000e+00 0.000000e+00 0.000000e+00
 0.000000e+00 0.000000e+00 0.000000e+00 0.000000e+00 0.000000e+00 0.000000e+00 7.546550e-01 2.453450e-01 0.000000e+00 0.000000e+00 0.000000e+00 0.000000e+00
 0.000000e+00 0.000000e+00 0.000000e+00 0.000000e+00 0.000000e+00 0.000000e+00 0.000000e+00 6.675556e-01 3.324444e-01 0.000000e+00 0.000000e+00 0.000000e+00
 0.000000e+00 0.000000e+00 0.000000e+00 0.000000e+00 0.000000e+00 0.000000e+00 0.000000e+00 0.000000e+00 6.946755e-01 3.053245e-01 0.000000e+00 0.000000e+00
 0.000000e+00 0.000000e+00 0.000000e+00 0.000000e+00 0.000000e+00 0.000000e+00 0.000000e+00 0.000000e+00 0.000000e+00 8.687360e-01 1.312640e-01 0.000000e+00
 0.000000e+00 0.000000e+00 0.000000e+00 0.000000e+00 0.000000e+00 0.000000e+00 0.000000e+00 0.000000e+00 0.000000e+00 0.000000e+00 5.728123e-01 4.271878e-01
 0.000000e+00 0.000000e+00 0.000000e+00 0.000000e+00 0.000000e+00 0.000000e+00 0.000000e+00 0.000000e+00 0.000000e+00 0.000000e+00 0.000000e+00 0.000000e+00
<ENDHMM>
