~o
<STREAMINFO> 1 13
<VECSIZE> 13<NULLD><MFCC_0><DIAGC>
~h "lx"
<BEGINHMM>
<NUMSTATES> 12
<STATE> 2
<MEAN> 13
 -3.364934e+00 3.787481e+00 9.759540e+00 1.031908e+00 -4.579580e+00 -6.804819e+00 -8.753516e+00 -4.788731e+00 -6.900335e+00 -2.874230e+00 -3.106982e+00 -1.541801e+00 6.344600e+01
<VARIANCE> 13
 1.500468e+01 2.363111e+01 5.057705e+01 4.557070e+01 5.094474e+01 7.596371e+01 7.364539e+01 4.713445e+01 5.014501e+01 4.056892e+01 3.972040e+01 2.561107e+01 5.423557e+01
<GCONST> 7.245551e+01
<STATE> 3
<MEAN> 13
 -3.952522e+00 2.335934e+00 1.682503e+01 -5.824469e+00 -1.529520e+01 -7.504743e-01 -1.211703e+01 -2.140705e+00 -1.218360e+01 -1.814471e-01 4.097560e+00 -3.242753e+00 7.251773e+01
<VARIANCE> 13
 1.062608e+01 2.595183e+01 3.658036e+01 7.473083e+01 3.910580e+01 4.720133e+01 4.061978e+01 4.729633e+01 4.169896e+01 4.827753e+01 2.766969e+01 3.858582e+01 1.343272e+01
<GCONST> 6.968510e+01
<STATE> 4
<MEAN> 13
 -4.359950e+00 7.414372e+00 8.185029e+00 -8.631050e+00 -1.338414e+01 -3.908107e+00 -1.215369e+01 -1.115010e+01 -9.864538e+00 -8.513999e-01 -5.661226e+00 -4.285665e+00 6.889303e+01
<VARIANCE> 13
 1.859752e+01 2.931641e+01 2.591098e+01 1.163809e+02 4.088286e+01 4.604482e+01 1.092583e+02 6.057174e+01 3.708913e+01 5.554920e+01 1.041068e+02 3.701558e+01 2.812635e+01
<GCONST> 7.376704e+01
<STATE> 5
<MEAN> 13
 -1.595222e+01 1.497639e+01 6.319707e+00 1.105289e+00 -1.997975e+00 -5.183072e+00 -8.186075e-01 -7.916804e+00 -5.490635e+00 -4.031593e+00 -1.856065e+00 -9.639765e-01 6.981876e+01
<VARIANCE> 13
 4.263819e+01 1.561619e+01 3.029919e+01 3.241048e+01 3.321046e+01 5.503430e+01 4.170705e+01 3.884470e+01 2.507674e+01 3.535621e+01 2.931548e+01 2.838705e+01 1.664151e+01
<GCONST> 6.850749e+01
<STATE> 6
<MEAN> 13
 -2.883475e+01 8.385145e+00 -4.766145e-01 -6.011972e+00 -2.826903e+00 -5.078205e+00 -1.486654e+00 -5.279642e+00 -3.648697e+00 -5.861396e-01 -1.320368e+00 -7.801526e-01 6.931251e+01
<VARIANCE> 13
 1.064940e+01 2.020024e+01 3.045597e+01 2.688621e+01 1.920374e+01 2.935538e+01 4.270926e+01 3.469240e+01 2.695235e+01 2.093134e+01 2.433585e+01 1.747138e+01 1.879958e+01
<GCONST> 6.492869e+01
<STATE> 7
<MEAN> 13
 -1.862661e+01 1.068362e+01 9.679184e+00 -2.957136e+00 -4.001230e+00 -6.637977e+00 -4.901968e+00 -7.453959e+00 -6.946612e+00 -3.920479e+00 -2.960072e+00 -1.198508e+00 7.014114e+01
<VARIANCE> 13
 2.424135e+01 1.978395e+01 2.103905e+01 2.091996e+01 2.787042e+01 3.039108e+01 3.403562e+01 4.047425e+01 2.250181e+01 2.013540e+01 1.890292e+01 1.659506e+01 2.690649e+01
<GCONST> 6.527907e+01
<STATE> 8
<MEAN> 13
 -1.118664e+01 6.848749e+00 1.304099e+01 -3.675644e+00 -1.290443e+01 -9.013657e+00 -1.122428e+01 -1.237423e+01 -1.031529e+01 -4.904687e+00 -6.192642e-01 -8.804051e-01 7.324636e+01
<VARIANCE> 13
 1.211899e+01 1.664297e+01 3.385823e+01 4.078262e+01 2.543126e+01 4.626525e+01 4.432471e+01 5.356525e+01 2.556844e+01 3.842764e+01 2.095807e+01 5.410244e+01 1.571436e+01
<GCONST> 6.795053e+01
<STATE> 9
<MEAN> 13
 -7.236269e+00 1.023575e+00 1.961877e+01 -5.360188e+00 -1.683681e+01 -4.493645e+00 -1.671336e+01 -6.651083e+00 -1.333544e+01 -5.627826e+00 3.248751e+00 -2.240157e+00 7.358193e+01
<VARIANCE> 13
 1.053231e+01 2.209552e+01 2.347338e+01 5.576038e+01 2.504315e+01 4.567995e+01 3.033455e+01 4.769840e+01 4.784249e+01 5.111509e+01 2.506748e+01 1.989564e+01 1.113225e+01
<GCONST> 6.726251e+01
<STATE> 10
<MEAN> 13
 -8.566708e+00 2.079865e+00 1.140332e+01 -1.288287e+01 -1.457171e+01 -7.368089e+00 -1.719619e+01 -1.029125e+01 -1.262157e+01 -3.853611e+00 -7.379024e+00 -3.656126e+00 6.524155e+01
<VARIANCE> 13
 1.979117e+01 2.783300e+01 2.600670e+01 1.046304e+02 3.003563e+01 3.855183e+01 5.574187e+01 4.397902e+01 2.695353e+01 2.580658e+01 9.631407e+01 3.828512e+01 3.767286e+01
<GCONST> 7.135783e+01
<STATE> 11
<MEAN> 13
 -5.912169e+00 2.312158e+00 7.518101e+00 -1.258919e+00 -6.320566e+00 -2.322050e+00 -6.705783e+00 -5.766347e+00 -5.587326e+00 -2.241406e+00 -1.973599e+00 -2.927515e+00 6.001489e+01
<VARIANCE> 13
 1.792160e+01 3.137312e+01 5.000960e+01 4.462878e+01 4.905151e+01 3.997448e+01 4.511241e+01 3.658317e+01 3.255356e+01 3.260131e+01 2.737418e+01 2.093045e+01 4.734539e+01
<GCONST> 7.010033e+01
<TRANSP> 12
 0.000000e+00 1.000000e+00 0.000000e+00 0.000000e+00 0.000000e+00 0.000000e+00 0.000000e+00 0.000000e+00 0.000000e+00 0.000000e+00 0.000000e+00 0.000000e+00
 0.000000e+00 7.202742e-01 2.797258e-01 0.000000e+00 0.000000e+00 0.000000e+00 0.000000e+00 0.000000e+00 0.000000e+00 0.000000e+00 0.000000e+00 0.000000e+00
 0.000000e+00 0.000000e+00 8.776294e-01 1.223706e-01 0.000000e+00 0.000000e+00 0.000000e+00 0.000000e+00 0.000000e+00 0.000000e+00 0.000000e+00 0.000000e+00
 0.000000e+00 0.000000e+00 0.000000e+00 8.262140e-01 1.737860e-01 0.000000e+00 0.000000e+00 0.000000e+00 0.000000e+00 0.000000e+00 0.000000e+00 0.000000e+00
 0.000000e+00 0.000000e+00 0.000000e+00 0.000000e+00 7.169648e-01 2.830352e-01 0.000000e+00 0.000000e+00 0.000000e+00 0.000000e+00 0.000000e+00 0.000000e+00
 0.000000e+00 0.000000e+00 0.000000e+00 0.000000e+00 0.000000e+00 8.641226e-01 1.358774e-01 0.000000e+00 0.000000e+00 0.000000e+00 0.000000e+00 0.000000e+00
 0.000000e+00 0.000000e+00 0.000000e+00 0.000000e+00 0.000000e+00 0.000000e+00 3.046101e-01 6.953899e-01 0.000000e+00 0.000000e+00 0.000000e+00 0.000000e+00
 0.000000e+00 0.000000e+00 0.000000e+00 0.000000e+00 0.000000e+00 0.000000e+00 0.000000e+00 5.735617e-01 4.264383e-01 0.000000e+00 0.000000e+00 0.000000e+00
 0.000000e+00 0.000000e+00 0.000000e+00 0.000000e+00 0.000000e+00 0.000000e+00 0.000000e+00 0.000000e+00 8.886701e-01 1.113299e-01 0.000000e+00 0.000000e+00
 0.000000e+00 0.000000e+00 0.000000e+00 0.000000e+00 0.000000e+00 0.000000e+00 0.000000e+00 0.000000e+00 0.000000e+00 7.859789e-01 2.140211e-01 0.000000e+00
 0.000000e+00 0.000000e+00 0.000000e+00 0.000000e+00 0.000000e+00 0.000000e+00 0.000000e+00 0.000000e+00 0.000000e+00 0.000000e+00 8.049331e-01 1.950669e-01
 0.000000e+00 0.000000e+00 0.000000e+00 0.000000e+00 0.000000e+00 0.000000e+00 0.000000e+00 0.000000e+00 0.000000e+00 0.000000e+00 0.000000e+00 0.000000e+00
<ENDHMM>
