~o
<STREAMINFO> 1 13
<VECSIZE> 13<NULLD><MFCC_0><DIAGC>
~h "dd"
<BEGINHMM>
<NUMSTATES> 12
<STATE> 2
<MEAN> 13
 -1.126316e+01 1.978187e+00 1.199691e+00 -3.154514e+00 -6.477547e+00 -3.767250e+00 -3.796368e+00 -6.859876e+00 -4.805816e+00 -1.768294e+00 -1.165437e+00 -1.752614e+00 6.359435e+01
<VARIANCE> 13
 2.368736e+01 2.807327e+01 5.423417e+01 3.460618e+01 3.852875e+01 3.113798e+01 3.772877e+01 3.185078e+01 3.235280e+01 3.305432e+01 3.518386e+01 2.289201e+01 4.547887e+01
<GCONST> 6.959431e+01
<STATE> 3
<MEAN> 13
 -5.951442e+00 1.506506e+00 1.555187e+01 -7.807421e+00 -1.900742e+01 -1.159376e+00 -1.434014e+01 -6.777731e+00 -1.230879e+01 -2.892644e+00 1.863210e+00 -4.383586e+00 7.283579e+01
<VARIANCE> 13
 1.254137e+01 2.992782e+01 4.403977e+01 8.716445e+01 3.312548e+01 4.541608e+01 6.567596e+01 5.559941e+01 5.300539e+01 6.075012e+01 7.415160e+01 4.927790e+01 1.007887e+01
<GCONST> 7.218338e+01
<STATE> 4
<MEAN> 13
 1.672605e+00 3.670521e+00 5.343768e+00 2.750709e+00 -1.560986e+01 -3.724466e+00 -7.873302e+00 -1.212026e+01 -1.049192e+01 8.813211e-01 -3.492359e+00 -7.386074e+00 6.848965e+01
<VARIANCE> 13
 9.052162e+00 1.789154e+01 3.261835e+01 5.834113e+01 3.098748e+01 4.702689e+01 6.558317e+01 5.610601e+01 5.082060e+01 6.339278e+01 7.637516e+01 4.632424e+01 1.045241e+01
<GCONST> 7.062158e+01
<STATE> 5
<MEAN> 13
 3.777182e-01 5.258658e+00 9.336432e+00 1.220785e+00 -8.848287e+00 -7.835715e-01 -1.124431e+01 -1.062753e+01 -8.348369e+00 1.794135e+00 -4.522969e+00 -3.827915e+00 6.240851e+01
<VARIANCE> 13
 1.095293e+01 2.963684e+01 2.039164e+01 5.331338e+01 3.387369e+01 2.336978e+01 5.501201e+01 2.242042e+01 2.891150e+01 2.643476e+01 3.358606e+01 2.119912e+01 1.315202e+01
<GCONST> 6.624151e+01
<STATE> 6
<MEAN> 13
 -5.586070e+00 9.119805e-01 -9.778342e-01 -4.498478e+00 -5.307958e+00 -7.851169e+00 -9.384841e+00 -7.173213e+00 -4.680066e-02 -1.652898e+00 -5.075281e+00 -2.649246e+00 7.122242e+01
<VARIANCE> 13
 2.490669e+01 1.791454e+01 3.345971e+01 4.591093e+01 4.907081e+01 3.806450e+01 5.217579e+01 6.177486e+01 7.558526e+01 4.562391e+01 3.510078e+01 2.996545e+01 2.967931e+01
<GCONST> 7.143527e+01
<STATE> 7
<MEAN> 13
 1.150797e-01 -4.660686e+00 -4.111494e-02 -1.761417e+01 -3.880404e+00 3.564827e+00 -1.978162e+01 -1.767715e+00 -7.522555e+00 4.185153e+00 -9.700980e-01 -6.334498e+00 7.340504e+01
<VARIANCE> 13
 7.605323e+00 2.343180e+01 2.649396e+01 5.556215e+01 2.384858e+01 2.892025e+01 3.295690e+01 4.270551e+01 5.817652e+01 4.469300e+01 4.176986e+01 2.778652e+01 1.609733e+01
<GCONST> 6.785424e+01
<STATE> 8
<MEAN> 13
 3.309889e+00 -9.817513e-02 -2.580873e+00 -1.297479e+01 -1.203358e+01 8.607862e+00 -9.042426e+00 -5.267344e+00 -4.515725e+00 -4.317228e+00 1.176819e+00 -7.560140e+00 7.225597e+01
<VARIANCE> 13
 7.803897e+00 1.562398e+01 3.613523e+01 5.947399e+01 3.794675e+01 4.003266e+01 6.311868e+01 4.932828e+01 5.484830e+01 4.707932e+01 5.436739e+01 3.682472e+01 1.297907e+01
<GCONST> 6.975971e+01
<STATE> 9
<MEAN> 13
 -2.395109e-01 -1.322360e+00 -5.188394e+00 -1.278638e+01 -8.914151e+00 -7.634001e+00 -1.514186e+01 -8.713060e+00 -1.289677e+01 -7.426467e+00 -1.063487e+01 -4.611172e+00 6.220330e+01
<VARIANCE> 13
 1.398934e+01 3.690014e+01 5.988153e+01 5.552423e+01 6.125393e+01 6.661793e+01 5.979217e+01 8.038000e+01 7.323553e+01 5.286414e+01 4.854408e+01 6.328555e+01 7.004174e+01
<GCONST> 7.558037e+01
<STATE> 10
<MEAN> 13
 1.935661e+00 5.354989e+00 5.382672e+00 -5.837842e-01 -7.064994e+00 2.032604e+00 -6.524778e+00 -9.264174e+00 -6.696750e+00 -1.647940e-01 -6.237155e+00 -4.503686e+00 6.312440e+01
<VARIANCE> 13
 7.432542e+00 1.443091e+01 2.349269e+01 4.121808e+01 4.345539e+01 3.386045e+01 4.752351e+01 4.824174e+01 3.942326e+01 5.395037e+01 2.390098e+01 2.799599e+01 2.068009e+01
<GCONST> 6.767221e+01
<STATE> 11
<MEAN> 13
 -5.354895e+00 9.712276e-01 6.925170e-01 -3.114077e+00 -2.732980e+00 -8.688995e-01 -4.648304e+00 -4.334167e+00 -3.590641e+00 -1.778774e+00 -2.608709e+00 -2.623481e+00 5.834377e+01
<VARIANCE> 13
 2.032484e+01 3.108046e+01 2.936211e+01 4.321848e+01 3.178761e+01 3.569487e+01 4.619809e+01 2.894863e+01 2.715243e+01 2.531990e+01 2.344241e+01 2.032290e+01 3.769380e+01
<GCONST> 6.804819e+01
<TRANSP> 12
 0.000000e+00 1.000000e+00 0.000000e+00 0.000000e+00 0.000000e+00 0.000000e+00 0.000000e+00 0.000000e+00 0.000000e+00 0.000000e+00 0.000000e+00 0.000000e+00
 0.000000e+00 5.833032e-01 4.166968e-01 0.000000e+00 0.000000e+00 0.000000e+00 0.000000e+00 0.000000e+00 0.000000e+00 0.000000e+00 0.000000e+00 0.000000e+00
 0.000000e+00 0.000000e+00 8.238439e-01 1.761561e-01 0.000000e+00 0.000000e+00 0.000000e+00 0.000000e+00 0.000000e+00 0.000000e+00 0.000000e+00 0.000000e+00
 0.000000e+00 0.000000e+00 0.000000e+00 8.356677e-01 1.643323e-01 0.000000e+00 0.000000e+00 0.000000e+00 0.000000e+00 0.000000e+00 0.000000e+00 0.000000e+00
 0.000000e+00 0.000000e+00 0.000000e+00 0.000000e+00 7.988296e-01 2.011705e-01 0.000000e+00 0.000000e+00 0.000000e+00 0.000000e+00 0.000000e+00 0.000000e+00
 0.000000e+00 0.000000e+00 0.000000e+00 0.000000e+00 0.000000e+00 5.604478e-01 4.395522e-01 0.000000e+00 0.000000e+00 0.000000e+00 0.000000e+00 0.000000e+00
 0.000000e+00 0.000000e+00 0.000000e+00 0.000000e+00 0.000000e+00 0.000000e+00 7.755426e-01 2.244574e-01 0.000000e+00 0.000000e+00 0.000000e+00 0.000000e+00
 0.000000e+00 0.000000e+00 0.000000e+00 0.000000e+00 0.000000e+00 0.000000e+00 0.000000e+00 8.339013e-01 1.660988e-01 0.000000e+00 0.000000e+00 0.000000e+00
 0.000000e+00 0.000000e+00 0.000000e+00 0.000000e+00 0.000000e+00 0.000000e+00 0.000000e+00 0.000000e+00 8.101625e-01 1.898375e-01 0.000000e+00 0.000000e+00
 0.000000e+00 0.000000e+00 0.000000e+00 0.000000e+00 0.000000e+00 0.000000e+00 0.000000e+00 0.000000e+00 0.000000e+00 8.286877e-01 1.713123e-01 0.000000e+00
 0.000000e+00 0.000000e+00 0.000000e+00 0.000000e+00 0.000000e+00 0.000000e+00 0.000000e+00 0.000000e+00 0.000000e+00 0.000000e+00 7.306358e-01 2.693642e-01
 0.000000e+00 0.000000e+00 0.000000e+00 0.000000e+00 0.000000e+00 0.000000e+00 0.000000e+00 0.000000e+00 0.000000e+00 0.000000e+00 0.000000e+00 0.000000e+00
<ENDHMM>
