~o
<STREAMINFO> 1 52
<VECSIZE> 52<NULLD><MFCC_D_A_T_0><DIAGC>
~h "lx"
<BEGINHMM>
<NUMSTATES> 12
<STATE> 2
<NUMMIXES> 3
<MIXTURE> 1 4.946597e-01
<MEAN> 52
 -3.495453e+00 2.517702e+00 1.470586e+01 -4.771042e-01 -1.047299e+01 -6.233415e+00 -1.055044e+01 -2.452640e+00 -9.086749e+00 -2.129937e+00 5.981010e-01 -1.091081e+00 6.910085e+01 -4.123477e-01 -7.805224e-01 1.091287e+00 -1.353766e+00 -2.669198e+00 1.329255e-01 -5.502502e-02 8.191831e-01 -7.898805e-01 1.304497e-01 1.733271e+00 3.742293e-01 2.178360e+00 -1.303734e-01 -3.459486e-02 -2.598639e-01 -2.243373e-01 -4.527009e-03 4.245846e-01 -2.434081e-03 -6.487860e-02 9.420805e-02 3.026583e-02 1.541217e-02 -1.454187e-01 -2.846189e-01 1.480802e-01 2.500091e-01 -3.419004e-02 1.986333e-01 3.989047e-01 2.769282e-03 -6.207935e-02 -1.713021e-01 6.533341e-02 2.002071e-02 -2.797582e-01 -1.066346e-01 -2.403014e-01
<VARIANCE> 52
 1.300833e+01 2.786173e+01 3.918020e+01 4.979933e+01 5.858075e+01 4.573901e+01 5.887617e+01 5.380236e+01 3.867702e+01 3.974522e+01 4.004795e+01 2.823576e+01 3.014558e+01 1.213960e+00 1.846153e+00 2.717502e+00 3.616432e+00 4.155602e+00 3.877939e+00 3.861794e+00 3.966839e+00 2.938613e+00 2.975594e+00 2.706120e+00 2.750419e+00 1.510778e+00 3.109228e-01 5.246912e-01 5.099142e-01 5.581210e-01 1.081415e+00 5.072570e-01 7.680980e-01 7.811959e-01 4.913702e-01 6.390035e-01 7.134457e-01 5.146455e-01 3.556038e-01 5.697500e-02 7.862469e-02 1.055082e-01 1.233790e-01 1.795569e-01 1.471622e-01 1.787386e-01 1.603963e-01 1.100701e-01 1.417232e-01 1.224983e-01 1.216288e-01 5.111817e-02
<GCONST> 1.203055e+02
<MIXTURE> 2 3.176872e-01
<MEAN> 52
 -4.986296e+00 2.244561e+00 4.765199e+00 3.785155e-01 -1.648967e+00 -3.054623e+00 -8.154474e+00 -4.344843e+00 -4.474072e+00 -3.472444e+00 -4.674954e+00 -2.087830e+00 5.662108e+01 1.498295e+00 1.240568e+00 3.097167e+00 1.088289e-01 -1.172974e+00 -1.331895e+00 -2.051452e+00 -8.474783e-01 -1.312563e+00 -4.860064e-01 -5.689129e-01 -7.299284e-02 2.535750e+00 -2.793846e-01 -4.520574e-01 8.288912e-02 -6.282739e-01 -7.081190e-01 -2.311187e-01 7.744779e-02 1.787663e-01 -1.806493e-01 1.657723e-01 2.319525e-01 2.362765e-01 5.551628e-01 -2.316580e-01 -1.954020e-01 -3.229904e-01 -9.427410e-02 2.411897e-02 2.077317e-01 3.049390e-01 1.507408e-01 1.364964e-01 1.342838e-01 1.125513e-01 4.002632e-02 -1.929209e-01
<VARIANCE> 52
 2.048426e+01 2.966005e+01 5.491676e+01 3.304989e+01 3.312672e+01 3.976146e+01 5.021909e+01 4.175498e+01 3.517416e+01 3.806370e+01 3.135780e+01 1.990839e+01 2.944320e+01 1.347512e+00 2.868908e+00 3.944106e+00 4.710640e+00 4.152846e+00 3.883296e+00 4.089256e+00 4.785996e+00 3.984746e+00 3.911593e+00 3.538656e+00 2.695072e+00 2.550183e+00 3.931035e-01 6.235759e-01 6.939166e-01 4.648048e-01 5.898523e-01 7.037328e-01 8.933873e-01 8.458785e-01 6.536765e-01 8.497707e-01 5.521671e-01 4.033583e-01 2.876471e-01 6.326626e-02 1.271587e-01 1.539877e-01 1.291208e-01 1.690228e-01 1.737038e-01 1.762843e-01 2.019936e-01 1.804006e-01 1.975185e-01 1.278559e-01 1.232085e-01 9.230791e-02
<GCONST> 1.247951e+02
<MIXTURE> 3 1.876530e-01
<MEAN> 52
 -6.682427e+00 -2.376425e+00 1.086788e+01 -1.770662e+01 -1.410729e+01 -1.268206e+01 -1.382136e+01 -7.897545e+00 -1.323351e+01 -1.185756e+00 -1.208796e+01 -7.070582e-01 6.787859e+01 -5.108534e-01 -4.574106e-01 1.485131e+00 -2.846833e+00 -2.360747e+00 3.849444e-01 1.823239e-01 -7.205450e-01 -3.207855e-01 2.870022e+00 -1.143124e+00 7.093215e-02 2.734713e+00 -2.207491e-01 2.181946e-01 -6.670257e-01 3.809321e-01 3.390558e-01 9.152651e-01 -5.802708e-02 -3.406439e-03 6.982347e-01 9.791374e-03 1.285924e-01 8.511669e-02 -5.809208e-01 1.387981e-01 2.224287e-01 -9.345876e-02 2.721780e-01 3.345362e-01 -1.122489e-01 -3.142946e-01 2.597751e-03 1.002665e-03 -5.280779e-01 3.479475e-02 1.606918e-02 -2.841264e-01
<VARIANCE> 52
 1.074830e+01 2.639649e+01 4.158605e+01 5.864717e+01 5.082284e+01 1.973870e+01 5.066423e+01 4.601717e+01 1.905781e+01 5.999674e+01 2.872382e+01 4.010833e+01 3.021811e+01 9.828271e-01 1.842635e+00 4.262580e+00 4.054791e+00 3.754656e+00 5.299467e+00 4.525496e+00 2.218751e+00 4.172113e+00 4.428308e+00 2.200144e+00 3.450596e+00 2.646197e+00 2.294254e-01 4.878312e-01 5.507927e-01 6.577944e-01 9.721956e-01 6.171766e-01 1.624147e+00 5.739375e-01 7.644008e-01 1.603953e+00 3.908568e-01 7.121983e-01 4.233082e-01 3.932296e-02 8.063399e-02 1.682231e-01 1.475899e-01 1.417057e-01 2.250860e-01 2.207451e-01 1.135013e-01 2.119699e-01 2.086849e-01 8.666225e-02 1.369508e-01 8.460113e-02
<GCONST> 1.235148e+02
<STATE> 3
<NUMMIXES> 3
<MIXTURE> 1 5.354908e-01
<MEAN> 52
 -3.965737e+00 2.902755e+00 1.681696e+01 -3.138419e+00 -1.835707e+01 -1.322707e+00 -1.184472e+01 -1.306962e+00 -1.007847e+01 -2.816791e+00 5.387146e+00 -1.739935e+00 7.367207e+01 9.381416e-02 9.344645e-01 -3.061566e-01 -8.728273e-01 1.042715e-01 1.290510e+00 -2.474273e-01 -8.050823e-01 1.579419e-01 2.788904e-01 -1.459484e-02 -8.069027e-01 -6.045353e-02 9.632357e-02 1.866578e-01 -4.248809e-01 2.322861e-01 8.097958e-01 -1.686724e-01 1.615343e-01 -3.078505e-01 8.998889e-02 1.548335e-01 -4.943781e-01 -1.629874e-01 -3.887051e-01 -9.824145e-03 -1.232027e-01 4.856875e-02 8.954348e-02 -1.631634e-01 -1.739573e-01 9.193131e-02 1.027834e-01 -8.688573e-02 -5.424439e-03 8.882135e-02 9.783266e-02 1.301093e-01
<VARIANCE> 52
 9.497266e+00 2.656432e+01 2.557123e+01 4.055903e+01 3.004640e+01 6.269048e+01 6.099968e+01 5.106812e+01 4.358974e+01 4.716782e+01 2.509493e+01 3.490131e+01 1.265818e+01 3.500101e-01 9.035029e-01 1.334640e+00 1.120918e+00 2.815884e+00 2.042967e+00 2.683820e+00 2.311358e+00 2.646354e+00 1.941851e+00 2.410829e+00 1.871225e+00 4.062861e-01 9.359548e-02 2.170838e-01 2.299835e-01 3.028612e-01 4.297557e-01 5.250676e-01 5.366204e-01 4.414198e-01 4.909817e-01 4.075971e-01 4.354856e-01 3.920738e-01 1.364449e-01 1.764423e-02 3.572180e-02 5.090594e-02 4.199069e-02 1.180224e-01 8.410011e-02 1.038940e-01 8.233028e-02 9.331574e-02 8.675797e-02 8.754808e-02 7.492590e-02 1.838470e-02
<GCONST> 9.405177e+01
<MIXTURE> 2 2.380454e-01
<MEAN> 52
 -9.023883e+00 4.366871e-01 1.153384e+01 -2.436426e+01 -1.648935e+01 -6.106617e+00 -1.806831e+01 -1.198932e+01 -9.199191e+00 3.576318e+00 -1.633808e+01 1.291979e+00 7.233566e+01 3.295182e-02 1.522231e+00 -3.057365e-01 -6.254094e-01 1.404351e+00 1.105371e+00 -2.364783e+00 -2.894865e-01 9.343177e-01 -9.653766e-01 -7.166072e-01 7.062941e-01 -2.995941e-01 2.540863e-01 1.466845e-02 -2.278548e-01 4.814655e-01 5.899140e-01 -4.426436e-01 -3.237388e-02 2.274394e-01 -1.725686e-01 -6.105357e-01 1.710619e-01 -1.124030e-01 -4.301068e-01 -6.163180e-04 -2.278783e-01 8.703917e-02 -4.892893e-02 -2.677373e-01 -1.681017e-01 3.041058e-01 -3.820696e-03 -1.540964e-01 2.649752e-01 1.764678e-02 -1.210442e-01 1.938122e-01
<VARIANCE> 52
 5.525870e+00 1.641950e+01 1.199971e+01 2.463500e+01 2.724577e+01 1.744061e+01 3.563053e+01 2.780210e+01 2.997974e+01 3.321090e+01 2.622188e+01 3.386176e+01 1.062073e+01 3.401190e-01 4.479972e-01 1.232926e+00 1.227342e+00 1.988005e+00 1.893228e+00 2.471673e+00 2.446764e+00 2.475907e+00 2.404716e+00 1.297171e+00 1.729224e+00 4.092089e-01 7.297470e-02 2.752761e-01 2.273887e-01 2.382171e-01 4.896292e-01 3.896615e-01 6.284124e-01 3.159075e-01 4.969282e-01 6.469814e-01 2.558922e-01 3.863935e-01 1.508742e-01 1.934331e-02 2.836613e-02 4.810965e-02 4.945011e-02 7.384034e-02 1.001383e-01 1.009147e-01 7.731026e-02 1.224784e-01 1.117821e-01 5.891932e-02 6.573042e-02 2.191417e-02
<GCONST> 8.582834e+01
<MIXTURE> 3 2.264638e-01
<MEAN> 52
 -6.350386e+00 -4.993015e-02 2.292951e+01 -1.510019e+01 -1.226610e+01 1.737415e+00 -1.246112e+01 -4.516522e+00 -1.392166e+01 4.326799e+00 2.938916e+00 -2.975353e+00 7.220940e+01 1.634553e-01 8.560081e-01 -2.146637e-01 -1.057962e-01 9.721118e-01 5.307001e-01 -3.776129e-01 -1.105718e+00 -6.235961e-01 7.148216e-01 -1.192426e-01 -7.088808e-01 -5.077794e-01 1.141738e-01 9.551945e-02 -3.492004e-01 3.633484e-01 1.073706e-01 -2.396649e-01 8.830134e-02 -4.038600e-02 1.701517e-02 -6.187329e-02 2.664526e-02 4.967431e-02 -1.412976e-01 -4.471314e-02 -8.377402e-02 3.230672e-02 -4.542645e-02 -1.302809e-01 -6.338558e-02 6.052821e-02 1.352441e-01 3.703685e-02 -1.049945e-01 3.712479e-02 1.077896e-01 1.011289e-01
<VARIANCE> 52
 9.232631e+00 2.141453e+01 1.763886e+01 6.446517e+01 2.820573e+01 2.209043e+01 2.132785e+01 2.143396e+01 2.517235e+01 3.522639e+01 1.475810e+01 2.971087e+01 9.283899e+00 2.016770e-01 2.071694e-01 7.675328e-01 7.627748e-01 4.776691e-01 9.412393e-01 7.197202e-01 7.740188e-01 9.221839e-01 5.357508e-01 6.311960e-01 6.772017e-01 1.197643e-01 2.930142e-02 1.176310e-01 8.613277e-02 1.580017e-01 1.297210e-01 1.188180e-01 1.522909e-01 1.845469e-01 1.279351e-01 1.768616e-01 9.949967e-02 1.514988e-01 4.390150e-02 8.136157e-03 2.022942e-02 1.350911e-02 3.396690e-02 2.063018e-02 2.879090e-02 2.901150e-02 3.294668e-02 3.498482e-02 2.877242e-02 2.417655e-02 3.125662e-02 8.260725e-03
<GCONST> 4.829243e+01
<STATE> 4
<NUMMIXES> 3
<MIXTURE> 1 3.040540e-01
<MEAN> 52
 -2.193680e+00 5.060781e+00 6.201270e+00 -7.683867e+00 -1.372508e+01 -5.415934e+00 -1.457051e+01 -8.681288e+00 -1.196167e+01 -1.497237e+00 -8.403646e+00 -4.989115e+00 6.895072e+01 -1.562297e-01 9.091138e-01 -6.639123e-01 6.453695e-01 1.965825e-01 -1.803005e-02 4.708261e-01 -8.420348e-01 -1.842850e-02 -5.538272e-01 -8.824503e-02 5.894865e-02 -4.115142e-01 -5.836920e-01 2.838236e-01 1.072290e-01 1.650885e-01 2.458591e-01 -2.569234e-03 2.889628e-01 2.096048e-03 2.748994e-01 -2.369592e-01 2.510468e-01 1.599901e-01 5.454554e-02 -2.177994e-01 -4.973067e-02 -2.393732e-02 8.629554e-03 1.275165e-01 1.155809e-02 9.926449e-02 1.423768e-01 8.930186e-02 7.577012e-02 3.530753e-02 -3.202704e-02 5.403923e-02
<VARIANCE> 52
 1.486013e+01 1.998664e+01 3.418609e+01 1.342677e+02 4.619281e+01 4.449884e+01 1.083728e+02 9.496580e+01 4.086685e+01 8.660680e+01 1.330332e+02 4.128939e+01 2.228718e+01 1.461143e+00 1.547881e+00 2.983761e+00 3.191364e+00 3.401377e+00 2.703944e+00 3.696460e+00 3.415005e+00 3.173044e+00 3.601528e+00 4.320794e+00 3.019252e+00 5.027383e-01 2.759984e-01 3.180930e-01 4.163934e-01 7.615197e-01 7.061347e-01 5.624864e-01 8.704719e-01 6.653431e-01 6.101035e-01 6.344963e-01 7.908140e-01 6.587267e-01 8.322937e-02 3.096561e-02 6.738943e-02 1.182814e-01 1.415916e-01 1.605982e-01 1.457211e-01 1.898249e-01 1.401299e-01 1.421660e-01 1.519463e-01 1.784431e-01 1.310715e-01 2.308564e-02
<GCONST> 1.204497e+02
<MIXTURE> 2 2.784034e-01
<MEAN> 52
 -5.487298e+00 2.608157e+00 6.998418e+00 -2.163822e+01 -9.169816e+00 -7.840543e+00 -2.468660e+01 -9.622720e+00 -9.537824e+00 -2.302862e+00 -1.869903e+01 1.275164e+00 6.811520e+01 4.546174e-01 -7.327049e-03 -5.945498e-01 7.013758e-01 2.211799e-01 -3.848291e-01 -1.114894e-01 -1.545474e-01 -1.931868e-01 -4.683387e-01 -2.375194e-01 -5.006177e-01 -4.786685e-01 -7.491464e-02 1.668197e-02 -2.797980e-02 7.242520e-02 -2.443891e-01 -7.230154e-03 2.274385e-01 -1.432267e-01 -5.508803e-02 3.099133e-02 1.015028e-01 -5.637771e-02 1.476119e-02 -6.595742e-02 9.560587e-02 -9.009205e-03 -1.649027e-03 6.740212e-03 5.404982e-02 -2.463473e-02 -3.086567e-02 3.931214e-02 -4.252877e-02 4.567385e-02 3.350354e-02 1.026641e-02
<VARIANCE> 52
 1.068299e+01 1.285030e+01 1.343115e+01 5.650124e+01 4.508390e+01 2.426250e+01 2.212881e+01 5.376789e+01 2.592022e+01 4.872923e+01 3.746778e+01 3.204376e+01 2.058767e+01 2.857901e-01 7.159964e-01 6.654679e-01 1.353288e+00 1.490577e+00 1.276376e+00 2.007190e+00 1.857038e+00 1.598959e+00 1.696613e+00 1.335724e+00 1.155441e+00 1.327536e-01 4.226160e-02 1.680457e-01 1.398266e-01 2.448926e-01 2.025129e-01 2.655252e-01 3.983568e-01 2.962551e-01 3.019936e-01 3.391404e-01 3.408153e-01 2.372787e-01 2.165792e-02 1.112831e-02 1.945306e-02 3.009740e-02 6.341092e-02 4.080648e-02 5.856998e-02 8.852248e-02 6.508557e-02 6.413418e-02 7.865061e-02 7.862585e-02 5.137346e-02 4.616174e-03
<GCONST> 7.405987e+01
<MIXTURE> 3 4.175425e-01
<MEAN> 52
 -2.557544e+00 5.897580e+00 1.207429e+01 -4.191762e+00 -1.291460e+01 -8.811573e-02 -9.779704e+00 -7.585001e+00 -9.669044e+00 3.112777e-03 3.266240e+00 -5.174989e+00 7.145546e+01 3.853340e-02 3.902135e-01 -7.013280e-01 4.334017e-01 5.326732e-01 -5.498565e-01 5.843836e-01 -2.358883e-01 -3.786620e-01 2.011469e-01 -2.184490e-01 -2.285624e-01 -1.794102e-01 -2.595464e-01 1.220612e-01 2.904397e-02 1.760354e-01 -5.399618e-02 -2.817735e-01 3.171572e-01 1.381254e-01 2.657982e-02 -1.303797e-01 1.070897e-03 2.340990e-01 4.397119e-02 -1.317834e-01 1.029062e-01 6.415664e-04 -2.526842e-02 7.538081e-02 8.715340e-02 1.825658e-02 -1.815000e-02 1.115596e-01 -2.886534e-02 -1.614575e-02 3.952970e-02 8.883630e-04
<VARIANCE> 52
 1.005079e+01 2.343458e+01 4.045977e+01 5.845210e+01 3.347609e+01 7.215211e+01 5.712407e+01 6.119694e+01 5.686842e+01 4.924354e+01 3.284479e+01 3.278397e+01 1.318559e+01 4.206591e-01 5.527027e-01 1.146879e+00 1.512704e+00 1.146508e+00 1.768785e+00 1.664090e+00 1.494423e+00 1.714225e+00 1.638301e+00 1.539693e+00 1.452323e+00 1.917965e-01 8.516721e-02 1.598282e-01 2.105054e-01 2.486010e-01 3.330636e-01 4.063264e-01 3.655435e-01 3.359867e-01 4.492119e-01 2.874435e-01 3.044816e-01 2.465091e-01 3.170440e-02 1.561714e-02 2.700993e-02 4.852559e-02 5.462682e-02 8.097672e-02 8.028326e-02 7.280771e-02 7.453562e-02 7.936793e-02 6.467336e-02 7.443359e-02 6.004845e-02 8.427525e-03
<GCONST> 8.429678e+01
<STATE> 5
<NUMMIXES> 3
<MIXTURE> 1 3.687395e-01
<MEAN> 52
 -5.714215e+00 1.029173e+01 1.118119e+01 -2.702303e+00 -1.015144e+01 -2.949215e+00 -5.257139e+00 -8.559694e+00 -1.064711e+01 -5.366791e-01 2.172591e+00 -3.365015e+00 7.089700e+01 -2.704487e+00 2.434771e+00 -1.267565e+00 1.192410e+00 2.521821e+00 -1.195011e+00 2.567091e+00 -1.199821e-01 1.555503e+00 -8.104334e-01 -7.815009e-01 1.324700e+00 -3.107750e-01 -9.845201e-01 -8.022159e-02 -3.617386e-01 6.115224e-02 5.264531e-01 2.322904e-01 4.801590e-02 3.648025e-01 4.266199e-01 -2.948440e-02 -2.134164e-01 -2.680452e-02 -8.574781e-03 1.294390e-01 -4.144993e-01 -6.631303e-03 -2.286548e-01 -3.263454e-01 1.553104e-01 -3.564970e-01 1.366351e-02 -2.016654e-01 1.441483e-01 7.798091e-02 -2.170512e-01 3.156606e-02
<VARIANCE> 52
 1.072192e+01 1.953651e+01 2.572990e+01 4.741061e+01 3.507034e+01 4.111496e+01 5.491488e+01 4.960553e+01 4.244395e+01 3.544573e+01 3.015103e+01 3.482536e+01 1.520734e+01 1.635357e+00 1.497954e+00 2.949729e+00 3.498124e+00 4.394804e+00 2.817774e+00 2.645164e+00 4.511120e+00 3.687165e+00 3.468303e+00 2.613643e+00 2.363819e+00 4.314334e-01 1.771905e-01 4.255207e-01 3.205916e-01 3.505504e-01 5.571808e-01 4.644046e-01 6.104848e-01 5.147150e-01 4.960270e-01 4.567930e-01 4.560304e-01 4.034256e-01 6.603775e-02 5.668921e-02 5.570633e-02 8.433983e-02 9.057459e-02 1.758732e-01 1.159146e-01 1.036308e-01 1.560203e-01 1.301212e-01 1.222627e-01 1.078754e-01 8.706436e-02 1.495599e-02
<GCONST> 1.071165e+02
<MIXTURE> 2 4.565702e-01
<MEAN> 52
 -1.764584e+01 1.503510e+01 5.451961e+00 5.317960e-01 -1.885631e+00 -3.861774e+00 -6.817350e-01 -7.453163e+00 -5.387132e+00 -3.602296e+00 -2.662505e+00 -1.795180e+00 6.955506e+01 -4.519737e+00 -1.671152e-01 -1.756595e+00 4.485618e-01 2.130621e+00 6.554097e-01 1.536464e+00 1.266414e+00 1.714957e+00 2.330426e-01 -1.414617e-01 4.147018e-01 5.379583e-02 2.660208e-01 -9.396163e-01 -1.749322e-01 -8.242211e-01 -8.491382e-01 2.320476e-02 -7.712264e-01 -5.881314e-02 -2.709658e-01 3.268264e-01 1.416713e-01 -1.419524e-01 2.790244e-02 5.061634e-01 8.585948e-02 1.653186e-01 -6.502427e-02 -3.015109e-01 -1.911563e-01 -1.164229e-01 -2.296218e-01 -2.169781e-01 -6.965412e-02 4.421522e-02 -1.738440e-02 -2.431002e-02
<VARIANCE> 52
 3.289156e+01 1.691702e+01 3.616590e+01 3.658416e+01 3.107535e+01 2.853189e+01 3.937236e+01 3.402463e+01 2.797239e+01 3.304913e+01 3.324272e+01 2.463296e+01 1.919887e+01 1.768227e+00 2.695996e+00 2.488672e+00 2.712852e+00 2.960038e+00 3.050393e+00 4.053717e+00 2.858945e+00 2.991885e+00 3.221093e+00 3.430023e+00 2.708951e+00 5.217187e-01 4.456283e-01 3.085425e-01 4.007031e-01 4.142452e-01 6.268364e-01 5.326304e-01 4.925821e-01 5.224619e-01 5.871550e-01 5.670069e-01 5.388979e-01 5.425314e-01 8.290434e-02 5.701926e-02 1.002837e-01 9.217719e-02 8.593100e-02 1.388399e-01 1.074959e-01 1.454159e-01 9.706955e-02 1.266178e-01 1.344054e-01 1.142404e-01 1.215066e-01 1.851427e-02
<GCONST> 1.096632e+02
<MIXTURE> 3 1.746904e-01
<MEAN> 52
 -1.071834e+01 1.143271e+01 1.644930e+00 -1.243871e+01 -1.211897e+01 -9.864714e+00 -1.984499e+01 -1.807554e+01 -1.037884e+01 -1.018299e+01 -1.249693e+01 -4.413770e+00 6.605888e+01 -4.091473e+00 1.605355e+00 -1.025960e+00 3.509170e+00 9.548991e-01 3.500156e-01 3.525096e+00 6.064329e-01 1.112879e+00 -5.439528e-01 2.286060e+00 -1.187980e+00 4.542453e-01 -7.331616e-01 -6.178030e-01 -5.861953e-02 1.311874e-01 6.781172e-01 5.511811e-01 6.889388e-01 9.025313e-01 4.928075e-01 7.763504e-01 8.001079e-02 3.200614e-01 2.410516e-01 4.089706e-01 -2.388391e-01 3.304723e-02 -5.045724e-01 -1.017879e-01 3.485591e-02 -4.314358e-01 -5.868248e-02 -8.745999e-02 1.639518e-01 -2.385881e-01 2.427580e-01 -7.308685e-02
<VARIANCE> 52
 3.000881e+01 1.975845e+01 2.477282e+01 5.732274e+01 2.172028e+01 3.423100e+01 3.598481e+01 4.022760e+01 2.092802e+01 2.858333e+01 2.783666e+01 4.064178e+01 2.327276e+01 1.782399e+00 2.142181e+00 1.675973e+00 4.210070e+00 5.122046e+00 5.295438e+00 3.149884e+00 3.304613e+00 2.195704e+00 4.390555e+00 3.670031e+00 3.466181e+00 5.163544e-01 4.354129e-01 3.245434e-01 3.391027e-01 9.506638e-01 5.450161e-01 5.603531e-01 7.574696e-01 3.374652e-01 4.027201e-01 4.937443e-01 7.169405e-01 8.768457e-01 8.885399e-02 7.231970e-02 8.336048e-02 6.276918e-02 1.317119e-01 1.960188e-01 2.004241e-01 1.559374e-01 1.432276e-01 1.010765e-01 1.736244e-01 1.828334e-01 1.398734e-01 1.825806e-02
<GCONST> 1.139630e+02
<STATE> 6
<NUMMIXES> 3
<MIXTURE> 1 2.576908e-01
<MEAN> 52
 -2.629682e+01 1.065483e+01 -6.843156e-01 -2.095489e+00 -2.279748e+00 -4.400810e+00 -5.704128e-01 -6.194630e+00 -2.752794e+00 -2.121014e+00 -1.612921e+00 -1.498192e+00 6.962646e+01 -2.349860e+00 -1.711772e+00 -1.884652e+00 -1.853069e+00 -9.395343e-01 -4.967495e-01 -3.683665e-01 -1.397547e-01 3.856980e-01 5.194201e-01 3.627826e-01 3.869263e-01 5.780667e-02 1.078564e+00 -1.829884e-02 5.250419e-01 -1.672088e-01 -4.606752e-01 -1.179927e-01 -3.276008e-01 -2.307331e-01 -4.105507e-01 -1.986992e-02 2.981669e-02 -3.781664e-02 -1.914931e-02 1.277144e-01 3.549853e-01 2.887068e-01 3.965016e-01 3.419968e-01 8.087701e-02 2.154261e-01 7.742577e-02 6.627127e-02 -1.335800e-01 -9.634948e-02 -2.687792e-02 -9.483946e-03
<VARIANCE> 52
 1.127298e+01 2.118721e+01 3.722004e+01 3.429073e+01 2.641360e+01 3.218056e+01 4.361890e+01 4.280670e+01 2.668127e+01 3.280562e+01 3.059387e+01 2.524990e+01 1.509832e+01 1.691105e+00 9.128452e-01 1.499747e+00 1.183392e+00 1.597885e+00 1.946333e+00 2.158620e+00 1.958486e+00 2.253665e+00 2.103288e+00 2.196153e+00 1.970514e+00 2.455575e-01 1.619936e-01 3.353207e-01 4.182604e-01 4.633860e-01 5.767842e-01 4.849473e-01 5.548183e-01 3.901490e-01 4.450925e-01 4.162779e-01 4.347496e-01 4.219443e-01 6.466900e-02 6.298184e-02 4.625345e-02 5.856813e-02 5.131461e-02 7.656515e-02 9.911584e-02 1.086003e-01 8.685856e-02 1.188885e-01 9.932038e-02 1.041326e-01 1.087705e-01 1.202589e-02
<GCONST> 9.580523e+01
<MIXTURE> 2 6.128202e-01
<MEAN> 52
 -2.970381e+01 8.381615e+00 -2.311273e+00 -6.555267e+00 -3.113510e+00 -4.318059e+00 -3.006683e+00 -5.440251e+00 -3.108513e+00 -7.370087e-01 -2.006034e+00 -1.061947e+00 6.915052e+01 -1.116796e-01 -5.071167e-01 2.765979e-01 -2.878049e-01 4.337159e-02 1.874776e-01 1.618191e-01 3.048671e-01 1.324492e-01 1.671832e-01 1.850046e-02 9.052246e-02 -1.661580e-01 7.044215e-01 1.954034e-01 5.641980e-01 1.543687e-01 -1.513754e-01 -1.226810e-01 -2.542954e-01 -2.224067e-01 -2.627482e-01 -2.261223e-01 -1.156241e-01 -7.609259e-02 -7.480122e-04 2.350307e-02 -8.577398e-03 2.500437e-02 -1.885880e-03 -8.747510e-02 -6.387183e-02 -1.185480e-01 -7.427645e-02 -6.386971e-02 -4.971449e-02 1.131437e-02 9.002974e-03 6.445551e-02
<VARIANCE> 52
 8.717225e+00 1.588343e+01 3.464125e+01 2.202894e+01 1.620620e+01 3.089661e+01 4.035420e+01 3.289970e+01 2.737890e+01 2.290184e+01 2.504910e+01 1.580885e+01 1.708764e+01 7.903895e-01 6.533042e-01 1.300704e+00 1.079372e+00 1.379509e+00 1.538279e+00 1.664361e+00 1.803129e+00 1.953926e+00 2.091246e+00 1.762420e+00 1.543701e+00 2.073327e-01 2.707101e-01 1.830440e-01 3.101196e-01 3.296223e-01 3.859635e-01 4.163935e-01 4.456334e-01 4.681077e-01 4.486688e-01 4.094613e-01 3.835275e-01 3.263661e-01 4.545960e-02 4.746052e-02 3.441110e-02 4.832999e-02 5.343379e-02 8.149494e-02 9.278301e-02 1.013011e-01 8.659873e-02 1.075125e-01 1.014405e-01 9.522203e-02 8.651722e-02 1.260453e-02
<GCONST> 8.693794e+01
<MIXTURE> 3 1.294890e-01
<MEAN> 52
 -2.373638e+01 8.286643e+00 -6.867318e-01 -1.029427e+01 -9.961798e+00 -6.352180e+00 -9.738453e+00 -1.291414e+01 -5.715584e+00 -3.313092e+00 -4.549445e+00 -1.663502e+00 6.681550e+01 3.490851e+00 -1.647400e-01 2.018386e+00 -2.524013e+00 -2.738971e+00 -2.251741e+00 -3.597989e+00 -3.228920e+00 -2.906873e+00 -1.620429e+00 -2.211888e+00 -5.111481e-01 6.966287e-01 5.668247e-02 -4.674844e-01 2.979682e-01 -5.014440e-01 2.580855e-01 1.604977e-01 -5.837207e-02 2.374078e-01 -1.275518e-01 -1.477173e-02 -6.134841e-01 -1.016883e-01 3.532963e-01 -4.800918e-01 -8.526567e-02 -1.589585e-01 2.146100e-01 4.539989e-01 3.474447e-01 5.060466e-01 5.162905e-01 3.961766e-01 2.693330e-01 2.517293e-01 8.879860e-02 -8.713865e-02
<VARIANCE> 52
 4.360730e+01 1.875988e+01 2.933729e+01 2.495207e+01 4.527434e+01 5.172280e+01 7.420049e+01 6.482894e+01 4.721941e+01 3.102723e+01 2.962665e+01 2.082766e+01 2.406442e+01 1.115705e+00 1.474917e+00 1.716730e+00 2.381358e+00 2.007992e+00 3.049972e+00 3.824707e+00 2.286464e+00 2.503203e+00 2.131892e+00 3.089130e+00 3.008406e+00 7.211732e-01 8.617302e-01 2.526970e-01 3.515727e-01 4.247822e-01 1.009157e+00 9.444724e-01 1.324426e+00 1.305143e+00 9.182953e-01 6.502030e-01 5.397494e-01 3.846993e-01 8.865891e-02 4.305193e-02 7.172018e-02 6.998768e-02 9.270706e-02 8.934307e-02 1.317887e-01 1.374386e-01 1.124166e-01 1.057422e-01 8.902526e-02 1.307168e-01 9.839234e-02 3.114340e-02
<GCONST> 1.121133e+02
<STATE> 7
<NUMMIXES> 3
<MIXTURE> 1 1.589231e-01
<MEAN> 52
 -1.089961e+01 2.487374e+00 1.587638e+01 -2.361182e+00 -1.299751e+01 -9.358426e+00 -1.025086e+01 -9.011027e+00 -8.790297e+00 -5.471046e+00 7.416294e-01 1.115039e+00 7.533144e+01 3.753186e+00 -2.835789e+00 3.777312e+00 2.818526e-01 -3.008747e+00 -2.949280e-01 -3.377030e+00 -6.731495e-01 -1.106636e+00 -1.732609e+00 1.489615e+00 9.689490e-01 1.776953e+00 -1.110666e+00 1.282043e-02 -8.308766e-01 -4.821198e-01 3.130700e-01 3.990349e-01 3.516896e-01 2.520746e-01 1.371686e-01 2.707309e-01 1.035474e-01 -1.304738e-01 -3.261333e-01 -3.969207e-01 3.824281e-01 -3.956814e-01 -6.301282e-02 3.768523e-01 9.938939e-02 4.863556e-01 1.237252e-01 1.160432e-01 2.541896e-01 -2.498437e-01 -2.074699e-01 -2.877403e-01
<VARIANCE> 52
 1.277844e+01 3.120832e+01 2.119450e+01 3.137364e+01 1.696387e+01 2.110835e+01 4.900356e+01 1.669560e+01 3.451382e+01 2.905238e+01 1.143077e+01 1.743306e+01 4.339056e+00 2.262775e+00 1.090638e+00 3.045126e+00 2.122137e+00 1.963722e+00 2.906661e+00 9.934047e-01 1.912629e+00 2.048115e+00 2.242981e+00 1.302620e+00 2.059270e+00 6.710717e-01 2.533236e-01 5.546281e-01 3.122779e-01 1.710955e-01 4.445752e-01 3.717827e-01 3.067898e-01 2.211255e-01 2.958141e-01 3.040934e-01 2.076773e-01 2.806991e-01 1.018388e-01 8.924522e-02 4.059368e-02 8.045120e-02 5.254619e-02 7.648473e-02 1.062271e-01 3.578253e-02 5.800072e-02 7.804339e-02 7.582222e-02 4.800328e-02 7.338869e-02 2.311945e-02
<GCONST> 8.804375e+01
<MIXTURE> 2 5.398496e-01
<MEAN> 52
 -2.501731e+01 7.100512e+00 4.070276e+00 -4.991938e+00 -2.761665e+00 -4.396407e+00 -8.159508e-01 -4.915774e+00 -4.054348e+00 -1.748285e+00 -2.215203e+00 -1.167097e+00 6.909012e+01 4.040890e+00 3.627550e-01 3.676643e+00 1.156270e+00 -1.341252e+00 -7.334303e-01 -1.984315e+00 -8.485409e-01 -1.483207e+00 -1.120959e+00 9.673885e-02 -1.317203e-01 6.051409e-01 9.855039e-01 -1.639152e-01 6.512524e-01 2.094271e-01 -7.874495e-01 -1.292687e-01 -9.224430e-01 -2.942362e-01 -4.763199e-01 -2.865423e-01 3.823479e-01 6.061895e-02 4.460509e-01 -5.552175e-01 -2.650934e-01 -4.703315e-01 -2.795111e-01 2.010474e-02 1.604352e-01 1.375640e-01 1.574837e-01 1.752701e-01 1.539634e-01 6.011086e-02 1.456447e-02 -5.128915e-02
<VARIANCE> 52
 2.086626e+01 2.149507e+01 3.732003e+01 2.101385e+01 2.037056e+01 2.719526e+01 3.269876e+01 2.864367e+01 2.644632e+01 2.325917e+01 2.026646e+01 1.815163e+01 1.127500e+01 2.264146e+00 2.723656e+00 2.544155e+00 1.890451e+00 3.027695e+00 2.308361e+00 2.248059e+00 2.039184e+00 2.173357e+00 1.819526e+00 1.952082e+00 1.448397e+00 6.608773e-01 4.072324e-01 3.668931e-01 5.004980e-01 3.253950e-01 3.639061e-01 4.891475e-01 3.745959e-01 3.046592e-01 5.252221e-01 4.374700e-01 3.992143e-01 4.091732e-01 7.434111e-02 7.201620e-02 8.353525e-02 7.111876e-02 5.426348e-02 1.439020e-01 8.832758e-02 1.052529e-01 8.217806e-02 8.617850e-02 8.147301e-02 9.260317e-02 7.353839e-02 2.638096e-02
<GCONST> 9.824503e+01
<MIXTURE> 3 3.012272e-01
<MEAN> 52
 -1.663014e+01 2.828198e+00 7.230273e+00 -2.106680e+01 -1.161349e+01 -1.009481e+01 -1.651148e+01 -1.861270e+01 -1.208960e+01 -6.888474e+00 -1.495175e+01 -2.465503e+00 7.117229e+01 2.430612e-01 -1.364015e+00 1.822132e+00 -2.135457e+00 1.106958e+00 5.503572e-02 -4.216645e-01 4.561747e-01 -5.520325e-01 2.189547e-01 -1.737247e+00 1.223874e-01 7.338739e-01 -6.241469e-01 3.042286e-01 -4.468859e-01 5.845161e-01 3.835063e-01 3.151162e-01 5.247162e-01 4.962829e-01 5.315990e-01 3.673275e-01 6.377328e-01 1.763134e-01 -2.089358e-01 2.126012e-01 1.786906e-01 -1.122311e-01 1.077619e-01 -3.248231e-01 -1.696374e-01 -1.778643e-01 -2.781255e-01 -9.059372e-02 -1.338444e-01 9.040422e-02 -3.355790e-02 -5.614781e-02
<VARIANCE> 52
 6.922577e+00 1.130265e+01 2.117797e+01 2.358578e+01 2.503536e+01 1.327068e+01 2.188134e+01 3.706993e+01 2.329532e+01 1.417162e+01 2.187721e+01 3.777907e+01 1.497008e+01 1.014917e+00 1.497899e+00 1.965360e+00 2.144219e+00 1.897085e+00 2.189825e+00 2.380078e+00 1.719416e+00 1.126901e+00 1.612127e+00 2.056507e+00 1.698717e+00 2.567927e-01 2.776273e-01 1.687420e-01 2.986167e-01 2.772584e-01 6.354864e-01 3.569320e-01 5.887654e-01 4.331106e-01 2.768509e-01 2.777330e-01 2.375458e-01 3.052512e-01 4.127831e-02 3.742078e-02 6.611595e-02 7.225925e-02 8.424552e-02 6.995904e-02 7.437666e-02 9.225281e-02 7.695204e-02 5.221916e-02 6.189224e-02 8.811437e-02 5.335698e-02 1.351612e-02
<GCONST> 8.556191e+01
<STATE> 8
<NUMMIXES> 3
<MIXTURE> 1 2.977047e-01
<MEAN> 52
 -8.602169e+00 2.323525e+00 1.813670e+01 -4.412834e+00 -1.531576e+01 -4.637550e+00 -1.583226e+01 -7.374810e+00 -1.231240e+01 -5.961511e+00 1.582218e+00 -1.576587e+00 7.407519e+01 7.343308e-01 -1.094622e+00 8.394240e-01 -4.362311e-01 -1.248778e+00 9.535106e-01 -1.434502e+00 4.782275e-01 -5.760667e-01 -1.300593e-01 8.158878e-01 -5.580148e-01 2.986997e-01 -8.097572e-01 4.434026e-01 -7.938206e-01 2.285230e-02 7.408696e-01 -3.166015e-02 9.179463e-01 1.279820e-01 4.321819e-01 2.489324e-01 -2.566766e-01 -1.227386e-01 -3.495376e-01 2.623869e-01 1.448544e-01 1.563193e-01 1.400684e-01 3.167630e-02 -1.975117e-01 1.556261e-02 -1.332040e-01 -4.147606e-02 -5.809263e-02 -1.117877e-01 6.429840e-02 -5.288852e-03
<VARIANCE> 52
 1.160576e+01 2.333085e+01 2.363445e+01 4.454205e+01 2.640230e+01 3.988622e+01 3.755921e+01 4.938396e+01 4.018567e+01 4.522310e+01 2.846476e+01 2.820088e+01 1.318332e+01 5.139166e-01 8.498433e-01 1.206056e+00 1.326793e+00 1.862274e+00 1.559348e+00 1.960429e+00 1.360654e+00 1.535907e+00 1.980810e+00 1.361991e+00 1.382463e+00 2.001337e-01 2.109429e-01 1.590301e-01 2.636217e-01 2.345489e-01 3.036799e-01 3.854966e-01 2.947589e-01 3.806646e-01 3.230547e-01 3.377248e-01 2.953635e-01 2.987078e-01 6.326783e-02 3.364560e-02 4.745251e-02 4.233444e-02 4.220746e-02 9.126101e-02 6.019711e-02 8.802186e-02 5.698637e-02 6.125131e-02 6.676079e-02 6.221868e-02 5.650800e-02 1.559921e-02
<GCONST> 8.472152e+01
<MIXTURE> 2 4.890666e-01
<MEAN> 52
 -1.745199e+01 2.132758e+00 1.058918e+01 -2.721408e+01 -7.820346e+00 -1.119020e+01 -1.624951e+01 -1.639654e+01 -1.037537e+01 -4.541475e+00 -1.823964e+01 -8.835033e-01 7.277583e+01 1.716136e-01 -6.809475e-02 6.097916e-02 -1.746109e-01 -5.242421e-02 9.422303e-02 -2.896034e-02 1.684500e-01 1.028692e-01 1.772148e-01 -1.021841e-01 -2.563710e-03 -1.223173e-01 4.201905e-02 9.706097e-03 -7.696426e-02 9.248145e-02 -9.379135e-02 2.649030e-02 6.796789e-04 -4.410921e-02 2.488318e-02 -4.744959e-02 5.304933e-02 -3.483571e-02 -7.134392e-02 1.081136e-02 -1.524555e-02 1.992449e-02 -3.338590e-02 7.963504e-03 -1.162966e-02 -4.795806e-03 -5.463608e-03 -1.487279e-02 -1.791907e-02 -2.776913e-02 2.469447e-03 1.695361e-03
<VARIANCE> 52
 1.043484e+01 8.153603e+00 1.032970e+01 1.840535e+01 8.863566e+00 1.512821e+01 2.407073e+01 1.991273e+01 1.928800e+01 1.840619e+01 1.606524e+01 8.887700e+00 5.211960e+00 1.101690e-01 1.620672e-01 2.653119e-01 4.414696e-01 3.868507e-01 4.603580e-01 6.224842e-01 6.010670e-01 4.866849e-01 4.765397e-01 5.831303e-01 3.486394e-01 1.035750e-01 2.037906e-02 3.449638e-02 5.464137e-02 8.723008e-02 8.288889e-02 8.165514e-02 1.250419e-01 1.120925e-01 9.247725e-02 9.910195e-02 1.156857e-01 6.665576e-02 6.614571e-03 4.889665e-03 1.031396e-02 1.577158e-02 2.378511e-02 1.847959e-02 2.020958e-02 2.899937e-02 2.601556e-02 2.177407e-02 2.286328e-02 3.171017e-02 1.583788e-02 2.076683e-03
<GCONST> 2.392641e+01
<MIXTURE> 3 2.132287e-01
<MEAN> 52
 -1.198169e+01 9.341162e+00 1.417751e+01 -1.772476e+00 -9.008937e+00 -6.963327e+00 -9.079262e+00 -8.933979e+00 -9.799990e+00 -5.628157e+00 -6.627834e-01 -1.275349e+00 7.189548e+01 3.912642e+00 -1.010158e+00 3.019500e+00 2.119490e-01 -3.353989e+00 -6.348769e-02 -3.582413e+00 -5.892941e-01 -2.149332e+00 -6.992219e-01 1.228062e+00 -2.496288e-01 1.141357e+00 -8.478841e-01 -5.941339e-01 -7.604347e-01 -3.969391e-01 -2.232607e-02 4.765520e-01 1.846178e-01 4.562369e-01 3.328023e-01 3.263599e-01 1.727685e-01 -1.056592e-01 -6.255551e-02 -4.751673e-01 1.365140e-01 -3.210060e-01 -9.785324e-03 4.733730e-01 1.240623e-02 4.876409e-01 1.152592e-01 2.660311e-01 8.104636e-02 -1.981817e-01 -2.373448e-03 -1.880469e-01
<VARIANCE> 52
 1.604961e+01 1.993699e+01 1.864112e+01 1.906517e+01 3.826221e+01 3.163034e+01 3.300238e+01 3.613221e+01 2.223671e+01 2.762679e+01 2.026437e+01 1.728898e+01 1.278745e+01 1.994943e+00 1.928659e+00 3.467262e+00 2.628224e+00 2.364595e+00 3.494009e+00 3.149987e+00 3.302386e+00 3.607045e+00 2.897769e+00 2.347147e+00 2.034250e+00 4.925325e-01 3.349762e-01 2.016297e-01 3.014475e-01 1.926397e-01 5.660571e-01 3.471914e-01 5.513468e-01 3.667161e-01 3.445489e-01 3.304921e-01 4.123737e-01 2.958744e-01 7.451502e-02 8.542600e-02 6.021788e-02 1.106526e-01 7.316576e-02 8.788751e-02 1.295065e-01 1.170651e-01 1.147859e-01 1.248064e-01 9.647120e-02 1.111450e-01 8.889552e-02 1.859808e-02
<GCONST> 9.990133e+01
<STATE> 9
<NUMMIXES> 3
<MIXTURE> 1 4.278933e-01
<MEAN> 52
 -7.666265e+00 3.467826e+00 1.730523e+01 -3.759156e+00 -1.534141e+01 -5.687351e+00 -1.509937e+01 -7.818465e+00 -1.155974e+01 -6.541246e+00 2.758960e+00 -2.230345e+00 7.321976e+01 3.020372e-01 -1.054837e-01 -1.061111e-01 7.895496e-02 -2.066645e-01 -5.275437e-02 9.412155e-02 2.246318e-01 7.269983e-02 1.528825e-01 -3.191774e-03 -1.964156e-01 -2.809508e-01 -2.241216e-02 1.353609e-01 -2.041133e-01 1.437192e-01 3.021252e-01 -8.746775e-02 2.891177e-01 2.548317e-02 1.109933e-01 1.294437e-01 -2.322915e-01 3.226113e-02 -2.075969e-01 9.394971e-02 -2.286119e-02 4.498519e-02 2.395065e-02 4.796705e-03 2.719314e-02 -6.682378e-02 -2.313050e-02 -2.401033e-02 -3.235749e-02 -8.371586e-03 2.060828e-02 -1.671374e-02
<VARIANCE> 52
 1.089790e+01 2.931992e+01 4.019132e+01 5.044790e+01 5.033596e+01 7.593011e+01 4.330118e+01 4.969858e+01 4.930580e+01 5.174410e+01 2.715962e+01 2.954594e+01 1.283166e+01 2.424842e-01 4.944428e-01 8.008469e-01 8.928503e-01 9.519067e-01 1.141278e+00 1.297334e+00 1.087990e+00 9.626303e-01 1.059845e+00 9.333184e-01 7.356846e-01 2.315331e-01 8.462462e-02 1.171984e-01 1.550536e-01 1.858442e-01 2.938193e-01 2.199719e-01 3.372287e-01 2.193428e-01 2.403822e-01 2.131953e-01 2.337229e-01 1.692185e-01 6.688185e-02 2.462115e-02 2.337765e-02 4.199972e-02 3.881974e-02 6.630590e-02 4.537498e-02 7.158386e-02 5.426989e-02 4.875141e-02 4.244813e-02 4.567724e-02 3.493270e-02 1.328611e-02
<GCONST> 7.352213e+01
<MIXTURE> 2 2.249423e-01
<MEAN> 52
 -1.335562e+01 1.120547e+00 8.838156e+00 -2.502340e+01 -1.273254e+01 -7.000226e+00 -1.926479e+01 -1.297251e+01 -1.127239e+01 -5.237104e+00 -1.730466e+01 -4.433537e+00 6.835377e+01 4.730319e-01 7.160144e-02 -3.672601e-01 2.405022e-01 -3.368707e-01 9.510130e-02 -2.752910e-02 -2.411991e-02 1.382971e-01 -2.201635e-01 4.722471e-02 1.430057e-01 -6.400633e-01 9.381074e-02 7.315948e-02 -9.155190e-02 2.876641e-01 -1.908271e-03 -7.092442e-02 1.182968e-02 -1.766203e-02 -3.095310e-02 -9.956948e-03 1.436905e-01 8.044019e-02 -1.616962e-01 -3.619107e-03 -1.651849e-02 1.136693e-02 6.193754e-02 5.699853e-02 6.226084e-03 1.069941e-02 4.160726e-02 -1.226940e-02 1.174949e-02 3.448677e-02 -1.477564e-02 -7.754374e-03
<VARIANCE> 52
 1.554678e+01 1.850824e+01 1.628127e+01 2.143354e+01 3.505468e+01 2.606798e+01 5.384239e+01 2.666458e+01 1.793711e+01 1.876468e+01 2.802341e+01 2.606491e+01 2.528370e+01 2.815021e-01 4.651918e-01 6.220582e-01 1.172977e+00 9.533145e-01 1.170087e+00 1.148826e+00 1.031626e+00 9.923670e-01 1.253575e+00 1.182273e+00 6.552802e-01 3.187483e-01 4.063893e-02 7.360138e-02 1.253893e-01 2.256495e-01 1.609941e-01 2.226791e-01 2.598123e-01 1.992630e-01 1.705977e-01 2.170812e-01 2.491151e-01 1.215349e-01 3.118564e-02 1.122190e-02 1.834291e-02 2.220762e-02 4.441874e-02 4.499042e-02 5.224549e-02 6.687149e-02 4.938710e-02 4.499212e-02 5.374740e-02 5.291848e-02 3.219448e-02 5.418946e-03
<GCONST> 6.284589e+01
<MIXTURE> 3 3.471644e-01
<MEAN> 52
 -7.923202e+00 4.351661e-01 2.054987e+01 -8.191165e+00 -1.661654e+01 -5.039982e+00 -1.734441e+01 -7.641243e+00 -1.443391e+01 -5.001464e+00 3.248295e+00 -2.154401e+00 7.415983e+01 1.491048e-01 4.740638e-02 9.995680e-02 -1.495945e-01 -1.751107e-01 1.848319e-01 3.154440e-03 2.238910e-02 -1.043407e-01 1.700244e-01 1.097079e-01 -1.616956e-01 -2.276732e-01 5.384155e-03 4.893784e-02 -7.769336e-02 5.689196e-02 2.719143e-02 -8.130936e-02 9.897354e-02 -2.067599e-02 2.333196e-02 2.001526e-02 -2.823073e-02 5.187934e-03 -5.236149e-02 2.364814e-02 -1.602482e-02 8.289794e-03 6.560015e-03 -1.131390e-03 -4.585923e-03 -1.103685e-02 1.244254e-02 3.414429e-05 -1.876383e-03 -7.916808e-03 -3.588440e-03 -7.552878e-03
<VARIANCE> 52
 1.184620e+01 2.503499e+01 2.183802e+01 4.876990e+01 2.159989e+01 3.793575e+01 1.839465e+01 3.882244e+01 4.005246e+01 5.030361e+01 2.944458e+01 1.747248e+01 8.861374e+00 4.361688e-02 1.275954e-01 2.194141e-01 2.465680e-01 3.359491e-01 3.685922e-01 4.796361e-01 3.573051e-01 3.388236e-01 4.520577e-01 3.773012e-01 3.500188e-01 5.969541e-02 8.531031e-03 1.865538e-02 3.305458e-02 5.219439e-02 5.595608e-02 6.117357e-02 7.828487e-02 7.333056e-02 6.753615e-02 1.015529e-01 6.663936e-02 5.845575e-02 7.430592e-03 3.131100e-03 6.578481e-03 9.468783e-03 1.113757e-02 1.388919e-02 1.476850e-02 2.359287e-02 1.611771e-02 1.747202e-02 2.202646e-02 1.681773e-02 1.447701e-02 2.657793e-03
<GCONST> 1.906005e+01
<STATE> 10
<NUMMIXES> 3
<MIXTURE> 1 4.081942e-01
<MEAN> 52
 -4.954123e+00 3.416072e+00 1.700685e+01 -4.247873e+00 -1.488383e+01 -4.657224e+00 -1.341444e+01 -5.723854e+00 -1.134947e+01 -1.492315e+00 1.298725e+00 -2.785812e+00 6.797873e+01 2.129619e-01 6.175043e-01 -1.120952e+00 8.990339e-01 1.089715e+00 1.842412e-01 9.813776e-01 -1.491381e-01 5.896372e-01 3.292568e-01 -6.607365e-01 -1.127312e-01 -1.363243e+00 -5.673145e-02 -1.048445e-01 -1.438235e-01 1.245384e-01 2.447562e-01 5.519970e-02 1.148754e-01 2.464695e-03 1.371510e-01 -1.542532e-01 -2.557853e-02 8.188345e-02 -1.604831e-01 -3.285939e-02 -1.243487e-01 3.348812e-02 -1.218569e-01 -8.006641e-02 -1.100770e-02 -8.207093e-02 3.026166e-02 -2.817274e-02 -1.459222e-02 7.166889e-02 1.326875e-02 6.760475e-02
<VARIANCE> 52
 7.012885e+00 2.544413e+01 2.138167e+01 5.604740e+01 3.192071e+01 6.814361e+01 6.179489e+01 4.289215e+01 5.699425e+01 4.175389e+01 2.030606e+01 2.525660e+01 2.080232e+01 3.302925e-01 1.001560e+00 8.625855e-01 1.703541e+00 1.146189e+00 1.538221e+00 2.604054e+00 1.577351e+00 1.709647e+00 1.955744e+00 1.424835e+00 1.331540e+00 3.529157e-01 6.484520e-02 2.038498e-01 2.063324e-01 3.311149e-01 3.171390e-01 3.170362e-01 4.816564e-01 3.202346e-01 3.182759e-01 2.635981e-01 3.261593e-01 2.751761e-01 8.071075e-02 1.455122e-02 3.639668e-02 3.628864e-02 6.676604e-02 5.276456e-02 6.306736e-02 1.095001e-01 6.710990e-02 6.869520e-02 7.513757e-02 5.953155e-02 5.609405e-02 9.968863e-03
<GCONST> 8.418078e+01
<MIXTURE> 2 3.136029e-01
<MEAN> 52
 -9.834416e+00 2.693482e+00 6.027228e+00 -1.673866e+01 -1.234846e+01 -8.343820e+00 -1.776186e+01 -1.440419e+01 -1.060914e+01 -4.983475e+00 -1.283249e+01 -9.760634e-03 6.266892e+01 4.439372e-01 -1.569223e-01 -9.368856e-01 2.260818e+00 8.768272e-01 -4.129974e-02 9.915737e-01 7.777281e-01 5.935680e-01 -3.253699e-01 1.318465e+00 3.126459e-02 -1.686915e+00 -2.226908e-01 -2.241277e-01 -4.888494e-02 -5.263258e-02 3.351113e-01 1.455759e-01 3.532101e-01 3.597193e-01 2.313230e-01 1.651175e-01 1.332652e-01 -6.061249e-02 1.318375e-02 -3.814864e-02 -2.420928e-02 6.432939e-02 -2.226636e-01 -8.399846e-02 4.248602e-02 -5.251859e-02 -3.226566e-02 -5.307632e-03 1.147779e-01 -1.029864e-01 3.523830e-02 1.248417e-01
<VARIANCE> 52
 1.261603e+01 2.715586e+01 2.653508e+01 4.587361e+01 3.998995e+01 3.653286e+01 3.791364e+01 4.652547e+01 3.139720e+01 5.740985e+01 4.192812e+01 6.269596e+01 4.190834e+01 1.200578e+00 1.838817e+00 1.776366e+00 2.247386e+00 2.486769e+00 3.595907e+00 3.989704e+00 3.160804e+00 3.193055e+00 3.328610e+00 2.876084e+00 2.872149e+00 7.177243e-01 1.543450e-01 2.771635e-01 2.812642e-01 5.232613e-01 3.296933e-01 6.170806e-01 5.288580e-01 4.913086e-01 5.233678e-01 6.439613e-01 5.117900e-01 4.648173e-01 1.348606e-01 4.571014e-02 6.868898e-02 6.701609e-02 8.841503e-02 9.198586e-02 1.426504e-01 1.475004e-01 1.372280e-01 1.388361e-01 1.516138e-01 1.212090e-01 1.058794e-01 2.324678e-02
<GCONST> 1.097855e+02
<MIXTURE> 3 2.782030e-01
<MEAN> 52
 -4.057801e+00 4.377250e+00 1.294950e+01 2.704151e+00 -1.201810e+01 -4.444702e+00 -9.082671e+00 -6.143855e+00 -9.375410e+00 -5.071026e+00 3.130162e-01 -4.294374e+00 6.730956e+01 8.190732e-01 8.169085e-02 -1.646341e+00 9.711095e-01 3.048622e+00 -2.620499e-01 1.753465e+00 7.152862e-01 9.292486e-01 4.226774e-01 -1.972654e+00 1.335597e-01 -2.250285e+00 -3.041184e-01 -1.345681e-01 -5.200082e-02 -4.663970e-01 5.568400e-02 2.348448e-01 -2.597887e-01 -7.103074e-02 9.877901e-02 -2.498628e-02 5.639348e-02 7.203023e-02 9.033909e-02 -1.401969e-01 -8.470114e-02 1.746644e-01 -1.924590e-01 -5.766454e-01 5.019969e-02 -2.491077e-01 -1.100797e-01 -1.400637e-01 -2.356836e-02 4.024040e-01 -2.361326e-02 3.497379e-01
<VARIANCE> 52
 1.407063e+01 2.639379e+01 2.483497e+01 3.259052e+01 6.164027e+01 5.193968e+01 5.213493e+01 4.446970e+01 3.590402e+01 3.773732e+01 3.491132e+01 2.049631e+01 3.824973e+01 1.241312e+00 1.384935e+00 2.435475e+00 3.022281e+00 2.950986e+00 3.226228e+00 3.888674e+00 3.196578e+00 3.210245e+00 2.211361e+00 1.857209e+00 2.265850e+00 1.147404e+00 2.474561e-01 3.015580e-01 2.814264e-01 3.651296e-01 1.115316e+00 3.817372e-01 5.595837e-01 5.218759e-01 3.890762e-01 3.002727e-01 6.339288e-01 2.860232e-01 4.238949e-01 6.322347e-02 5.267430e-02 6.346288e-02 1.157005e-01 1.272453e-01 1.311838e-01 1.547567e-01 1.403062e-01 1.239227e-01 9.437005e-02 9.028306e-02 8.770040e-02 4.799485e-02
<GCONST> 1.097443e+02
<STATE> 11
<NUMMIXES> 3
<MIXTURE> 1 2.752751e-01
<MEAN> 52
 -4.840017e+00 2.164614e+00 1.025889e+01 -1.167953e+00 -8.697062e+00 -5.635752e+00 -1.065461e+01 -6.366119e+00 -8.781712e+00 -4.038611e+00 -4.087908e+00 -3.237059e+00 6.551041e+01 -6.780715e-01 -2.543751e-01 1.114489e-02 -1.085574e+00 -4.200239e-01 3.192791e-01 2.153850e-01 2.249764e-01 -9.607490e-02 6.184809e-01 6.049895e-01 8.772457e-02 6.334829e-01 -1.771143e-01 -6.161875e-02 2.777965e-01 -3.139261e-01 -9.112008e-01 2.704866e-01 -1.322490e-01 -5.609767e-02 -1.043874e-01 1.764476e-02 5.032833e-01 -5.643477e-05 5.673267e-01 1.740547e-01 6.256672e-02 -2.580429e-02 1.662756e-01 7.695317e-02 -1.320887e-02 1.932584e-02 8.410469e-03 5.964248e-02 -8.539159e-02 -1.061208e-01 -1.827482e-02 -1.508882e-01
<VARIANCE> 52
 2.307951e+01 3.661953e+01 6.778597e+01 8.199516e+01 5.140821e+01 4.277571e+01 6.255328e+01 6.549110e+01 4.706016e+01 4.553762e+01 4.503489e+01 2.620504e+01 5.331307e+01 1.926275e+00 1.178788e+00 2.488142e+00 2.656446e+00 5.220028e+00 2.334329e+00 2.992970e+00 3.579566e+00 3.565850e+00 2.667946e+00 4.302405e+00 1.789562e+00 2.111756e+00 3.814578e-01 3.646507e-01 6.293109e-01 6.349202e-01 1.021986e+00 6.321778e-01 8.240624e-01 8.226109e-01 8.800727e-01 8.014348e-01 8.778375e-01 4.627590e-01 4.877292e-01 7.950189e-02 5.892992e-02 1.118574e-01 1.170881e-01 2.484426e-01 1.057178e-01 1.404826e-01 1.645554e-01 1.754303e-01 1.463620e-01 1.989593e-01 7.924914e-02 8.278260e-02
<GCONST> 1.251946e+02
<MIXTURE> 2 3.374781e-01
<MEAN> 52
 -8.759180e+00 1.299786e+00 3.752841e+00 -3.189165e+00 -2.807276e+00 -9.521106e-01 -5.153956e+00 -4.786998e+00 -3.921352e+00 -2.461741e+00 -3.439641e+00 -2.458853e+00 5.628578e+01 -7.117720e-01 -1.593306e+00 -1.744061e+00 -4.536502e-01 2.666547e-01 2.766618e-01 7.291749e-01 7.386895e-01 9.996894e-01 6.866521e-01 7.721447e-01 5.215752e-01 -1.093670e+00 5.782665e-02 9.906808e-03 1.703936e-01 -3.975677e-01 -6.063024e-01 -3.120374e-01 -4.696817e-01 -3.175302e-01 -3.279076e-01 -6.112744e-02 4.765433e-02 1.044239e-01 3.209526e-01 1.053545e-01 2.154318e-01 1.207839e-01 1.727811e-01 8.585885e-02 -1.695928e-02 -1.005783e-02 -9.126946e-02 -1.004997e-01 -1.103457e-01 -1.397526e-01 -8.277113e-02 1.121281e-02
<VARIANCE> 52
 1.601325e+01 1.842283e+01 5.796481e+01 3.584344e+01 2.978801e+01 2.835702e+01 3.170261e+01 2.582635e+01 2.185523e+01 2.745755e+01 2.808730e+01 1.717997e+01 2.554789e+01 5.529592e-01 9.107528e-01 1.448013e+00 2.467078e+00 2.579740e+00 3.118611e+00 3.589846e+00 2.827395e+00 2.367846e+00 2.599619e+00 2.089801e+00 1.850459e+00 4.969233e-01 1.317527e-01 2.632684e-01 2.537923e-01 4.256814e-01 3.907341e-01 3.719539e-01 4.274851e-01 4.263687e-01 4.429470e-01 5.575380e-01 5.069699e-01 3.171834e-01 8.317114e-02 2.409860e-02 4.070282e-02 5.426380e-02 7.889713e-02 1.132761e-01 1.225554e-01 1.325459e-01 1.144307e-01 1.154777e-01 1.318520e-01 7.600605e-02 7.349460e-02 1.667567e-02
<GCONST> 9.637641e+01
<MIXTURE> 3 3.872468e-01
<MEAN> 52
 -9.217013e+00 -1.473334e+00 3.655436e+00 -7.706716e+00 -8.766942e+00 -5.834720e+00 -9.765944e+00 -8.599596e+00 -6.674072e+00 -2.173388e+00 -1.140608e+00 -2.855289e-01 5.544378e+01 -8.067390e-03 -4.182508e-01 -5.912586e-01 7.238394e-02 2.077619e-01 5.858673e-02 1.078708e-01 4.619717e-02 4.950126e-02 -4.858811e-02 -4.373416e-02 -8.373240e-02 -5.018392e-01 5.815204e-02 1.770768e-01 1.564111e-01 1.086282e-01 7.370061e-02 2.470904e-02 2.415174e-02 8.698884e-02 -1.730598e-02 -1.573623e-02 -8.331921e-02 -5.886472e-02 1.274338e-01 -3.157265e-02 -1.790493e-02 -3.762556e-02 -1.043402e-03 2.364032e-02 2.429430e-02 5.229453e-02 3.246925e-02 6.177737e-02 2.659506e-02 4.361656e-02 2.693469e-02 -2.457952e-02
<VARIANCE> 52
 1.118374e+01 1.646124e+01 4.033902e+01 2.404302e+01 4.032967e+01 3.486071e+01 3.711704e+01 3.152792e+01 3.786261e+01 1.912600e+01 3.807788e+01 2.050821e+01 1.181764e+01 2.169668e-01 5.608403e-01 8.862054e-01 1.345946e+00 1.167532e+00 1.588473e+00 1.819718e+00 2.008328e+00 1.668525e+00 1.610984e+00 1.449657e+00 1.374846e+00 1.017502e-01 6.309628e-02 1.251825e-01 1.934134e-01 2.350547e-01 2.378430e-01 3.220316e-01 3.814418e-01 3.819754e-01 3.996398e-01 3.333781e-01 2.750707e-01 2.752539e-01 2.445619e-02 1.046793e-02 2.513688e-02 3.673588e-02 5.791799e-02 5.412416e-02 7.064942e-02 8.372989e-02 8.655519e-02 8.080800e-02 7.843265e-02 6.492965e-02 6.188032e-02 5.736778e-03
<GCONST> 7.570454e+01
<TRANSP> 12
 0.000000e+00 1.000000e+00 0.000000e+00 0.000000e+00 0.000000e+00 0.000000e+00 0.000000e+00 0.000000e+00 0.000000e+00 0.000000e+00 0.000000e+00 0.000000e+00
 0.000000e+00 8.087937e-01 1.912063e-01 0.000000e+00 0.000000e+00 0.000000e+00 0.000000e+00 0.000000e+00 0.000000e+00 0.000000e+00 0.000000e+00 0.000000e+00
 0.000000e+00 0.000000e+00 7.708388e-01 2.291612e-01 0.000000e+00 0.000000e+00 0.000000e+00 0.000000e+00 0.000000e+00 0.000000e+00 0.000000e+00 0.000000e+00
 0.000000e+00 0.000000e+00 0.000000e+00 8.560181e-01 1.439820e-01 0.000000e+00 0.000000e+00 0.000000e+00 0.000000e+00 0.000000e+00 0.000000e+00 0.000000e+00
 0.000000e+00 0.000000e+00 0.000000e+00 0.000000e+00 7.927001e-01 2.072999e-01 0.000000e+00 0.000000e+00 0.000000e+00 0.000000e+00 0.000000e+00 0.000000e+00
 0.000000e+00 0.000000e+00 0.000000e+00 0.000000e+00 0.000000e+00 8.704107e-01 1.295892e-01 0.000000e+00 0.000000e+00 0.000000e+00 0.000000e+00 0.000000e+00
 0.000000e+00 0.000000e+00 0.000000e+00 0.000000e+00 0.000000e+00 0.000000e+00 6.645724e-01 3.354276e-01 0.000000e+00 0.000000e+00 0.000000e+00 0.000000e+00
 0.000000e+00 0.000000e+00 0.000000e+00 0.000000e+00 0.000000e+00 0.000000e+00 0.000000e+00 7.961991e-01 2.038008e-01 0.000000e+00 0.000000e+00 0.000000e+00
 0.000000e+00 0.000000e+00 0.000000e+00 0.000000e+00 0.000000e+00 0.000000e+00 0.000000e+00 0.000000e+00 8.667185e-01 1.332815e-01 0.000000e+00 0.000000e+00
 0.000000e+00 0.000000e+00 0.000000e+00 0.000000e+00 0.000000e+00 0.000000e+00 0.000000e+00 0.000000e+00 0.000000e+00 7.940301e-01 2.059700e-01 0.000000e+00
 0.000000e+00 0.000000e+00 0.000000e+00 0.000000e+00 0.000000e+00 0.000000e+00 0.000000e+00 0.000000e+00 0.000000e+00 0.000000e+00 8.071316e-01 1.928683e-01
 0.000000e+00 0.000000e+00 0.000000e+00 0.000000e+00 0.000000e+00 0.000000e+00 0.000000e+00 0.000000e+00 0.000000e+00 0.000000e+00 0.000000e+00 0.000000e+00
<ENDHMM>
