~o
<STREAMINFO> 1 52
<VECSIZE> 52<NULLD><MFCC_D_A_T_0><DIAGC>
~h "dd"
<BEGINHMM>
<NUMSTATES> 12
<STATE> 2
<NUMMIXES> 3
<MIXTURE> 1 3.596961e-01
<MEAN> 52
 -6.199951e+00 2.597140e+00 1.624193e+01 -2.025941e+00 -1.784209e+01 -4.128754e+00 -1.159356e+01 -5.819587e+00 -1.094625e+01 -4.966445e+00 3.711455e+00 -3.424639e+00 7.146126e+01 1.499356e+00 -5.746731e-01 3.400021e+00 -9.119054e-01 -3.360399e+00 8.035256e-01 -2.550935e+00 3.789095e-01 -1.860765e+00 -4.378507e-01 1.492134e+00 -7.794554e-01 1.975829e+00 8.084469e-02 -1.230526e-01 -1.353074e+00 -1.637051e-01 8.727915e-01 3.259306e-01 5.784739e-01 -2.099629e-02 3.855493e-01 5.897583e-01 -4.091393e-01 -1.817918e-01 -8.385209e-01 -2.698421e-01 1.652585e-01 -5.967100e-01 1.888887e-01 5.284683e-01 -1.723912e-01 5.135074e-01 -8.013909e-02 2.716859e-01 1.050993e-01 -2.391163e-01 7.292207e-02 -1.595559e-01
<VARIANCE> 52
 1.134525e+01 2.837741e+01 3.145669e+01 5.207009e+01 3.935504e+01 3.694373e+01 4.913190e+01 4.078997e+01 4.726114e+01 3.861556e+01 2.713391e+01 2.798911e+01 1.498139e+01 2.756153e+00 2.277432e+00 7.680346e+00 3.512036e+00 3.302976e+00 4.086066e+00 4.799668e+00 3.554553e+00 4.921637e+00 4.601846e+00 3.114619e+00 3.069329e+00 1.097753e+00 3.830810e-01 4.383987e-01 8.504671e-01 4.857902e-01 7.641792e-01 6.542995e-01 8.913018e-01 5.814461e-01 6.913744e-01 5.918363e-01 5.815929e-01 4.421767e-01 1.735963e-01 9.549433e-02 9.113389e-02 2.842305e-01 1.343012e-01 1.671687e-01 1.908752e-01 1.959781e-01 1.637457e-01 1.998446e-01 1.937922e-01 1.474311e-01 1.183700e-01 5.164614e-02
<GCONST> 1.233429e+02
<MIXTURE> 2 1.541285e-01
<MEAN> 52
 -1.213882e+01 -5.570230e-01 6.437594e+00 -1.897511e+01 -1.871416e+01 -6.869212e+00 -1.698608e+01 -1.460040e+01 -1.045124e+01 2.268334e+00 -1.295775e+01 5.959687e-01 7.096516e+01 -2.231831e-01 -4.079244e-02 2.405297e+00 -5.067708e+00 -1.355619e+00 -2.908263e-01 -3.311223e+00 -1.011860e+00 -1.294509e+00 -4.040667e-01 -4.344075e+00 1.036637e+00 2.297591e+00 2.472824e-01 -8.257797e-02 -8.762221e-01 3.549782e-01 1.516902e+00 6.446919e-01 5.865462e-01 9.630944e-01 6.234797e-01 -7.602605e-01 -5.140761e-02 -1.179814e-01 -1.198011e+00 9.262653e-03 3.381172e-02 -3.943616e-01 6.883547e-01 1.345671e-01 8.590464e-02 3.978696e-01 1.562416e-01 1.919288e-01 5.342207e-02 6.546631e-01 -1.653445e-01 -1.580756e-01
<VARIANCE> 52
 8.767244e+00 2.180172e+01 2.417169e+01 4.783724e+01 2.350651e+01 2.364159e+01 4.465514e+01 3.022531e+01 3.437486e+01 4.076281e+01 6.678159e+01 4.065162e+01 1.719098e+01 9.901381e-01 1.599644e+00 3.393373e+00 2.401214e+00 7.298523e+00 4.035709e+00 4.622960e+00 5.377753e+00 3.503523e+00 4.924804e+00 3.016366e+00 4.575248e+00 3.658576e+00 1.853079e-01 2.476188e-01 6.241012e-01 9.710556e-01 5.443686e-01 5.985273e-01 8.566366e-01 5.780012e-01 4.924419e-01 5.639777e-01 1.354311e+00 6.467136e-01 2.104585e-01 3.878591e-02 6.074177e-02 1.377211e-01 7.413768e-02 3.217704e-01 1.861841e-01 2.178700e-01 2.043236e-01 1.595715e-01 2.010568e-01 1.079370e-01 1.787183e-01 1.547951e-01
<GCONST> 1.211290e+02
<MIXTURE> 3 4.861754e-01
<MEAN> 52
 -1.152397e+01 -2.099097e-01 -1.954469e+00 -4.233117e+00 -5.296387e+00 -2.867181e+00 -3.652039e+00 -5.966681e+00 -3.459939e+00 -1.210209e+00 -2.426803e+00 -2.419255e+00 6.192714e+01 -3.505977e-01 6.313659e-01 2.539902e+00 -4.148438e-01 -2.524229e+00 -4.343113e-01 -1.107452e+00 -7.680064e-01 -1.081497e+00 -1.951620e-01 5.411775e-01 -1.355115e-01 3.256130e+00 5.703738e-01 4.528222e-02 9.633524e-01 -2.276540e-01 -6.490000e-01 6.259648e-02 -7.759485e-01 -7.287087e-02 -4.834242e-01 -1.601018e-01 -1.382130e-01 -7.662677e-02 1.526688e-01 6.047464e-02 -1.163059e-01 -3.661520e-01 -4.150377e-02 3.248070e-01 8.912905e-02 1.133404e-01 1.288641e-01 1.331398e-01 2.872219e-02 -1.213257e-01 -1.163490e-02 -3.962750e-01
<VARIANCE> 52
 2.361953e+01 3.305074e+01 4.958534e+01 3.546890e+01 4.201109e+01 3.065342e+01 3.575692e+01 3.400848e+01 3.084660e+01 3.015047e+01 3.720853e+01 2.926518e+01 5.300050e+01 2.760579e+00 2.544237e+00 7.747636e+00 4.671090e+00 5.928599e+00 3.383042e+00 5.504437e+00 4.391330e+00 4.241525e+00 3.988569e+00 3.594723e+00 2.997219e+00 3.849798e+00 6.484678e-01 4.536212e-01 1.043806e+00 9.361798e-01 7.810738e-01 6.769229e-01 9.205040e-01 7.844160e-01 6.959265e-01 7.882848e-01 8.355970e-01 5.576751e-01 6.186205e-01 1.097218e-01 9.813596e-02 3.288733e-01 1.561363e-01 2.836456e-01 1.409349e-01 2.375110e-01 1.768764e-01 1.683373e-01 1.796289e-01 1.311005e-01 1.066077e-01 1.562687e-01
<GCONST> 1.324712e+02
<STATE> 3
<NUMMIXES> 3
<MIXTURE> 1 4.158788e-01
<MEAN> 52
 -5.857888e+00 1.010962e+00 1.611318e+01 -8.526527e+00 -1.970172e+01 -2.417771e-01 -1.287026e+01 -6.193742e+00 -1.201664e+01 -2.658125e+00 3.682626e+00 -5.449378e+00 7.315823e+01 7.087574e-01 3.200720e-01 -1.290614e+00 -7.143321e-03 5.324166e-01 4.975951e-01 7.561200e-01 3.432579e-02 -4.242155e-01 9.082503e-01 -1.147467e-01 -8.179361e-01 -2.772174e-01 1.833371e-01 1.416841e-01 -8.845000e-01 8.113444e-01 8.126511e-01 -4.670852e-01 4.905179e-01 -2.439910e-01 2.331154e-01 2.154099e-01 -4.916993e-01 6.262776e-02 -5.641200e-01 3.622903e-02 -6.666235e-02 3.556905e-01 8.275506e-02 -2.198517e-01 -7.743309e-02 -2.432202e-01 -1.098366e-01 -6.555562e-04 -1.315071e-01 -7.647665e-03 1.014810e-01 1.380162e-01
<VARIANCE> 52
 1.375249e+01 2.839921e+01 4.529972e+01 8.003658e+01 3.152801e+01 4.991243e+01 5.822491e+01 4.883443e+01 4.908936e+01 5.370512e+01 4.732607e+01 4.094864e+01 1.566607e+01 5.756994e-01 7.490705e-01 1.697800e+00 3.096949e+00 2.065216e+00 3.405979e+00 2.287161e+00 1.940190e+00 1.886336e+00 2.205515e+00 1.912290e+00 1.618273e+00 5.460282e-01 1.912256e-01 2.299942e-01 5.692474e-01 4.495338e-01 5.071498e-01 7.956437e-01 8.759375e-01 6.068491e-01 6.082772e-01 5.950671e-01 5.705156e-01 3.961429e-01 9.799934e-02 3.579267e-02 4.746417e-02 9.440146e-02 1.327173e-01 1.105372e-01 1.695494e-01 1.167088e-01 1.162326e-01 1.191586e-01 1.103339e-01 1.031526e-01 7.085394e-02 2.087487e-02
<GCONST> 1.064477e+02
<MIXTURE> 2 1.865389e-01
<MEAN> 52
 -1.234612e+01 -6.574385e-01 5.098041e+00 -2.981544e+01 -1.158275e+01 -2.390992e+00 -2.134806e+01 -1.040337e+01 -8.307322e+00 -2.740924e+00 -2.210219e+01 1.497045e+00 7.196108e+01 6.739402e-01 1.295152e-01 -9.480297e-01 -4.319781e-02 1.189942e+00 7.097757e-01 -1.041424e+00 8.588634e-01 3.341477e-01 -1.306427e+00 -4.584350e-01 -3.492562e-02 -4.370031e-01 2.502121e-01 -1.073042e-01 -3.508421e-01 1.162921e+00 -1.930418e-01 -4.267747e-01 4.714176e-01 -8.089808e-02 -1.502467e-01 1.237385e-01 6.114386e-01 -1.546625e-01 -2.565066e-01 -1.871013e-02 -2.772027e-02 1.669688e-01 -1.050822e-01 -2.323706e-01 -2.409210e-01 4.490358e-02 -2.251290e-01 -1.765225e-01 1.710740e-01 -1.479042e-01 3.453167e-02 1.469764e-01
<VARIANCE> 52
 9.935437e+00 1.856472e+01 2.144579e+01 3.974790e+01 3.199989e+01 2.202518e+01 3.767380e+01 4.520324e+01 3.883713e+01 3.684901e+01 2.855444e+01 3.958702e+01 1.110770e+01 5.522951e-01 7.547241e-01 1.131914e+00 3.847072e+00 1.848114e+00 2.022590e+00 1.686990e+00 2.567931e+00 1.495911e+00 2.126242e+00 1.713884e+00 2.274142e+00 2.004958e-01 7.066161e-02 1.389407e-01 3.551000e-01 3.107346e-01 4.106507e-01 5.432867e-01 5.623457e-01 4.650433e-01 3.800251e-01 4.377697e-01 4.993709e-01 4.134775e-01 7.675145e-02 1.810600e-02 3.282377e-02 7.497817e-02 8.140866e-02 1.386392e-01 9.896457e-02 1.221681e-01 1.003264e-01 7.817446e-02 1.045791e-01 9.144883e-02 9.370990e-02 3.035657e-02
<GCONST> 9.264262e+01
<MIXTURE> 3 3.975823e-01
<MEAN> 52
 -2.074256e-01 2.981784e+00 6.976686e+00 4.123308e-01 -1.488584e+01 -3.588781e+00 -8.173553e+00 -7.771705e+00 -1.225078e+01 1.972844e-01 5.166258e-01 -7.494484e+00 6.938807e+01 1.582533e+00 7.447763e-03 -1.543258e+00 2.269011e+00 1.225276e+00 -5.576792e-01 5.045048e-01 -1.831493e+00 6.373482e-01 1.079051e+00 -1.912119e+00 1.417982e-02 -1.312011e+00 -2.104688e-01 -1.269980e-02 5.670074e-01 -2.828350e-01 -2.637964e-01 2.967138e-01 -3.156734e-01 -2.660326e-01 2.459453e-01 -1.338576e-01 -1.107581e-01 3.178933e-01 1.285606e-02 -1.739952e-01 4.879909e-02 1.988525e-01 -3.498773e-01 -1.810370e-01 1.405296e-01 -7.416703e-02 2.667154e-01 -1.161712e-01 -1.272169e-01 2.880372e-01 -3.865031e-02 1.697781e-01
<VARIANCE> 52
 1.378009e+01 2.477201e+01 4.928252e+01 7.640944e+01 4.379200e+01 4.532451e+01 6.677758e+01 5.886156e+01 5.432536e+01 6.227897e+01 5.556648e+01 4.491440e+01 2.003008e+01 6.111981e-01 9.306350e-01 2.396005e+00 3.169348e+00 3.042984e+00 5.025049e+00 4.021426e+00 4.445237e+00 3.472888e+00 4.168481e+00 3.123794e+00 2.438363e+00 5.220199e-01 1.370080e-01 1.622104e-01 2.990726e-01 5.882568e-01 4.788863e-01 6.619095e-01 4.585715e-01 7.285590e-01 5.454041e-01 5.988736e-01 5.889717e-01 3.333585e-01 1.104245e-01 2.565547e-02 4.314036e-02 1.353400e-01 1.358099e-01 1.439710e-01 2.035451e-01 1.635231e-01 1.757486e-01 1.457509e-01 1.734334e-01 1.308411e-01 9.253325e-02 2.266683e-02
<GCONST> 1.130783e+02
<STATE> 4
<NUMMIXES> 3
<MIXTURE> 1 5.469707e-01
<MEAN> 52
 1.955102e+00 3.259605e+00 7.833273e+00 2.712106e+00 -1.378733e+01 -1.047646e+00 -1.067731e+01 -1.331246e+01 -8.890843e+00 2.746477e+00 -3.718087e+00 -5.769931e+00 6.676488e+01 1.156477e-01 5.175698e-01 2.484239e-01 5.603816e-03 1.534158e-01 4.015040e-01 -2.584568e-01 -3.325052e-01 2.437175e-01 1.858200e-02 -4.961904e-01 2.971537e-01 -5.994917e-01 -2.407426e-01 1.054895e-01 1.355022e-01 -2.854753e-01 1.430394e-01 -4.666510e-02 1.141898e-02 4.086835e-01 -7.620349e-02 -1.727750e-01 2.119457e-01 -2.513178e-02 1.553919e-02 1.119857e-02 -6.711357e-02 -1.572759e-01 6.571274e-02 1.448242e-01 -1.070505e-01 6.839001e-02 3.937324e-02 5.960691e-02 1.313990e-02 -1.393332e-02 -3.339861e-02 4.593165e-03
<VARIANCE> 52
 6.493707e+00 2.581993e+01 2.945015e+01 5.269912e+01 3.091301e+01 3.191510e+01 6.804790e+01 3.295504e+01 3.851818e+01 3.963609e+01 3.650182e+01 3.348647e+01 1.127692e+01 2.039148e-01 5.439784e-01 7.054216e-01 7.774591e-01 9.849900e-01 1.073382e+00 1.332715e+00 1.576297e+00 1.540257e+00 1.207188e+00 1.163291e+00 8.658973e-01 2.270913e-01 8.155465e-02 1.134539e-01 1.620242e-01 3.083960e-01 2.874667e-01 3.108226e-01 3.367133e-01 3.682174e-01 3.327704e-01 3.951449e-01 3.146539e-01 2.282389e-01 6.980672e-02 1.460787e-02 2.727255e-02 3.842960e-02 4.972291e-02 5.115405e-02 5.770379e-02 6.456383e-02 6.933465e-02 8.049691e-02 6.446017e-02 5.949744e-02 4.970524e-02 1.941793e-02
<GCONST> 7.679884e+01
<MIXTURE> 2 1.568749e-01
<MEAN> 52
 -6.024727e+00 -1.461347e+00 -3.824569e-01 -1.842994e+01 -1.084809e+01 -6.815099e+00 -2.037311e+01 -1.164478e+01 -1.115269e+01 -6.205436e+00 -2.206814e+01 -2.584344e-01 6.863149e+01 1.367060e+00 -3.652582e-01 -1.507612e+00 2.984303e+00 -2.563326e-01 -2.655303e+00 2.169627e+00 -9.291224e-01 -1.010002e+00 2.526983e-01 6.675608e-02 -2.236641e-01 -8.530677e-01 -9.857354e-02 6.661091e-02 1.503969e-01 -1.684685e-01 -3.534275e-02 -2.895291e-02 1.441381e-01 -1.377297e-01 -9.427056e-03 1.974074e-01 7.238781e-02 4.466699e-02 1.748515e-02 -9.520986e-02 7.711611e-02 1.500059e-01 -3.361436e-01 5.914383e-02 3.865919e-01 -3.840389e-01 1.705359e-01 1.287107e-01 -1.327629e-01 -1.320555e-02 2.477036e-02 4.458519e-02
<VARIANCE> 52
 1.558855e+01 2.700064e+01 2.167359e+01 5.907224e+01 3.763234e+01 4.813654e+01 4.870633e+01 7.209538e+01 3.427735e+01 5.897024e+01 3.248084e+01 4.526393e+01 1.043847e+01 2.965467e-01 6.325105e-01 1.186884e+00 1.375261e+00 1.775937e+00 2.639803e+00 1.543662e+00 1.803112e+00 2.258246e+00 2.845032e+00 1.523869e+00 1.742971e+00 2.217766e-01 7.809866e-02 1.163402e-01 2.346851e-01 5.405656e-01 3.165567e-01 8.225569e-01 7.491318e-01 4.153387e-01 4.076558e-01 5.235131e-01 2.312141e-01 2.885716e-01 3.543322e-02 1.076459e-02 2.294032e-02 4.266015e-02 7.536758e-02 7.542434e-02 1.087436e-01 7.602624e-02 6.440718e-02 7.216076e-02 8.993331e-02 5.324597e-02 7.487364e-02 6.746538e-03
<GCONST> 8.779826e+01
<MIXTURE> 3 2.961544e-01
<MEAN> 52
 -8.462467e-01 -2.294032e+00 -2.979662e+00 -1.189198e+01 -1.305876e+01 -1.338229e+01 -1.580501e+01 -1.347676e+01 -1.300378e+01 -6.066554e+00 -2.156446e+01 6.476106e-01 6.396075e+01 3.667279e-01 4.906121e-01 8.387262e-02 2.582871e-01 -3.482905e-01 7.790456e-02 -2.806743e-01 -2.456753e-01 2.284646e-01 -3.059885e-01 4.412155e-01 -3.445475e-01 -6.086400e-01 -1.671684e-01 1.305330e-01 1.871585e-01 -6.331103e-02 -4.072738e-02 2.685375e-01 -1.400809e-01 1.314682e-01 5.137907e-02 -1.143464e-01 1.445406e-01 -1.401513e-01 -2.823337e-02 -8.080045e-03 -4.066294e-02 -4.112511e-02 1.383967e-01 9.415467e-02 -9.386374e-02 1.418382e-01 2.079509e-03 -1.995135e-02 2.663375e-02 1.400277e-02 8.142624e-03 -2.290571e-02
<VARIANCE> 52
 1.121438e+01 3.173631e+01 1.209452e+01 3.209825e+01 4.705256e+01 3.172012e+01 2.568186e+01 5.891652e+01 3.727911e+01 4.746686e+01 7.094735e+01 5.611296e+01 3.161525e+01 1.818704e-01 4.187680e-01 5.209494e-01 6.372738e-01 9.952250e-01 1.045726e+00 8.850191e-01 1.239704e+00 1.157457e+00 1.466687e+00 1.273222e+00 1.197185e+00 9.966629e-02 5.279857e-02 5.903622e-02 1.372327e-01 2.478972e-01 2.345756e-01 2.943125e-01 2.680752e-01 2.615855e-01 2.338207e-01 2.557599e-01 2.655976e-01 1.763178e-01 2.938387e-02 1.127273e-02 1.403647e-02 2.592093e-02 3.640716e-02 4.395291e-02 4.712088e-02 4.304994e-02 4.754613e-02 4.627427e-02 5.115749e-02 5.240334e-02 4.284490e-02 5.473385e-03
<GCONST> 6.702863e+01
<STATE> 5
<NUMMIXES> 3
<MIXTURE> 1 2.933549e-01
<MEAN> 52
 -5.296207e-01 7.804180e+00 7.524597e+00 4.487975e+00 -5.205855e+00 -1.554215e+00 -7.086690e+00 -1.065224e+01 -7.878517e+00 1.070365e+00 -5.411524e+00 -4.752374e+00 6.244156e+01 -1.696784e+00 -1.471772e+00 -1.742784e+00 -2.252786e+00 1.893189e+00 -1.272106e+00 -9.164379e-01 2.115316e+00 2.727292e+00 -8.318817e-01 6.668881e-01 1.212269e-01 2.102098e+00 2.869864e-01 -7.689198e-01 -5.991333e-01 -9.037496e-01 -6.455964e-01 2.028195e-01 -7.449671e-01 3.135262e-01 5.356733e-01 3.129855e-01 4.506165e-01 -2.310950e-01 1.128292e+00 3.684763e-01 2.132548e-01 1.998513e-01 1.326616e-01 -2.850612e-01 4.577563e-01 6.987574e-02 -3.601863e-01 -4.661131e-01 1.854998e-01 -2.959611e-02 -2.015434e-02 -3.263165e-01
<VARIANCE> 52
 1.211111e+01 1.026150e+01 1.152517e+01 1.563421e+01 3.812454e+01 2.922479e+01 3.623967e+01 3.750526e+01 3.434692e+01 3.093802e+01 2.216251e+01 2.749956e+01 1.905238e+01 1.110076e+00 1.694077e+00 1.821591e+00 3.011702e+00 3.714074e+00 3.298473e+00 3.877613e+00 3.078782e+00 3.707330e+00 4.513214e+00 3.364418e+00 2.808975e+00 1.732272e+00 3.024337e-01 3.265501e-01 2.684634e-01 4.295928e-01 5.928036e-01 8.036163e-01 7.878156e-01 8.904617e-01 6.970264e-01 6.397867e-01 5.867015e-01 4.198973e-01 2.829016e-01 4.783013e-02 7.515806e-02 6.634460e-02 1.140274e-01 1.515505e-01 1.311940e-01 1.970991e-01 1.347195e-01 1.358608e-01 1.910507e-01 1.300080e-01 1.167290e-01 7.852042e-02
<GCONST> 1.115919e+02
<MIXTURE> 2 2.642545e-01
<MEAN> 52
 -1.917167e+00 2.750042e+00 -4.039384e-01 -8.301167e+00 -1.357556e+01 -1.072674e+01 -1.622864e+01 -1.496021e+01 -1.200133e+01 -8.677042e+00 -1.446809e+01 -4.397782e+00 5.982967e+01 -9.439247e-01 3.027939e-01 7.167405e-01 1.494252e+00 1.241748e+00 3.696064e-01 1.083580e+00 7.057623e-01 5.669455e-01 -4.892007e-01 1.308637e+00 -2.352382e-01 -9.655581e-01 -3.778084e-01 -4.320140e-01 -3.288344e-01 -6.114368e-02 3.930619e-01 -1.001090e-04 4.386751e-01 4.815359e-01 3.547501e-01 3.007763e-01 2.863344e-01 2.787151e-01 4.279467e-01 6.942780e-02 -1.440561e-01 -2.486684e-01 -3.487960e-01 -1.932452e-01 -8.040331e-02 -1.394254e-01 8.185834e-02 6.005839e-02 1.030421e-01 -7.278541e-02 5.072030e-02 3.349881e-01
<VARIANCE> 52
 2.180283e+01 1.852661e+01 1.571504e+01 3.520256e+01 3.436736e+01 2.267068e+01 2.724468e+01 2.200009e+01 2.023804e+01 3.825975e+01 4.114669e+01 3.151141e+01 2.674703e+01 9.676442e-01 1.453046e+00 1.651021e+00 1.816140e+00 2.750000e+00 2.263930e+00 2.533165e+00 2.754371e+00 2.536683e+00 2.855715e+00 2.907151e+00 2.224305e+00 5.860959e-01 2.474923e-01 1.922307e-01 3.541814e-01 5.196901e-01 5.148513e-01 3.440034e-01 3.702675e-01 2.998488e-01 3.617686e-01 4.863017e-01 4.649072e-01 3.704724e-01 4.249475e-01 6.154140e-02 5.186033e-02 6.191357e-02 1.015321e-01 1.310146e-01 9.765448e-02 1.177554e-01 8.752361e-02 9.213310e-02 1.131057e-01 1.296099e-01 8.102958e-02 4.899225e-02
<GCONST> 1.016634e+02
<MIXTURE> 3 4.423907e-01
<MEAN> 52
 1.694016e+00 6.341938e+00 8.701561e+00 2.696223e+00 -1.079631e+01 -8.497785e-01 -9.160527e+00 -1.118982e+01 -8.695363e+00 1.978750e+00 -4.589459e+00 -5.237308e+00 6.304354e+01 -7.486638e-01 3.540916e-01 1.554293e-02 -3.161074e-01 1.881191e+00 -2.075873e-01 3.972905e-01 8.661429e-01 4.268761e-01 -3.109120e-01 -1.264176e-01 2.390134e-01 -1.089906e+00 -4.594925e-01 -4.830485e-01 -5.438000e-01 -3.629450e-01 3.059666e-01 -3.529275e-01 -2.979326e-02 3.451544e-01 4.692335e-01 -2.462028e-01 2.325519e-01 4.124745e-02 5.736552e-01 9.482659e-02 -1.627709e-01 -1.697292e-01 -1.383314e-01 -2.532774e-01 5.462053e-02 -2.219220e-01 -8.426786e-02 1.119370e-01 1.049039e-01 1.822102e-02 -4.702741e-02 3.369201e-01
<VARIANCE> 52
 7.045643e+00 1.621881e+01 2.081743e+01 4.331096e+01 2.897231e+01 2.813452e+01 4.131908e+01 3.046532e+01 3.331725e+01 3.287673e+01 2.900056e+01 3.094247e+01 1.376476e+01 6.085179e-01 1.073715e+00 8.015379e-01 1.197715e+00 1.531448e+00 1.959368e+00 2.487368e+00 2.611381e+00 2.046999e+00 2.011024e+00 2.044333e+00 1.676310e+00 5.186589e-01 1.068823e-01 1.816331e-01 2.624739e-01 3.731212e-01 4.361288e-01 4.442608e-01 5.093780e-01 5.760874e-01 5.284760e-01 3.747979e-01 4.002057e-01 3.483155e-01 2.940096e-01 4.177571e-02 5.226930e-02 4.777130e-02 7.940180e-02 7.502729e-02 1.111208e-01 1.411048e-01 1.316497e-01 9.913012e-02 1.071656e-01 9.516408e-02 8.599468e-02 3.478674e-02
<GCONST> 9.473848e+01
<STATE> 6
<NUMMIXES> 3
<MIXTURE> 1 4.602460e-01
<MEAN> 52
 -7.676332e+00 -1.601480e+00 -2.797204e+00 -7.041396e+00 -6.477109e+00 -1.063017e+01 -1.001059e+01 -2.557261e+00 -6.813471e-01 -2.644382e+00 -5.600120e+00 -1.733606e+00 7.237109e+01 4.767291e-01 -2.545043e+00 -2.558328e+00 -3.953190e+00 4.449542e-01 4.476371e-01 -2.553446e+00 1.888036e+00 2.116600e+00 1.212112e+00 -4.644843e-01 -7.658077e-01 3.917695e+00 9.741347e-01 2.018133e-01 2.257212e-01 -3.825806e-01 1.375551e-02 1.334990e+00 -4.663467e-01 -8.441266e-01 -7.643581e-01 3.573658e-01 -2.925924e-03 -5.159311e-01 -6.643710e-01 -1.222827e-01 4.057785e-01 2.943459e-01 5.089082e-01 9.418964e-02 6.731010e-02 5.518517e-01 -2.557091e-01 -4.048480e-01 -2.703898e-01 2.192851e-01 1.566559e-01 -6.596749e-01
<VARIANCE> 52
 2.182747e+01 2.835238e+01 4.013974e+01 6.349195e+01 3.932433e+01 4.406573e+01 4.152804e+01 5.208778e+01 4.639059e+01 4.077899e+01 3.325230e+01 2.545071e+01 2.548543e+01 1.993921e+00 1.590503e+00 1.570181e+00 2.753394e+00 4.740613e+00 5.288340e+00 6.480328e+00 6.574095e+00 4.776040e+00 3.932867e+00 6.647495e+00 3.006286e+00 2.125150e+00 4.370438e-01 3.737686e-01 4.520076e-01 7.740847e-01 1.186815e+00 7.563151e-01 1.065662e+00 7.748029e-01 5.635116e-01 8.239109e-01 1.224391e+00 5.464253e-01 5.491291e-01 9.252980e-02 7.212335e-02 7.154585e-02 1.166234e-01 1.796689e-01 2.303327e-01 2.500325e-01 2.605743e-01 1.643240e-01 1.626046e-01 3.047454e-01 1.337697e-01 9.495008e-02
<GCONST> 1.289568e+02
<MIXTURE> 2 2.349995e-01
<MEAN> 52
 -5.882036e+00 1.011531e+00 2.918150e+00 -4.977135e+00 -7.032795e+00 -6.578988e+00 -1.039085e+01 -9.955919e+00 -7.069125e+00 -6.069084e+00 -6.669006e+00 -3.758235e+00 5.737987e+01 -2.416920e+00 -1.423560e+00 -2.405786e+00 -6.295587e-01 3.740548e-01 -1.408461e+00 1.393647e+00 2.105214e+00 1.607649e+00 2.742815e-01 1.483884e+00 1.078931e+00 2.948413e+00 4.470988e-01 -5.400640e-01 -7.647400e-01 -1.262141e+00 -4.699664e-01 -2.059912e-01 -9.548660e-01 2.956198e-01 1.218754e-01 4.373014e-01 -6.157399e-01 -1.380145e-01 1.568285e+00 4.602812e-01 1.234348e-01 2.810106e-01 -1.291110e-01 1.662077e-01 4.090073e-01 -3.421647e-01 -2.124131e-01 -2.007163e-01 5.560618e-02 -2.582124e-01 -3.022486e-01 -3.994608e-01
<VARIANCE> 52
 2.995930e+01 1.771907e+01 4.490457e+01 2.219597e+01 3.469041e+01 3.561821e+01 3.255792e+01 3.473354e+01 2.499100e+01 3.313622e+01 5.029852e+01 1.689721e+01 2.504502e+01 1.731430e+00 1.903588e+00 2.295926e+00 3.733507e+00 3.221153e+00 4.762961e+00 3.148598e+00 3.844061e+00 2.110821e+00 3.217341e+00 5.251583e+00 2.134141e+00 4.247319e+00 4.981574e-01 3.906808e-01 3.516083e-01 6.289611e-01 6.988851e-01 1.001713e+00 9.049557e-01 8.678146e-01 5.319323e-01 7.344720e-01 9.808977e-01 4.954911e-01 2.398262e-01 7.957924e-02 7.561690e-02 1.026027e-01 1.717786e-01 1.820802e-01 2.228045e-01 1.255157e-01 1.581977e-01 8.710454e-02 1.469922e-01 2.514716e-01 8.460546e-02 1.977922e-01
<GCONST> 1.209900e+02
<MIXTURE> 3 3.047544e-01
<MEAN> 52
 -4.653357e-01 -2.497570e+00 -7.979671e-01 -1.090290e+01 -6.745039e+00 1.309177e+00 -1.971737e+01 -4.684099e+00 6.553881e-01 4.134521e+00 2.721013e-01 -9.136416e+00 7.506087e+01 2.177090e+00 -1.241210e+00 -1.231480e+00 -3.783659e+00 -9.925563e-01 3.887433e+00 -1.961947e+00 -6.749532e-02 -6.240807e-01 1.038865e+00 2.159657e+00 -9.371328e-01 1.262636e+00 1.469996e-01 7.362426e-01 4.544274e-01 6.175240e-01 -1.251310e-01 4.172093e-01 1.484917e+00 -3.606024e-01 -1.215631e+00 -6.478779e-01 -1.048515e-01 5.433746e-01 -1.165038e+00 -4.366878e-01 1.453948e-01 5.864274e-02 4.616119e-01 2.170434e-01 -6.678160e-01 3.969582e-01 1.652562e-01 1.802653e-01 -2.973861e-01 -3.606815e-01 1.804112e-01 -9.194688e-02
<VARIANCE> 52
 1.105857e+01 2.483962e+01 2.978168e+01 5.405770e+01 3.108471e+01 3.752358e+01 5.363609e+01 4.226722e+01 4.032603e+01 4.361671e+01 4.155078e+01 2.507309e+01 1.637323e+01 1.708937e+00 1.689102e+00 2.221527e+00 3.051370e+00 3.399419e+00 3.628298e+00 6.629130e+00 4.666027e+00 3.734388e+00 5.443682e+00 3.186045e+00 3.345968e+00 1.555652e+00 2.866191e-01 2.696923e-01 2.683668e-01 4.251716e-01 5.325471e-01 7.144827e-01 5.988482e-01 6.724109e-01 5.903360e-01 6.670262e-01 6.428462e-01 4.845337e-01 2.100051e-01 6.833481e-02 7.772144e-02 1.090368e-01 1.087092e-01 1.353865e-01 1.414436e-01 2.496664e-01 1.882030e-01 1.499179e-01 1.995794e-01 1.329104e-01 1.674843e-01 8.154830e-02
<GCONST> 1.185396e+02
<STATE> 7
<NUMMIXES> 3
<MIXTURE> 1 4.654632e-01
<MEAN> 52
 1.417747e+00 -1.992207e+00 -5.104519e+00 -1.642071e+01 -5.632167e+00 6.622838e+00 -1.559794e+01 -6.899463e+00 -3.769901e+00 1.782497e+00 2.351355e+00 -6.132682e+00 7.413867e+01 8.533319e-01 6.409209e-01 -5.759938e-01 -1.175282e+00 -4.495457e-01 1.766071e+00 2.014056e+00 1.088105e-01 -2.218573e+00 -1.454229e+00 1.065923e+00 8.661460e-01 -6.891143e-01 -3.357907e-01 3.113187e-01 4.714648e-01 9.811807e-01 -1.430875e-01 -9.624844e-01 7.677217e-01 3.312522e-01 -5.726912e-02 -5.197782e-01 -7.534681e-01 1.459259e-01 -3.548739e-01 -7.711383e-02 -2.376531e-01 -5.858570e-03 -3.160314e-03 5.729263e-02 -2.074339e-01 -4.578294e-01 4.790802e-02 4.493380e-01 2.678212e-01 -1.882115e-01 -2.387715e-01 2.865119e-01
<VARIANCE> 52
 9.029208e+00 2.378350e+01 4.638272e+01 5.671289e+01 3.373987e+01 4.313033e+01 7.110564e+01 6.290267e+01 7.114719e+01 6.739606e+01 5.407135e+01 2.947046e+01 1.394381e+01 2.404285e-01 6.928160e-01 8.366800e-01 1.478413e+00 1.224006e+00 2.087966e+00 2.082418e+00 2.302247e+00 1.633596e+00 2.854736e+00 2.019667e+00 1.612281e+00 3.245913e-01 1.130591e-01 2.032031e-01 2.290393e-01 2.652461e-01 4.342126e-01 4.300415e-01 6.757726e-01 5.699599e-01 5.928302e-01 5.903777e-01 5.356076e-01 5.793579e-01 1.473675e-01 2.255523e-02 2.784514e-02 4.673351e-02 5.299765e-02 7.434076e-02 1.189467e-01 1.133305e-01 1.235144e-01 8.095157e-02 1.296334e-01 1.198584e-01 7.285336e-02 2.346349e-02
<GCONST> 9.674585e+01
<MIXTURE> 2 3.060997e-01
<MEAN> 52
 -4.646488e+00 -8.727944e+00 -1.130263e+01 -2.036975e+01 9.824404e-02 -7.110185e+00 -1.543054e+01 -1.974983e+00 -1.243107e+00 -6.956879e-01 -1.305689e+01 -4.505375e+00 7.503168e+01 6.807709e-01 -7.571001e-02 -1.374321e+00 -1.670097e+00 2.146631e+00 2.180316e+00 -6.221566e-01 -1.516142e+00 -1.496777e+00 4.357626e-01 6.366300e-01 -1.103418e+00 -2.540196e-01 -7.411020e-02 6.666878e-01 4.304182e-01 7.777500e-01 -5.146064e-01 -8.098135e-02 6.567214e-01 -4.415696e-01 -9.209719e-01 -4.941016e-01 9.395673e-01 2.419254e-01 -7.371914e-01 -9.419177e-02 -1.651082e-01 3.392018e-02 1.424599e-02 -2.759873e-01 -4.074469e-01 1.317581e-01 4.659527e-01 1.800882e-01 -7.262942e-02 -1.113085e-01 2.043049e-01 3.065037e-01
<VARIANCE> 52
 1.281572e+01 1.934366e+01 4.628569e+01 5.052990e+01 4.642466e+01 3.475091e+01 5.400763e+01 8.313723e+01 7.845934e+01 5.505861e+01 2.757778e+01 2.327495e+01 2.966880e+01 4.795668e-01 9.220067e-01 8.547281e-01 1.009577e+00 2.766390e+00 2.134209e+00 2.058206e+00 1.965695e+00 3.099408e+00 3.200345e+00 4.100451e+00 1.386261e+00 3.890714e-01 1.523873e-01 1.921533e-01 1.795195e-01 1.919773e-01 4.954221e-01 6.900064e-01 6.189347e-01 1.047970e+00 5.679895e-01 5.489928e-01 6.214371e-01 4.227869e-01 2.556845e-01 3.500341e-02 4.006585e-02 3.759985e-02 5.221110e-02 1.390021e-01 1.231236e-01 1.082034e-01 9.240973e-02 1.018616e-01 1.361862e-01 2.547009e-01 6.773810e-02 2.506317e-02
<GCONST> 1.023886e+02
<MIXTURE> 3 2.284372e-01
<MEAN> 52
 1.346640e+00 -4.523238e+00 -2.639040e+00 -2.526705e+01 -5.890387e+00 9.737093e+00 -1.992203e+01 -4.344176e+00 -8.770041e+00 3.599873e+00 2.518495e+00 -5.543800e+00 7.428506e+01 4.405568e-01 2.402727e-01 -1.180383e-01 -2.090179e-01 9.261789e-02 4.216244e-01 1.244931e+00 4.922664e-01 -8.925921e-01 -1.766009e+00 7.012228e-01 5.871869e-01 -4.852786e-01 -9.236050e-02 -5.062613e-02 8.823160e-02 6.313090e-01 -6.134011e-02 -5.912728e-01 8.625578e-02 1.021309e-01 1.573966e-01 -8.932300e-02 -2.504711e-01 -3.270430e-01 -2.642342e-02 4.991915e-02 -7.132430e-02 1.421891e-03 -8.770303e-02 -4.942653e-02 1.180754e-01 -1.887442e-01 -7.127096e-02 2.923287e-02 2.649650e-01 -5.201343e-02 -1.597097e-01 7.526131e-02
<VARIANCE> 52
 1.010681e+01 8.959991e+00 3.101129e+01 2.828065e+01 2.774813e+01 4.072355e+01 1.279135e+01 2.124716e+01 1.791203e+01 3.407672e+01 2.364907e+01 2.441908e+01 6.540789e+00 5.209390e-02 2.482622e-01 1.819062e-01 1.143635e+00 4.872473e-01 9.914177e-01 6.619508e-01 9.339560e-01 7.350561e-01 1.237773e+00 7.005619e-01 9.189758e-01 3.996433e-02 1.628445e-02 5.592678e-02 5.192574e-02 7.561532e-02 9.839272e-02 1.596929e-01 1.906562e-01 1.605114e-01 1.642725e-01 3.137908e-01 1.319290e-01 1.595493e-01 1.029904e-02 1.067579e-02 1.748736e-02 1.472780e-02 2.508033e-02 2.103615e-02 2.786198e-02 5.739380e-02 3.404444e-02 2.678429e-02 5.471588e-02 3.837668e-02 6.070755e-02 7.363562e-03
<GCONST> 4.400524e+01
<STATE> 8
<NUMMIXES> 3
<MIXTURE> 1 3.036428e-01
<MEAN> 52
 2.470773e+00 -4.065554e+00 -2.817007e-01 -1.876240e+01 -9.772766e+00 7.232624e+00 -1.292315e+01 -1.528880e+00 -9.459495e+00 -4.831185e+00 5.113811e-01 -8.612817e+00 7.179930e+01 -2.585922e-02 3.639907e-02 5.041241e-01 1.124203e+00 -2.207015e-01 -6.274369e-01 2.110811e-01 3.044951e-01 1.460104e-02 -2.151428e-01 -6.552257e-01 -4.129375e-01 -4.220138e-01 -2.703047e-02 6.986460e-02 1.795196e-02 4.061177e-02 5.158464e-02 -5.214674e-02 -1.312344e-01 -8.532898e-02 1.333364e-01 1.717055e-01 -8.311711e-02 3.009960e-02 -4.965965e-02 1.031021e-02 2.887612e-02 -1.879748e-02 -4.314068e-02 3.278596e-02 3.399775e-02 4.486113e-02 -2.226325e-02 -4.679520e-03 -3.862407e-02 3.348670e-02 5.631207e-02 -2.479635e-02
<VARIANCE> 52
 4.327592e+00 1.941978e+01 1.677681e+01 2.525706e+01 6.379828e+01 2.244428e+01 4.910658e+01 2.126764e+01 2.710610e+01 2.735514e+01 2.758631e+01 2.159441e+01 8.534122e+00 8.334082e-02 2.297987e-01 4.413052e-01 4.631742e-01 7.793642e-01 5.197886e-01 1.359326e+00 7.096367e-01 1.010667e+00 9.428443e-01 1.195759e+00 9.229252e-01 6.648567e-02 1.009509e-02 3.430998e-02 6.932228e-02 8.247247e-02 1.167069e-01 1.013170e-01 2.114173e-01 1.299569e-01 1.743286e-01 1.443599e-01 2.055313e-01 1.619686e-01 1.067095e-02 2.231141e-03 7.142509e-03 1.528466e-02 2.027687e-02 2.549348e-02 2.663671e-02 3.693536e-02 3.151730e-02 3.775868e-02 2.581426e-02 3.911212e-02 4.221104e-02 1.556881e-03
<GCONST> 4.049643e+01
<MIXTURE> 2 2.755797e-01
<MEAN> 52
 -4.628099e+00 -9.716436e+00 -1.567349e+01 -2.500867e+01 4.987115e+00 -7.111292e+00 -9.825452e+00 -3.023960e+00 -1.750508e+01 -3.696568e+00 -9.042495e+00 -7.690994e+00 7.312007e+01 3.563555e-01 6.244719e-02 1.952154e-01 2.990953e-01 -2.919152e-01 -3.748885e-01 1.156509e+00 -4.667874e-02 -1.818311e+00 1.027247e-01 -3.516813e-01 1.298730e-02 -4.682481e-01 -1.162535e-03 7.745949e-03 1.641647e-01 1.107090e-01 -2.360398e-01 -1.714697e-01 -5.590860e-02 5.954102e-02 4.117397e-01 8.925428e-02 -3.630649e-01 1.208832e-01 -4.581456e-03 -1.188615e-02 -8.168614e-03 -2.610247e-02 -6.452491e-02 6.852333e-02 6.663104e-02 -1.097166e-01 -4.034125e-02 7.960089e-02 -1.107827e-02 1.007476e-02 -4.570683e-02 9.609730e-03
<VARIANCE> 52
 8.743257e+00 9.343562e+00 1.800657e+01 1.913343e+01 3.369755e+01 1.270324e+01 3.010249e+01 3.890311e+01 5.372235e+01 1.792859e+01 2.157765e+01 1.775159e+01 1.592452e+01 1.426230e-01 1.806495e-01 5.713534e-01 4.961328e-01 9.495026e-01 9.260997e-01 7.989640e-01 5.262975e-01 2.614897e+00 1.150362e+00 2.868320e+00 1.032425e+00 5.674034e-02 2.411379e-02 3.573266e-02 4.830545e-02 1.015741e-01 1.000368e-01 2.202206e-01 1.531112e-01 1.130866e-01 2.156699e-01 2.039353e-01 3.178646e-01 1.426659e-01 7.875963e-03 5.567015e-03 8.021312e-03 1.053314e-02 2.064170e-02 2.420563e-02 3.784780e-02 2.537107e-02 2.289742e-02 7.065124e-02 4.782673e-02 9.345889e-02 3.223145e-02 3.290455e-03
<GCONST> 4.651423e+01
<MIXTURE> 3 4.207776e-01
<MEAN> 52
 3.708973e+00 7.137371e-01 -5.484717e+00 -1.444276e+01 -8.716449e+00 7.511241e+00 -7.254866e+00 -4.120469e+00 -7.697265e+00 -4.585098e+00 1.314032e+00 -5.989605e+00 7.158109e+01 1.498148e-01 3.196923e-01 7.951552e-01 1.273897e+00 -8.527014e-01 -6.884748e-01 1.522128e+00 2.239813e-01 -4.867876e-01 -5.553698e-01 -1.810625e+00 -2.930732e-01 -6.348686e-01 -2.356264e-01 -1.318551e-01 4.154031e-01 4.481697e-01 1.315955e-01 -3.773690e-01 -5.037445e-01 -3.386632e-01 5.254963e-01 4.145971e-01 -4.378836e-01 7.201423e-03 5.515203e-02 4.555483e-02 -2.381796e-02 -1.025948e-01 -1.793750e-01 9.911238e-02 2.173709e-01 -2.068775e-01 -8.640961e-02 -3.898172e-02 5.374585e-02 3.141108e-01 8.924630e-02 3.348884e-02
<VARIANCE> 52
 7.806316e+00 2.210509e+01 4.229578e+01 5.191985e+01 3.985233e+01 5.020660e+01 6.294120e+01 6.604533e+01 6.829977e+01 7.745879e+01 5.379966e+01 3.220635e+01 1.153204e+01 2.502940e-01 7.029824e-01 1.159203e+00 1.488253e+00 1.682908e+00 1.902231e+00 2.158575e+00 3.039467e+00 3.231917e+00 3.006421e+00 2.503837e+00 2.477855e+00 2.227823e-01 4.006313e-02 9.182300e-02 1.834500e-01 2.360964e-01 2.933803e-01 3.459844e-01 4.401276e-01 4.094040e-01 3.548994e-01 5.040571e-01 5.188423e-01 4.153888e-01 4.038779e-02 1.085793e-02 2.832456e-02 5.083870e-02 4.337775e-02 7.749380e-02 7.532170e-02 1.091531e-01 1.086825e-01 1.037296e-01 1.124912e-01 1.110030e-01 1.011744e-01 1.459401e-02
<GCONST> 9.111523e+01
<STATE> 9
<NUMMIXES> 3
<MIXTURE> 1 6.230365e-01
<MEAN> 52
 2.540369e+00 1.831464e+00 3.004350e+00 -6.230855e+00 -1.077720e+01 4.346484e+00 -7.428453e+00 -6.543505e+00 -5.052411e+00 -1.874444e+00 -4.911451e+00 -5.489432e+00 6.815559e+01 -2.204221e-01 2.480365e-01 7.128007e-01 1.081017e+00 4.526671e-01 -4.324860e-01 -3.291914e-01 -5.882714e-01 1.381232e-01 3.070959e-01 -4.722112e-01 1.996961e-01 -6.066459e-01 7.727828e-05 9.339874e-02 -1.093456e-01 3.164480e-02 1.479032e-01 3.327816e-02 -4.857775e-02 -1.121190e-02 -8.198865e-02 4.026501e-02 2.060109e-01 -1.858880e-02 -8.195907e-02 1.475833e-02 2.686390e-02 -3.502870e-02 -2.399413e-02 -3.538032e-02 2.291166e-02 1.011054e-01 4.886946e-02 -4.127909e-02 -4.986755e-02 -7.779448e-03 -5.845717e-03 -2.569392e-02
<VARIANCE> 52
 7.114664e+00 1.893439e+01 3.425729e+01 3.907216e+01 4.311012e+01 3.238240e+01 5.319646e+01 5.666782e+01 4.687509e+01 5.561493e+01 2.654312e+01 3.589216e+01 1.771367e+01 2.059778e-01 5.118024e-01 1.412347e+00 1.123634e+00 1.185057e+00 1.212850e+00 2.285420e+00 1.833970e+00 1.643260e+00 1.782793e+00 1.764632e+00 1.534230e+00 2.007740e-01 4.128285e-02 9.900051e-02 2.400621e-01 1.979842e-01 2.720452e-01 2.377210e-01 4.106753e-01 3.262569e-01 2.870871e-01 2.962560e-01 4.151915e-01 2.924324e-01 4.203473e-02 9.538015e-03 2.067111e-02 5.177959e-02 4.130068e-02 5.398140e-02 5.335167e-02 8.763982e-02 7.068460e-02 6.737747e-02 7.148015e-02 8.298814e-02 6.810542e-02 6.839474e-03
<GCONST> 7.885042e+01
<MIXTURE> 2 1.360212e-01
<MEAN> 52
 -4.275599e+00 -1.142619e+01 -4.671226e+00 -2.354758e+01 -2.541116e+00 -1.468156e+01 -9.216717e+00 2.311990e+00 -1.715566e+01 -3.569351e+00 -1.847112e+01 -3.527417e+00 7.239227e+01 7.377841e-02 4.490345e-02 6.845566e-01 4.966648e-01 -4.844557e-01 -5.795469e-01 -1.028445e-01 3.971083e-02 1.146342e-01 -5.356032e-01 -4.735830e-01 -2.001154e-01 -4.400289e-01 -2.152396e-02 4.105471e-02 -1.543079e-01 6.500896e-02 5.231629e-02 1.533592e-01 -7.393361e-02 -1.023595e-01 -3.225542e-02 -1.035931e-01 2.491224e-01 -8.822235e-02 -4.340556e-02 6.640149e-03 2.917150e-02 -3.542371e-02 -8.091948e-03 -1.077261e-02 1.221491e-02 1.632504e-02 -1.204481e-02 -2.534569e-02 1.112787e-02 1.706994e-03 3.198862e-02 -1.826666e-02
<VARIANCE> 52
 2.863297e+00 1.129779e+01 8.064874e+01 2.045423e+01 5.358390e+01 1.645938e+01 2.219501e+01 1.432599e+01 6.334754e+00 1.396733e+01 1.159473e+01 6.730014e+00 2.694012e+00 1.217065e-01 2.098801e-01 4.914259e-01 5.157240e-01 4.021197e-01 9.344401e-01 6.044922e-01 9.820719e-01 6.165010e-01 6.961432e-01 1.342062e+00 6.147076e-01 6.633000e-02 2.465418e-02 4.633523e-02 6.390207e-02 8.681902e-02 8.436652e-02 1.074718e-01 9.554148e-02 1.272528e-01 1.037845e-01 1.101722e-01 1.876224e-01 1.018463e-01 1.492126e-02 4.956636e-03 8.927086e-03 1.205940e-02 2.141054e-02 1.633555e-02 3.301169e-02 1.556729e-02 3.362051e-02 2.870678e-02 2.379077e-02 4.526779e-02 2.244289e-02 2.112442e-03
<GCONST> 3.111329e+01
<MIXTURE> 3 2.409424e-01
<MEAN> 52
 -1.618228e-01 -5.788468e+00 -8.839125e+00 -1.450937e+01 -6.922096e+00 -7.228039e+00 -1.495754e+01 -5.560441e+00 -2.065970e+01 -1.468481e+01 -1.273499e+01 -6.618174e+00 6.430759e+01 -1.189761e-01 3.137483e-01 8.518009e-01 7.002196e-01 -2.453515e-01 -5.567126e-01 -7.426370e-01 -9.983537e-02 2.916782e-02 -3.637943e-01 -3.997388e-01 1.738914e-01 -5.655039e-01 -7.607892e-03 6.057831e-02 -4.047879e-02 -6.072993e-02 4.511422e-02 2.919601e-02 -8.105815e-02 -1.003198e-01 1.773336e-01 1.265959e-01 1.280841e-01 -2.376567e-02 -4.678871e-02 1.947608e-02 2.932506e-02 -1.844372e-02 7.884491e-03 -2.255577e-02 1.661758e-02 9.150581e-02 -3.347486e-02 -1.930329e-02 5.176331e-03 3.621737e-02 -8.306635e-03 -2.051910e-02
<VARIANCE> 52
 4.213797e+00 2.170221e+01 3.760750e+01 2.435084e+01 4.580185e+01 2.919160e+01 7.974123e+01 3.394920e+01 6.700138e+01 1.397589e+02 3.040814e+01 6.451826e+01 5.521121e+01 2.085273e-01 4.076990e-01 1.243354e+00 1.199154e+00 1.608945e+00 1.624488e+00 2.125576e+00 1.207823e+00 2.288362e+00 1.691601e+00 1.112605e+00 1.605231e+00 1.273710e-01 3.064081e-02 6.117907e-02 1.796626e-01 1.612877e-01 2.416663e-01 2.976652e-01 4.229656e-01 2.658310e-01 3.547359e-01 3.396930e-01 2.168255e-01 3.662241e-01 1.903253e-02 6.925033e-03 1.139056e-02 3.526071e-02 4.127774e-02 5.952831e-02 6.981247e-02 8.129766e-02 5.263400e-02 5.790346e-02 8.012936e-02 4.740392e-02 8.275242e-02 4.014962e-03
<GCONST> 7.585756e+01
<STATE> 10
<NUMMIXES> 3
<MIXTURE> 1 4.373985e-01
<MEAN> 52
 2.245413e+00 3.434378e+00 5.030154e+00 -4.833927e-01 -8.259561e+00 8.571296e-01 -9.722397e+00 -9.803175e+00 -7.511444e+00 2.143296e+00 -5.678900e+00 -5.400205e+00 6.595887e+01 -1.387949e-01 1.264205e+00 6.637412e-01 1.610044e+00 5.055461e-01 -6.507071e-01 4.524355e-01 -5.323815e-01 -6.242651e-02 6.990365e-02 -4.131716e-01 1.848643e-01 -1.586955e+00 -2.155451e-01 -1.271739e-01 -1.573925e-01 -3.285204e-01 1.814177e-01 3.900016e-02 1.744051e-01 4.187974e-01 1.395357e-01 -3.794057e-01 2.841179e-01 9.820322e-02 4.124215e-02 -8.919244e-02 -2.135869e-01 -4.362105e-02 -1.758390e-01 -6.646803e-02 6.758628e-03 -3.666170e-02 1.059287e-01 4.035699e-02 -3.782131e-02 9.336507e-02 1.121837e-02 2.057250e-01
<VARIANCE> 52
 5.394702e+00 2.766868e+01 2.906000e+01 4.910003e+01 4.244344e+01 3.291307e+01 6.825488e+01 6.472648e+01 5.286258e+01 5.988576e+01 3.986528e+01 3.958541e+01 1.759885e+01 4.060117e-01 7.632957e-01 2.245712e+00 2.276029e+00 3.203486e+00 2.183208e+00 2.799164e+00 3.559764e+00 2.902722e+00 3.112383e+00 3.295797e+00 2.145282e+00 3.717362e-01 1.137161e-01 2.453247e-01 3.245250e-01 3.998151e-01 5.282951e-01 4.363323e-01 4.917908e-01 6.138026e-01 5.095807e-01 5.245943e-01 5.221563e-01 4.484870e-01 1.762609e-01 2.162659e-02 2.544256e-02 8.866556e-02 7.984681e-02 1.427533e-01 1.077335e-01 9.806027e-02 1.352470e-01 1.093775e-01 1.243675e-01 1.216823e-01 9.507447e-02 2.567337e-02
<GCONST> 1.034716e+02
<MIXTURE> 2 2.564851e-01
<MEAN> 52
 -3.416073e+00 -5.281292e+00 -9.523547e+00 -1.704536e+01 -4.189161e+00 -1.253006e+01 -1.024628e+01 -4.430699e+00 -1.682560e+01 -9.513064e+00 -1.490791e+01 -6.505453e+00 6.528780e+01 8.714156e-02 8.098354e-01 1.438243e-01 1.245518e+00 -6.880368e-01 4.007355e-02 -4.577682e-01 -1.023184e+00 5.211043e-01 -4.802555e-01 9.720262e-01 3.960148e-02 -1.124902e+00 -4.106423e-02 2.657160e-03 1.082981e-01 1.886797e-01 5.058383e-02 5.522890e-02 2.667181e-02 -7.586178e-02 4.351809e-02 6.365857e-02 1.598103e-01 1.724901e-01 -3.446458e-02 -2.889735e-02 -6.184927e-02 2.452863e-02 -5.718257e-02 7.259630e-02 2.697483e-02 3.508585e-02 8.734801e-02 1.467416e-02 4.685588e-02 -9.259938e-02 1.316293e-02 4.394371e-02
<VARIANCE> 52
 1.127911e+01 1.755362e+01 7.096652e+01 4.493295e+01 3.470676e+01 3.418927e+01 2.986248e+01 3.512192e+01 4.604880e+01 5.817946e+01 2.696142e+01 2.708515e+01 2.791789e+01 4.030635e-01 7.103101e-01 1.385548e+00 1.424362e+00 1.655441e+00 1.900221e+00 1.376647e+00 2.182495e+00 1.668380e+00 1.809307e+00 1.578146e+00 1.371145e+00 3.171248e-01 7.078309e-02 1.282966e-01 2.439037e-01 2.851042e-01 3.702563e-01 3.418168e-01 2.756886e-01 3.736885e-01 3.020699e-01 3.013583e-01 3.365600e-01 2.884864e-01 4.408408e-02 1.395774e-02 2.256876e-02 4.948222e-02 7.139070e-02 6.773470e-02 7.634350e-02 5.389283e-02 8.366796e-02 7.049132e-02 6.173911e-02 5.828875e-02 6.787507e-02 5.948242e-03
<GCONST> 8.315214e+01
<MIXTURE> 3 3.061163e-01
<MEAN> 52
 -2.007879e+00 6.871299e-01 -3.643026e+00 -8.257259e+00 -7.333826e+00 -1.127746e+01 -1.537264e+01 -1.294443e+01 -1.509425e+01 -1.221982e+01 -1.034406e+01 -2.074313e+00 5.775777e+01 -4.423303e-01 6.243595e-02 1.135379e-01 8.750919e-01 2.608883e-01 8.667057e-01 6.123056e-01 -1.138388e-01 1.070947e+00 7.028929e-01 6.409544e-01 3.665446e-01 -9.191407e-01 -1.231429e-01 -2.528028e-01 -1.217845e-01 -2.135442e-01 9.835511e-02 2.155987e-01 3.019655e-01 4.398409e-01 2.069631e-01 2.542026e-01 -4.000560e-02 -5.782240e-02 1.438424e-01 1.005871e-02 -3.451316e-05 1.857669e-02 -5.420024e-02 -8.059214e-02 -9.999606e-02 -6.213576e-02 2.724739e-03 -2.851913e-02 -1.849361e-02 -1.976227e-02 -2.553083e-02 5.461452e-02
<VARIANCE> 52
 1.614646e+01 2.247839e+01 2.823923e+01 2.578604e+01 2.865080e+01 4.817716e+01 4.703281e+01 4.074519e+01 6.966788e+01 5.147338e+01 3.235130e+01 4.284378e+01 3.103727e+01 8.657102e-01 1.671320e+00 1.824363e+00 1.690570e+00 2.985515e+00 3.080541e+00 3.627714e+00 4.830866e+00 4.541593e+00 2.704298e+00 2.704339e+00 2.458988e+00 5.268158e-01 1.488373e-01 1.780737e-01 2.574760e-01 2.846409e-01 3.827910e-01 4.533561e-01 4.645612e-01 5.208080e-01 6.900730e-01 4.114012e-01 4.571630e-01 3.829361e-01 9.380697e-02 3.408089e-02 5.496749e-02 6.447148e-02 7.704808e-02 1.239097e-01 1.151194e-01 1.298632e-01 1.769010e-01 1.674896e-01 9.752448e-02 1.162154e-01 1.017326e-01 1.920952e-02
<GCONST> 1.051416e+02
<STATE> 11
<NUMMIXES> 3
<MIXTURE> 1 3.030193e-01
<MEAN> 52
 -3.297350e+00 4.576920e+00 4.088542e+00 8.098003e-01 -5.673526e+00 -3.975752e+00 -6.289075e+00 -7.902202e+00 -6.486201e+00 -2.183652e+00 -4.505445e+00 -3.516523e+00 6.211863e+01 -1.778289e+00 -9.662864e-01 6.781757e-01 -1.039204e+00 -7.760739e-01 -6.681590e-01 2.921537e-01 1.181090e+00 4.087735e-01 -7.941095e-01 1.529983e+00 5.954959e-01 1.522401e+00 1.351082e-01 -2.499402e-01 4.883644e-01 -3.982477e-01 -9.725874e-01 1.813272e-01 -5.364355e-01 -1.589716e-01 -2.598225e-01 1.724712e-01 1.423513e-01 -4.968046e-02 7.292069e-01 2.565930e-01 1.808150e-01 2.132467e-02 1.644833e-01 3.864116e-02 1.108766e-01 -7.294052e-02 -1.472370e-01 -1.091642e-01 1.161673e-01 -2.221488e-01 -1.104283e-01 -2.463264e-01
<VARIANCE> 52
 3.107226e+01 3.265100e+01 4.096112e+01 3.764926e+01 4.142691e+01 4.763160e+01 5.664819e+01 3.731106e+01 3.967912e+01 4.590660e+01 3.474220e+01 2.480251e+01 5.063635e+01 2.245913e+00 2.329974e+00 4.466153e+00 4.217690e+00 7.694958e+00 4.822090e+00 6.010430e+00 4.404959e+00 4.632072e+00 5.485423e+00 3.121323e+00 2.761784e+00 3.565314e+00 6.584932e-01 5.741185e-01 6.206154e-01 7.929417e-01 1.016974e+00 8.415273e-01 1.006410e+00 9.065116e-01 8.023860e-01 8.313776e-01 7.528986e-01 6.402183e-01 5.038661e-01 8.992240e-02 1.052096e-01 1.961658e-01 1.765450e-01 3.895533e-01 1.732215e-01 2.394266e-01 1.859307e-01 1.981010e-01 2.131067e-01 1.504976e-01 1.187251e-01 1.393383e-01
<GCONST> 1.346673e+02
<MIXTURE> 2 3.036573e-01
<MEAN> 52
 -4.581812e-01 5.276848e+00 4.045538e+00 7.993247e-01 1.895460e-01 3.457337e+00 -3.381591e+00 -5.635592e+00 -5.067622e+00 -2.598314e+00 -5.764818e+00 -4.269281e+00 5.874651e+01 -7.666240e-01 -3.945677e-01 -4.911948e-01 2.093059e-01 6.631981e-01 1.080654e-01 6.183874e-01 4.012518e-01 4.948680e-01 9.648281e-02 2.802157e-01 3.155090e-01 -9.027539e-01 -4.624954e-02 -3.432150e-01 -2.743298e-01 -4.489687e-01 -3.881497e-01 -2.107653e-01 -2.290020e-01 -2.099520e-02 2.366883e-03 1.495640e-01 7.099991e-02 3.035567e-02 1.583985e-01 4.258903e-02 4.975218e-02 4.113457e-02 2.198415e-02 -7.069251e-02 -1.044703e-01 -1.009216e-01 -8.890472e-02 -4.777811e-02 -2.084134e-03 -3.265695e-02 -2.681978e-02 3.767651e-02
<VARIANCE> 52
 9.820173e+00 1.483961e+01 1.691397e+01 2.480457e+01 2.422359e+01 2.923896e+01 4.360071e+01 3.658233e+01 2.399227e+01 2.678668e+01 2.719972e+01 2.120051e+01 1.117898e+01 4.978273e-01 1.019830e+00 8.439718e-01 1.609847e+00 2.037479e+00 2.069059e+00 2.363948e+00 2.477071e+00 2.157226e+00 2.079603e+00 1.540890e+00 1.777189e+00 3.701327e-01 6.901955e-02 1.568089e-01 1.533236e-01 2.489752e-01 3.126231e-01 4.645650e-01 4.185183e-01 4.468969e-01 3.617022e-01 3.636928e-01 3.218889e-01 3.303027e-01 3.425451e-02 1.463035e-02 3.265947e-02 3.627152e-02 6.042482e-02 7.912088e-02 9.553847e-02 9.369297e-02 9.743232e-02 8.046034e-02 9.222596e-02 6.969576e-02 7.986189e-02 7.510822e-03
<GCONST> 8.273641e+01
<MIXTURE> 3 3.933235e-01
<MEAN> 52
 -6.407897e+00 -2.056301e+00 -3.492411e+00 -6.527433e+00 -3.057349e+00 -5.301504e-01 -5.220799e+00 -3.525781e+00 -4.049754e+00 -2.288675e+00 -2.944453e+00 -2.603066e+00 5.449515e+01 -5.278870e-01 -5.788319e-01 -6.545492e-01 -4.699101e-01 -4.428795e-01 -4.772219e-01 -9.937228e-02 1.260688e-02 5.240864e-01 4.443107e-01 3.359323e-01 2.776567e-01 -4.338421e-01 1.794135e-01 1.584813e-01 1.851400e-01 1.389808e-01 6.093147e-02 -1.941084e-02 -1.663388e-01 -1.833096e-01 -1.666510e-01 -1.069262e-01 -1.811891e-01 -8.077592e-02 1.491243e-01 6.991471e-03 3.088029e-02 4.856192e-02 9.868074e-02 7.803213e-02 7.216109e-02 4.553873e-02 8.185270e-03 1.557674e-02 -3.620021e-02 -2.181762e-02 -3.331210e-03 -1.721000e-02
<VARIANCE> 52
 1.497430e+01 1.880193e+01 1.809970e+01 2.887569e+01 1.757834e+01 2.399806e+01 4.147847e+01 2.384821e+01 2.784817e+01 2.476944e+01 1.954531e+01 1.797493e+01 1.634701e+01 4.946827e-01 8.783583e-01 1.156465e+00 1.543717e+00 1.679709e+00 2.149704e+00 2.620883e+00 2.316536e+00 2.420851e+00 2.241410e+00 1.722338e+00 1.757401e+00 2.119246e-01 6.966227e-02 1.400136e-01 1.650152e-01 2.253654e-01 3.232409e-01 4.106876e-01 5.247309e-01 4.127643e-01 4.015838e-01 4.073149e-01 2.726802e-01 3.330804e-01 2.911625e-02 1.785387e-02 3.580096e-02 4.140583e-02 5.199674e-02 7.601910e-02 8.793385e-02 1.149543e-01 8.853550e-02 9.759106e-02 8.996952e-02 7.067223e-02 8.087721e-02 6.128705e-03
<GCONST> 8.238026e+01
<TRANSP> 12
 0.000000e+00 1.000000e+00 0.000000e+00 0.000000e+00 0.000000e+00 0.000000e+00 0.000000e+00 0.000000e+00 0.000000e+00 0.000000e+00 0.000000e+00 0.000000e+00
 0.000000e+00 7.874908e-01 2.125091e-01 0.000000e+00 0.000000e+00 0.000000e+00 0.000000e+00 0.000000e+00 0.000000e+00 0.000000e+00 0.000000e+00 0.000000e+00
 0.000000e+00 0.000000e+00 8.393168e-01 1.606832e-01 0.000000e+00 0.000000e+00 0.000000e+00 0.000000e+00 0.000000e+00 0.000000e+00 0.000000e+00 0.000000e+00
 0.000000e+00 0.000000e+00 0.000000e+00 8.378009e-01 1.621992e-01 0.000000e+00 0.000000e+00 0.000000e+00 0.000000e+00 0.000000e+00 0.000000e+00 0.000000e+00
 0.000000e+00 0.000000e+00 0.000000e+00 0.000000e+00 7.521057e-01 2.478943e-01 0.000000e+00 0.000000e+00 0.000000e+00 0.000000e+00 0.000000e+00 0.000000e+00
 0.000000e+00 0.000000e+00 0.000000e+00 0.000000e+00 0.000000e+00 7.458437e-01 2.541563e-01 0.000000e+00 0.000000e+00 0.000000e+00 0.000000e+00 0.000000e+00
 0.000000e+00 0.000000e+00 0.000000e+00 0.000000e+00 0.000000e+00 0.000000e+00 7.185754e-01 2.814246e-01 0.000000e+00 0.000000e+00 0.000000e+00 0.000000e+00
 0.000000e+00 0.000000e+00 0.000000e+00 0.000000e+00 0.000000e+00 0.000000e+00 0.000000e+00 7.964745e-01 2.035255e-01 0.000000e+00 0.000000e+00 0.000000e+00
 0.000000e+00 0.000000e+00 0.000000e+00 0.000000e+00 0.000000e+00 0.000000e+00 0.000000e+00 0.000000e+00 8.405110e-01 1.594890e-01 0.000000e+00 0.000000e+00
 0.000000e+00 0.000000e+00 0.000000e+00 0.000000e+00 0.000000e+00 0.000000e+00 0.000000e+00 0.000000e+00 0.000000e+00 7.981765e-01 2.018236e-01 0.000000e+00
 0.000000e+00 0.000000e+00 0.000000e+00 0.000000e+00 0.000000e+00 0.000000e+00 0.000000e+00 0.000000e+00 0.000000e+00 0.000000e+00 8.144446e-01 1.855555e-01
 0.000000e+00 0.000000e+00 0.000000e+00 0.000000e+00 0.000000e+00 0.000000e+00 0.000000e+00 0.000000e+00 0.000000e+00 0.000000e+00 0.000000e+00 0.000000e+00
<ENDHMM>
