~o
<STREAMINFO> 1 39
<VECSIZE> 39<NULLD><MFCC_D_A_0><DIAGC>
~h "starboard"
<BEGINHMM>
<NUMSTATES> 10
<STATE> 2
<MEAN> 39
 -2.152185e+001 5.174645e+000 4.814538e+000 -8.700947e+000 2.076656e+001 -1.707591e+001 9.976298e+000 -7.813714e+000 4.555013e+000 -4.016585e+000 1.718914e+000 -4.983821e+000 7.020386e+001 -1.054513e+000 -5.251338e-001 -2.730191e-001 -8.384426e-002 -4.274422e-002 2.329164e-003 5.870218e-001 -6.652943e-001 1.966678e-001 -2.293197e-001 6.322612e-001 -5.043670e-003 1.574042e+000 3.210897e-001 7.504585e-002 2.268407e-002 2.063905e-001 -3.707459e-001 2.248767e-001 -1.794054e-001 9.634475e-002 8.110959e-003 4.712979e-002 4.512545e-002 3.797929e-002 -6.005457e-001
<VARIANCE> 39
 7.936839e+001 1.875725e+001 1.357820e+001 1.895265e+001 2.657095e+001 1.983553e+001 2.818134e+001 2.579029e+001 2.209249e+001 2.329574e+001 2.516600e+001 2.127593e+001 4.607200e+001 6.516504e+000 3.267356e+000 2.918507e+000 4.413737e+000 4.290607e+000 2.279643e+000 2.957682e+000 3.412394e+000 2.500701e+000 2.623410e+000 2.913180e+000 3.257313e+000 7.262680e+000 6.188178e-001 6.399385e-001 5.454391e-001 5.740950e-001 4.765286e-001 4.475210e-001 6.736156e-001 8.995788e-001 5.054294e-001 5.097775e-001 5.994828e-001 6.259272e-001 7.949746e-001
<GCONST> 1.233669e+002
<STATE> 3
<MEAN> 39
 -1.416060e+001 -2.743168e+000 1.050188e+000 -7.870136e+000 1.043547e+001 -1.186599e+001 8.752221e+000 -1.172607e+001 5.174911e+000 -7.791275e+000 4.048635e+000 -3.525473e+000 6.084558e+001 1.551570e+000 -1.355719e+000 -5.993090e-001 -1.663477e+000 -7.508823e-001 2.582711e-001 -1.032032e+000 4.561492e-001 -1.117050e-001 1.122177e-002 -4.470837e-001 -3.424615e-001 6.096736e-001 -6.153894e-003 -1.655428e-001 -5.703313e-002 -4.776009e-001 2.218145e-001 -1.731584e-002 -1.327588e-001 1.069169e-001 -2.806418e-002 3.321546e-001 -3.407290e-001 -1.567384e-001 8.803819e-001
<VARIANCE> 39
 3.322332e+001 3.660912e+001 3.104325e+001 2.201295e+001 1.693024e+001 2.674003e+001 4.435577e+001 3.193897e+001 2.985925e+001 2.208329e+001 1.881945e+001 1.307813e+001 1.297874e+002 1.395259e+000 2.789359e+000 4.180582e+000 4.670289e+000 1.124240e+000 3.194513e+000 3.633300e+000 4.209556e+000 3.019789e+000 3.671180e+000 2.557864e+000 1.440439e+000 3.989800e+001 2.650099e-001 4.037500e-001 9.155830e-001 4.138905e-001 2.786560e-001 8.806220e-001 7.176687e-001 9.520326e-001 6.748969e-001 6.372938e-001 4.837887e-001 2.941645e-001 5.177455e+000
<GCONST> 1.251347e+002
<STATE> 4
<MEAN> 39
 -2.734761e+000 -1.481582e+001 -5.269605e+000 -2.862146e+001 1.093561e+001 -6.356280e+000 -2.687608e-001 -9.396397e+000 3.342675e+000 -5.288680e-001 -5.727346e+000 -8.181759e+000 8.372499e+001 8.185403e-001 -1.721767e+000 -5.287933e-001 -1.863171e+000 8.906836e-001 2.993738e+000 -7.462459e-001 -7.918989e-001 -1.050686e+000 1.074963e+000 -1.686815e+000 -4.876302e-001 1.439305e+000 -5.637485e-001 4.347533e-001 1.211593e-001 1.458432e+000 -1.635396e-001 1.440425e-001 4.267664e-001 -4.200417e-001 -1.291044e-001 -7.283520e-001 7.054598e-001 3.321666e-001 -1.752310e+000
<VARIANCE> 39
 9.928856e-001 1.125004e+001 2.864434e+000 1.366432e+001 1.025779e+001 1.598029e+001 8.325896e+000 1.018387e+001 9.980282e+000 5.759860e+000 1.365229e+001 6.022367e+000 4.333682e+000 1.533199e+000 6.800767e-001 7.951518e-001 7.828244e+000 1.728741e+000 1.626323e+000 2.771673e+000 1.227239e+000 1.316476e+000 2.797510e+000 3.493291e+000 1.192351e+000 4.416677e+000 1.175627e-001 1.973295e-001 1.663083e-001 4.802627e-001 3.332111e-001 8.046832e-001 3.959386e-001 2.269423e-001 4.112116e-001 2.279275e-001 4.644009e-001 1.406121e-001 9.902164e-001
<GCONST> 9.044579e+001
<STATE> 5
<MEAN> 39
 -2.058922e+000 -1.797680e+001 -5.952460e+000 -2.414384e+001 1.021570e+001 2.146777e+000 6.171793e-001 -1.687023e+001 1.731238e+000 -3.786520e+000 -4.520632e+000 -6.149287e+000 8.157574e+001 4.187171e-001 -5.850841e-002 4.116780e-002 5.940837e-001 -6.429972e-001 5.888107e-001 3.177263e-001 -7.075886e-001 3.163405e-002 -3.009305e-001 5.539614e-002 4.426964e-001 -4.356785e-001 1.583907e-001 1.606246e-001 7.584079e-002 6.499407e-002 -2.139446e-001 -1.399848e-001 1.398930e-001 2.023279e-001 5.138245e-002 8.958896e-002 -5.530967e-002 2.941878e-002 -1.016386e-001
<VARIANCE> 39
 3.678259e+000 3.708377e+000 3.197541e+000 1.359873e+001 1.996419e+001 9.363494e+000 6.474304e+000 1.299797e+001 4.639136e+000 6.567189e+000 8.865808e+000 7.427097e+000 3.834857e+000 2.370943e-001 2.008485e-001 3.855143e-001 9.038297e-001 1.128140e+000 5.968155e-001 5.103835e-001 4.403336e-001 3.246207e-001 3.258157e-001 5.025403e-001 4.317588e-001 1.134305e-001 3.940930e-002 7.399482e-002 7.614108e-002 1.875419e-001 1.230806e-001 1.423690e-001 8.999537e-002 1.029416e-001 8.173439e-002 7.742729e-002 8.820001e-002 7.558867e-002 4.525102e-002
<GCONST> 5.275474e+001
<STATE> 6
<MEAN> 39
 3.057431e+000 -1.013604e+001 -5.441273e-003 -1.362111e+001 2.691180e+000 1.706947e+000 5.916914e+000 -1.079496e+001 3.574544e+000 -1.137078e+000 -2.728304e+000 -1.395960e+000 6.340926e+001 3.937427e-001 9.420049e-001 4.093337e-001 -9.908540e-001 -5.198441e-001 -2.947347e-001 4.411975e-002 7.172425e-001 2.478476e-001 2.670272e-001 -2.331093e-001 1.312745e-001 -4.409649e-001 -1.499421e-001 -3.121631e-002 -8.750898e-002 -3.528078e-001 1.470743e-001 -2.054296e-003 -1.550566e-001 -2.282486e-003 -4.301637e-002 -1.716410e-002 -6.995772e-002 -1.419773e-002 1.697608e-001
<VARIANCE> 39
 3.285855e+001 2.400156e+001 2.090368e+001 1.396345e+002 3.882011e+001 3.235192e+001 2.853301e+001 3.410110e+001 2.532855e+001 2.248982e+001 3.444254e+001 1.872624e+001 1.420734e+002 6.039431e+000 2.972418e+000 3.156627e+000 1.996254e+001 5.151352e+000 3.397335e+000 3.595846e+000 4.552145e+000 3.002733e+000 2.632005e+000 4.895261e+000 1.898855e+000 2.377013e+001 1.359590e+000 6.639970e-001 6.815561e-001 2.220926e+000 1.067943e+000 6.922694e-001 7.076005e-001 8.747860e-001 6.100323e-001 5.132768e-001 8.287198e-001 3.377398e-001 3.711903e+000
<GCONST> 1.366745e+002
<STATE> 7
<MEAN> 39
 4.618045e+000 -3.447099e+000 -9.967625e-001 -4.040804e+001 3.069252e+000 1.500180e+000 3.641267e+000 -6.923560e+000 2.285161e+000 4.904166e-002 -1.191355e+001 1.678380e+000 7.207494e+001 -2.942992e-001 8.459252e-002 -1.606056e-001 -4.191514e-001 9.863859e-001 1.488122e-001 -7.421894e-002 4.937214e-002 -1.208358e-001 2.529938e-002 -1.463087e-002 3.660087e-001 -7.095902e-002 -1.494499e-002 -5.197101e-002 2.605780e-002 4.290360e-001 1.013360e-001 -8.607614e-002 2.590188e-004 -1.744798e-001 1.615489e-001 -1.997047e-002 2.310452e-001 -1.201853e-001 -7.264446e-002
<VARIANCE> 39
 8.568313e+000 1.085441e+001 5.373589e+000 4.579340e+001 5.224440e+001 1.232335e+001 1.400013e+001 2.891244e+001 1.553337e+001 1.943971e+001 2.109162e+001 3.188910e+001 5.440551e+000 3.709401e-001 4.745861e-001 1.766781e-001 1.967487e+000 8.904813e-001 7.515382e-001 6.600863e-001 1.319463e+000 9.419053e-001 5.922593e-001 1.507223e+000 8.950065e-001 3.648153e-001 6.682633e-002 6.989104e-002 4.793947e-002 3.117261e-001 1.324695e-001 1.549655e-001 1.607493e-001 1.073160e-001 1.536049e-001 1.138771e-001 1.434792e-001 1.410528e-001 1.036699e-001
<GCONST> 7.574692e+001
<STATE> 8
<MEAN> 39
 -2.186355e+000 -4.042379e+000 -3.005881e-001 -2.419252e+001 1.396213e+001 -8.061872e+000 1.223364e+000 -1.237348e+001 8.589153e+000 -9.531329e-001 -4.361814e+000 -2.306824e+000 6.604415e+001 -5.784270e-001 1.773957e-001 1.241842e-001 2.217928e+000 6.039542e-001 -1.086105e+000 3.553528e-002 -2.619313e-001 9.489831e-001 -1.009196e-001 1.361679e-001 -7.622780e-001 -1.125152e+000 2.155214e-001 8.202185e-002 -5.719499e-002 -7.704560e-002 -4.005016e-002 2.514508e-001 5.108646e-002 2.448229e-001 -5.086944e-002 -1.482079e-002 -2.827766e-001 7.367462e-002 -1.455605e-001
<VARIANCE> 39
 5.070111e+001 3.896265e+001 2.705398e+001 1.154380e+002 8.152850e+001 8.677561e+001 3.107430e+001 5.601738e+001 7.260927e+001 3.947203e+001 4.039663e+001 3.011977e+001 4.775135e+001 3.613784e+000 1.924648e+000 3.039961e+000 6.843668e+000 3.573180e+000 5.662528e+000 2.465242e+000 4.972977e+000 5.550064e+000 2.335520e+000 3.542287e+000 2.171802e+000 5.515505e+000 6.033940e-001 4.196701e-001 5.845298e-001 1.314804e+000 6.437256e-001 9.108441e-001 4.852147e-001 8.140083e-001 1.088135e+000 4.835740e-001 4.532387e-001 3.609921e-001 1.155399e+000
<GCONST> 1.339601e+002
<STATE> 9
<MEAN> 39
 3.746887e+000 4.538408e+000 -2.443495e+000 -7.603346e+000 1.299412e+001 -2.712276e+000 1.385034e+000 -7.272204e+000 1.096097e+001 -1.599051e+000 -6.600894e+000 -3.243766e+000 5.125803e+001 8.057407e-001 1.225435e+000 1.126064e-001 1.447990e+000 -9.791990e-001 1.078534e+000 -5.430198e-001 6.787043e-001 -8.739664e-001 1.218153e-001 3.298638e-001 6.319778e-001 -1.821980e+000 -2.790895e-001 1.145559e-001 3.205092e-001 1.020814e-001 -2.231939e-001 -1.507739e-001 -8.756153e-002 -9.355158e-002 -2.633568e-001 4.102131e-002 2.663149e-001 1.255800e-001 -8.592087e-002
<VARIANCE> 39
 5.254908e+001 1.025837e+002 2.813966e+001 5.707850e+001 7.520890e+001 4.609573e+001 3.884103e+001 5.886258e+001 8.654710e+001 2.239931e+001 7.007930e+001 2.291890e+001 6.364145e+001 4.367869e+000 4.206204e+000 2.807085e+000 4.151699e+000 5.443897e+000 4.579375e+000 4.573077e+000 2.710521e+000 5.593432e+000 2.667134e+000 4.074076e+000 1.933721e+000 1.993582e+000 5.170461e-001 8.168559e-001 3.608397e-001 6.110744e-001 1.229402e+000 7.854864e-001 7.796171e-001 5.868235e-001 8.632885e-001 4.118823e-001 6.224803e-001 5.459267e-001 3.669343e-001
<GCONST> 1.328914e+002
<TRANSP> 10
 0.000000e+000 1.000000e+000 0.000000e+000 0.000000e+000 0.000000e+000 0.000000e+000 0.000000e+000 0.000000e+000 0.000000e+000 0.000000e+000
 0.000000e+000 9.272572e-001 7.274284e-002 0.000000e+000 0.000000e+000 0.000000e+000 0.000000e+000 0.000000e+000 0.000000e+000 0.000000e+000
 0.000000e+000 0.000000e+000 8.932104e-001 1.067896e-001 0.000000e+000 0.000000e+000 0.000000e+000 0.000000e+000 0.000000e+000 0.000000e+000
 0.000000e+000 0.000000e+000 0.000000e+000 7.355250e-001 2.644750e-001 0.000000e+000 0.000000e+000 0.000000e+000 0.000000e+000 0.000000e+000
 0.000000e+000 0.000000e+000 0.000000e+000 0.000000e+000 9.052486e-001 9.475135e-002 0.000000e+000 0.000000e+000 0.000000e+000 0.000000e+000
 0.000000e+000 0.000000e+000 0.000000e+000 0.000000e+000 0.000000e+000 9.249712e-001 7.502881e-002 0.000000e+000 0.000000e+000 0.000000e+000
 0.000000e+000 0.000000e+000 0.000000e+000 0.000000e+000 0.000000e+000 0.000000e+000 9.225460e-001 7.745403e-002 0.000000e+000 0.000000e+000
 0.000000e+000 0.000000e+000 0.000000e+000 0.000000e+000 0.000000e+000 0.000000e+000 0.000000e+000 9.115935e-001 8.840650e-002 0.000000e+000
 0.000000e+000 0.000000e+000 0.000000e+000 0.000000e+000 0.000000e+000 0.000000e+000 0.000000e+000 0.000000e+000 8.846585e-001 1.153415e-001
 0.000000e+000 0.000000e+000 0.000000e+000 0.000000e+000 0.000000e+000 0.000000e+000 0.000000e+000 0.000000e+000 0.000000e+000 0.000000e+000
<ENDHMM>
