~o
<STREAMINFO> 1 52
<VECSIZE> 52<NULLD><MFCC_D_A_T_0><DIAGC>
~h "sil"
<BEGINHMM>
<NUMSTATES> 12
<STATE> 2
<NUMMIXES> 3
<MIXTURE> 1 2.020701e-01
<MEAN> 52
 -1.090496e+01 -4.793386e-01 -2.567856e+00 -5.870671e+00 3.159588e+00 -3.542908e+00 -3.018158e+00 1.860566e+00 8.195900e-01 2.762416e+00 -2.809489e+00 -5.084448e+00 5.905494e+01 1.381029e+00 -9.179671e-01 -4.453936e-01 9.619771e-01 -5.189308e-01 -1.018479e-01 1.004572e+00 5.063860e-01 3.497587e-01 1.500218e-01 -5.105639e-01 -1.082356e+00 4.613350e-01 5.860983e-02 -9.836183e-02 -6.217007e-02 -4.033879e-03 -2.028310e-01 6.086395e-02 4.908460e-02 -2.632387e-02 -1.964312e-01 -1.342885e-01 -1.530531e-02 7.750048e-02 5.544748e-02 -8.309691e-02 5.118622e-02 5.514921e-02 -9.147009e-02 8.221606e-02 3.381232e-02 -1.002396e-01 -1.033486e-01 -7.823105e-02 1.533695e-02 8.590865e-02 1.333945e-01 -9.019236e-02
<VARIANCE> 52
 3.950394e+01 2.623765e+01 1.715237e+01 2.560157e+01 4.093232e+01 3.744899e+01 2.872385e+01 3.536380e+01 2.491940e+01 3.239736e+01 2.202240e+01 2.473476e+01 1.913058e+01 4.141636e+00 1.842259e+00 1.812505e+00 2.398670e+00 3.062968e+00 2.679757e+00 2.805855e+00 2.146471e+00 3.560868e+00 4.327384e+00 2.914541e+00 2.060486e+00 1.067267e+00 4.365003e-01 2.822816e-01 2.717249e-01 3.256350e-01 3.792270e-01 5.743608e-01 4.973050e-01 4.176176e-01 6.414236e-01 6.096519e-01 4.030854e-01 3.524562e-01 2.112974e-01 9.694851e-02 6.482561e-02 6.462502e-02 8.808319e-02 1.265236e-01 1.313628e-01 1.317009e-01 7.987236e-02 1.380951e-01 1.407377e-01 9.325868e-02 6.504822e-02 4.789425e-02
<GCONST> 1.077629e+02
<MIXTURE> 2 4.248084e-01
<MEAN> 52
 -9.027316e+00 -3.002856e+00 -3.192826e+00 -5.590458e+00 -4.732034e+00 -3.374048e+00 -3.885563e+00 -3.258844e+00 -3.246550e+00 -1.563219e+00 -1.961124e+00 -1.498585e+00 5.352258e+01 -1.645720e-01 -1.957533e-01 -3.105915e-01 -1.263636e-01 -6.951087e-02 -2.021942e-01 -4.466982e-02 -1.566122e-01 3.433265e-01 5.449275e-02 2.618571e-01 3.502988e-03 -2.111240e-01 2.336240e-01 3.240654e-01 3.706349e-01 4.010949e-01 3.663701e-01 2.904516e-01 5.775303e-02 3.826802e-02 1.345781e-02 -7.819680e-02 -9.055188e-02 -1.043748e-01 1.623544e-01 -5.639326e-02 -9.188906e-02 -8.124189e-02 -4.921024e-02 -3.817350e-03 2.101934e-02 4.111665e-02 7.391068e-02 2.045972e-03 -4.322701e-03 -1.680818e-02 2.679173e-02 -4.270404e-02
<VARIANCE> 52
 8.924537e+00 8.855415e+00 1.684222e+01 1.780725e+01 1.572488e+01 1.798578e+01 1.977948e+01 2.313588e+01 2.442318e+01 2.156762e+01 1.990005e+01 1.684543e+01 1.409350e+01 3.693404e-01 6.837520e-01 1.022089e+00 1.460579e+00 1.790040e+00 1.948472e+00 1.987726e+00 1.845611e+00 1.749763e+00 2.158536e+00 1.645178e+00 1.450119e+00 1.819342e-01 6.823890e-02 1.330042e-01 2.002867e-01 2.333841e-01 2.719674e-01 2.950475e-01 4.281607e-01 3.948536e-01 4.159639e-01 3.956383e-01 3.499249e-01 2.465946e-01 3.897023e-02 1.633526e-02 2.909400e-02 4.321784e-02 6.220940e-02 8.289416e-02 8.578325e-02 9.603082e-02 8.729720e-02 8.149626e-02 1.025542e-01 8.111541e-02 6.580534e-02 8.675366e-03
<GCONST> 7.658128e+01
<MIXTURE> 3 3.731213e-01
<MEAN> 52
 -1.076779e+01 -6.636315e-01 -2.750067e+00 -3.029124e+00 2.283051e+00 -1.685473e+00 -2.982726e+00 -1.527810e+00 -2.215661e+00 8.455294e-01 -1.785358e+00 -2.798800e+00 5.793758e+01 -6.812437e-02 -6.535628e-02 1.395758e-02 2.673907e-01 9.210014e-02 -4.342864e-02 -2.298526e-01 -1.864447e-01 -2.038621e-01 -4.229673e-01 -3.867583e-02 2.647473e-01 -1.746994e-01 -2.240841e-02 -8.783187e-02 -4.864398e-02 -6.296212e-02 -9.635334e-02 8.573143e-03 3.548582e-02 8.895866e-02 1.063474e-01 2.918185e-02 -1.975795e-02 -9.285108e-02 -1.820782e-02 -6.907932e-04 -6.576256e-03 -3.055448e-02 -1.061001e-02 -6.719023e-03 2.730920e-02 4.384619e-02 1.537246e-02 3.530401e-02 3.186378e-02 3.281622e-02 -1.541300e-02 1.445584e-02
<VARIANCE> 52
 4.472490e+01 1.659025e+01 1.302692e+01 2.194347e+01 3.663874e+01 3.419289e+01 1.980536e+01 2.146868e+01 2.375865e+01 3.099342e+01 1.981417e+01 2.746179e+01 2.265806e+01 5.128484e-01 4.943876e-01 6.724366e-01 6.719313e-01 9.773880e-01 1.653399e+00 1.623098e+00 1.562313e+00 1.588242e+00 1.627224e+00 1.141209e+00 1.497468e+00 3.400652e-01 7.577649e-02 7.804519e-02 1.121328e-01 1.039818e-01 1.284344e-01 2.577580e-01 3.075087e-01 1.706728e-01 2.594550e-01 3.044937e-01 1.928744e-01 2.154914e-01 3.250394e-02 9.161563e-03 1.708964e-02 1.895675e-02 2.066635e-02 2.403059e-02 3.958493e-02 4.978001e-02 3.142544e-02 4.182404e-02 4.683254e-02 3.282299e-02 3.969559e-02 6.981707e-03
<GCONST> 6.374158e+01
<STATE> 3
<NUMMIXES> 3
<MIXTURE> 1 2.385216e-01
<MEAN> 52
 -9.424910e+00 -3.047472e+00 -4.669709e+00 -1.926150e+00 -8.301525e-02 -8.428230e-01 -2.691713e+00 -1.576234e+00 -4.381399e-01 -6.379440e-01 -1.833603e+00 -2.271874e+00 5.446966e+01 -3.351264e-01 -1.880554e-01 -1.973110e-01 1.120752e-01 -7.654546e-02 -1.000774e-01 -1.458711e-01 -2.198808e-01 -1.491458e-01 -1.484116e-01 1.169438e-01 1.724912e-01 1.505862e-01 5.762991e-02 2.463094e-02 1.319887e-01 -2.609165e-02 -4.322374e-02 -2.040101e-02 6.079679e-03 4.808440e-02 -2.884329e-02 5.879076e-02 2.086605e-02 3.901160e-02 -7.096323e-02 3.374142e-02 -4.204425e-03 1.947041e-02 -2.784654e-02 5.096733e-03 -7.818725e-03 2.823705e-02 5.707905e-02 4.102294e-02 3.413493e-03 -2.281097e-02 -1.137197e-02 -3.632424e-02
<VARIANCE> 52
 1.477715e+01 9.049899e+00 1.870245e+01 1.914622e+01 2.582825e+01 2.061378e+01 2.220124e+01 2.419386e+01 2.005710e+01 1.954377e+01 2.078563e+01 1.957454e+01 2.269975e+01 1.418071e+00 8.315356e-01 1.887483e+00 1.657876e+00 1.905305e+00 1.833001e+00 2.199180e+00 2.176366e+00 1.759386e+00 1.699671e+00 2.174820e+00 1.399382e+00 8.740620e-01 2.716905e-01 1.464764e-01 3.556900e-01 3.482839e-01 3.623169e-01 3.512495e-01 4.030101e-01 4.525396e-01 3.728936e-01 3.420259e-01 4.383255e-01 2.733831e-01 1.558859e-01 6.253581e-02 3.348556e-02 8.920494e-02 8.430979e-02 7.952508e-02 8.685372e-02 1.055239e-01 1.060430e-01 7.942300e-02 7.995553e-02 1.045559e-01 6.324513e-02 3.406702e-02
<GCONST> 9.110837e+01
<MIXTURE> 2 3.833652e-01
<MEAN> 52
 -8.380741e+00 -2.947729e+00 -3.102712e+00 -3.640112e+00 -2.331991e+00 -1.732919e+00 -3.115421e+00 -1.645648e+00 -9.578528e-01 -1.422840e+00 -1.683693e+00 -9.590340e-01 5.117686e+01 -5.887317e-03 -8.000486e-02 -1.391242e-01 -2.483253e-01 -4.015526e-01 -7.068894e-01 -4.695023e-01 -6.758457e-02 1.057180e-01 2.058959e-01 2.318703e-01 2.390155e-01 -8.657677e-02 -2.912286e-02 -4.266523e-03 1.780865e-03 2.510044e-02 -2.268731e-02 -1.345647e-02 -4.187973e-03 -5.587566e-02 -4.843992e-02 -3.191100e-02 -3.357023e-02 2.445353e-02 2.615711e-02 -2.192140e-03 7.438913e-03 1.372953e-02 5.322144e-02 8.749358e-02 1.473227e-01 9.796991e-02 2.319425e-02 -1.678936e-02 -4.973066e-02 -5.605491e-02 -4.042390e-02 6.869350e-03
<VARIANCE> 52
 4.192616e+00 4.934058e+00 7.756211e+00 1.164367e+01 1.404488e+01 1.612797e+01 1.666592e+01 1.675704e+01 1.609991e+01 1.597676e+01 1.759485e+01 1.340448e+01 6.131469e+00 1.805680e-01 3.534062e-01 4.452542e-01 6.949786e-01 8.169397e-01 6.076611e-01 9.707628e-01 1.176195e+00 1.427831e+00 1.328706e+00 1.457492e+00 1.043283e+00 5.806205e-02 3.544720e-02 6.637277e-02 9.571105e-02 1.507673e-01 2.101300e-01 2.305634e-01 2.589763e-01 2.418153e-01 2.718789e-01 2.694879e-01 3.004409e-01 2.138175e-01 1.540063e-02 8.725036e-03 1.603748e-02 2.125145e-02 3.336902e-02 4.017829e-02 2.768281e-02 4.619421e-02 5.624995e-02 6.670156e-02 6.023331e-02 6.936843e-02 4.401996e-02 3.152196e-03
<GCONST> 4.913582e+01
<MIXTURE> 3 3.781132e-01
<MEAN> 52
 -8.407082e+00 -2.846874e+00 -2.801162e+00 -3.361498e+00 -2.732991e+00 -1.744757e+00 -3.017435e+00 -2.091913e+00 -1.295451e+00 -1.625983e+00 -1.861804e+00 -7.293820e-01 5.118926e+01 6.828608e-02 3.241176e-03 3.909271e-02 2.843079e-01 5.382652e-01 8.009978e-01 5.512107e-01 2.467428e-01 7.047997e-02 -1.339272e-01 -2.146051e-01 -1.073658e-01 -7.550813e-02 -1.482874e-02 1.309098e-02 -1.984111e-02 -3.064802e-02 3.241607e-02 -7.778104e-03 -3.439993e-03 5.032095e-02 4.175138e-03 -1.368528e-02 -1.367826e-02 -3.504246e-02 3.818219e-02 -2.533707e-02 -1.928314e-02 -3.468180e-02 -7.108038e-02 -1.243185e-01 -1.914618e-01 -1.235627e-01 -4.376578e-02 -5.966919e-03 3.372763e-02 5.643744e-02 3.671955e-02 -2.443964e-04
<VARIANCE> 52
 4.425941e+00 5.894278e+00 9.206842e+00 1.123812e+01 1.356273e+01 1.446775e+01 1.729616e+01 1.850691e+01 1.953126e+01 1.629649e+01 1.715485e+01 1.405381e+01 7.964744e+00 1.570112e-01 3.481023e-01 5.224769e-01 7.143636e-01 9.072347e-01 6.421694e-01 1.109320e+00 1.271060e+00 1.430143e+00 1.368026e+00 1.396575e+00 1.144453e+00 7.313604e-02 3.959535e-02 6.609281e-02 1.098497e-01 1.565497e-01 2.137946e-01 2.382745e-01 2.648308e-01 2.671871e-01 2.847500e-01 2.840716e-01 3.068444e-01 2.254687e-01 1.517156e-02 8.671036e-03 1.628331e-02 2.551359e-02 3.533129e-02 4.446848e-02 3.133883e-02 5.530412e-02 6.314410e-02 6.743456e-02 6.577154e-02 6.906921e-02 5.044092e-02 3.629891e-03
<GCONST> 5.246248e+01
<STATE> 4
<NUMMIXES> 3
<MIXTURE> 1 1.596035e-01
<MEAN> 52
 -1.468016e+00 -5.781169e+00 -5.683720e+00 -1.966246e+00 9.011437e-01 -8.429765e-01 2.552647e+00 8.645257e-01 -1.747890e+00 4.552838e+00 -4.592841e+00 -9.790163e+00 6.114494e+01 -1.787017e-01 4.663984e-01 7.420205e-02 2.801408e-01 3.153379e-01 5.980142e-01 -1.944599e-01 -7.496295e-01 -1.388409e-01 -1.855751e-01 2.127225e-01 4.722420e-01 -5.408764e-01 -2.321438e-01 1.795064e-01 5.188895e-02 -5.936993e-02 1.267163e-02 4.823633e-03 -1.804005e-01 4.012604e-02 1.237958e-01 -7.037411e-02 4.717308e-02 1.453564e-01 -8.162029e-02 6.115958e-02 -7.512951e-02 -6.147793e-03 -1.185221e-02 -6.846703e-02 -4.817077e-02 5.206739e-02 7.444104e-02 7.280020e-03 1.629718e-02 -4.348990e-02 -3.616254e-02 3.577772e-02
<VARIANCE> 52
 2.747723e+00 1.262359e+01 1.027794e+01 1.608157e+01 3.611250e+01 2.923590e+01 3.194265e+01 2.004886e+01 3.561703e+01 2.181640e+01 1.964118e+01 1.431044e+01 1.215125e+01 5.073702e-01 7.242990e-01 6.114467e-01 8.094378e-01 1.443872e+00 1.163364e+00 2.331728e+00 1.750544e+00 1.899620e+00 1.393153e+00 1.122103e+00 9.761411e-01 2.956041e-01 5.896864e-02 1.328235e-01 1.413221e-01 1.911187e-01 2.654727e-01 2.080018e-01 4.662773e-01 3.551127e-01 4.110776e-01 2.906107e-01 2.667184e-01 1.590026e-01 3.296631e-02 1.588428e-02 2.016218e-02 2.855335e-02 4.544962e-02 6.153553e-02 5.318218e-02 1.100426e-01 9.814274e-02 9.869508e-02 5.698847e-02 5.511471e-02 3.807939e-02 9.015497e-03
<GCONST> 6.965266e+01
<MIXTURE> 2 4.517578e-01
<MEAN> 52
 -9.535035e+00 -2.998286e+00 -3.417871e+00 -3.133568e+00 -1.722319e+00 -3.350243e+00 -3.734379e+00 -1.213181e+00 -7.241172e-01 -1.066954e+00 -2.366391e+00 -1.082020e+00 5.377720e+01 9.955538e-03 1.261025e-02 -9.553867e-02 -2.404759e-01 -3.060654e-01 -3.906503e-01 -8.533045e-01 -8.852712e-01 -7.312456e-01 -5.409459e-01 -1.256432e-02 1.807808e-01 1.837837e-02 -1.572355e-02 1.185060e-02 -6.398008e-02 -1.876450e-02 2.502672e-02 1.265863e-01 -5.741117e-03 2.897557e-02 1.798729e-02 -8.534699e-03 5.403271e-02 -3.973524e-02 6.718289e-02 -2.653217e-02 -1.405225e-02 1.374273e-02 3.337916e-02 5.125996e-02 8.482882e-02 1.816647e-01 2.016657e-01 1.775519e-01 1.212953e-01 1.283523e-02 -2.046413e-02 -6.769249e-03
<VARIANCE> 52
 1.182382e+01 8.437495e+00 1.114921e+01 1.745177e+01 2.445943e+01 3.167500e+01 2.622024e+01 3.256872e+01 2.285177e+01 2.130175e+01 1.690018e+01 1.987523e+01 3.708619e+01 4.098041e-01 4.729337e-01 7.399270e-01 7.891869e-01 1.056429e+00 1.381891e+00 1.176191e+00 1.411995e+00 1.624080e+00 1.644905e+00 1.494962e+00 1.799005e+00 1.655370e-01 7.821329e-02 9.621315e-02 1.489095e-01 1.483138e-01 2.236263e-01 3.082562e-01 3.766672e-01 4.063504e-01 3.952713e-01 3.628886e-01 3.077790e-01 3.383537e-01 3.344230e-02 1.613522e-02 2.388374e-02 3.416153e-02 3.708789e-02 4.679633e-02 7.388770e-02 6.034739e-02 6.402204e-02 8.221444e-02 8.345500e-02 7.339140e-02 8.295836e-02 6.876543e-03
<GCONST> 7.166940e+01
<MIXTURE> 3 3.886386e-01
<MEAN> 52
 -9.444105e+00 -3.085547e+00 -4.027113e+00 -2.229563e+00 2.429929e-01 -8.593094e-01 -3.007032e+00 -1.081757e+00 -7.262717e-01 -4.423312e-01 -9.066237e-01 -7.181602e-01 5.515556e+01 6.208600e-02 6.226608e-03 5.256954e-01 -7.649161e-02 -1.329130e-01 1.543422e-01 9.527792e-01 1.226442e+00 5.903478e-01 1.161859e-01 -2.391447e-01 1.348749e-01 -2.608577e-01 4.478500e-02 -6.287979e-02 7.049523e-02 -5.557820e-02 -1.613179e-01 -2.905593e-01 -9.522097e-03 7.048541e-02 -8.084056e-02 -9.808441e-02 -1.875176e-01 -1.537570e-01 -4.775025e-02 -4.970710e-02 -3.268315e-02 -1.288193e-01 -5.809347e-03 1.843469e-02 -4.332588e-02 -2.270176e-01 -2.801924e-01 -1.354282e-01 -5.736531e-02 8.013336e-02 1.923142e-02 5.863574e-02
<VARIANCE> 52
 1.543873e+01 1.280365e+01 1.299409e+01 2.232327e+01 2.850518e+01 2.976230e+01 3.263708e+01 2.806472e+01 2.312887e+01 2.238437e+01 1.804275e+01 2.032353e+01 3.833202e+01 6.743835e-01 6.846691e-01 9.081632e-01 1.166539e+00 1.557171e+00 2.117777e+00 1.706446e+00 1.228576e+00 2.218442e+00 1.553125e+00 1.778544e+00 1.619488e+00 4.718617e-01 1.351324e-01 1.322617e-01 2.196062e-01 2.296070e-01 3.100229e-01 3.939362e-01 5.035575e-01 5.030795e-01 4.439323e-01 2.747365e-01 3.392952e-01 2.987196e-01 9.637708e-02 2.701282e-02 3.385761e-02 4.124053e-02 5.068205e-02 7.391152e-02 9.217911e-02 8.335169e-02 5.506723e-02 1.036209e-01 7.624532e-02 8.261223e-02 7.488505e-02 1.974197e-02
<GCONST> 8.404047e+01
<STATE> 5
<NUMMIXES> 3
<MIXTURE> 1 1.340926e-01
<MEAN> 52
 -9.331632e+00 -1.103161e+01 -8.725988e+00 -2.244135e+00 1.095445e+01 7.638040e+00 2.063239e+00 -6.308738e+00 -3.968748e+00 -3.435764e+00 5.153670e+00 4.612562e+00 6.312498e+01 4.388545e-01 6.296104e-01 1.330983e-02 -3.564429e-01 -1.028507e+00 7.277616e-01 7.685308e-03 -5.746414e-01 -6.902637e-01 6.318468e-01 2.973929e-01 8.970363e-01 -1.319245e+00 -2.251226e-02 1.060969e+00 7.555827e-01 -6.162392e-02 -1.743409e+00 -1.421782e+00 -7.586538e-01 5.670068e-01 2.189398e-01 2.140850e-01 -9.145553e-01 -8.144596e-01 -1.052893e+00 -1.154381e-01 -1.524924e-01 1.661331e-02 2.313867e-02 1.353976e-01 -2.316421e-01 -1.390113e-02 1.229498e-01 1.721416e-01 -1.295253e-01 -4.119524e-02 -2.059023e-01 2.457504e-01
<VARIANCE> 52
 1.075666e+01 1.541511e+01 1.471465e+01 1.668621e+01 3.727651e+01 2.625564e+01 2.775914e+01 2.801675e+01 3.182054e+01 2.197765e+01 2.145107e+01 2.929556e+01 4.370766e+01 5.406784e-01 3.682387e+00 2.200947e+00 7.775022e-01 1.073692e+01 8.376649e+00 4.670063e+00 2.911983e+00 2.379694e+00 1.944648e+00 4.195087e+00 3.453180e+00 4.485495e+00 2.586615e-01 4.632721e-01 2.435149e-01 2.296448e-01 8.972874e-01 6.914008e-01 7.242482e-01 5.804954e-01 6.723049e-01 4.697918e-01 4.458766e-01 6.015021e-01 7.597446e-01 3.215299e-02 1.909624e-01 1.040248e-01 4.246575e-02 5.345290e-01 3.944826e-01 2.311374e-01 1.287452e-01 1.206916e-01 9.671309e-02 1.979606e-01 1.805082e-01 2.332252e-01
<GCONST> 1.166215e+02
<MIXTURE> 2 4.596174e-01
<MEAN> 52
 -8.730280e+00 -3.313863e+00 -3.255830e+00 -3.875930e+00 -2.654247e+00 -2.683325e+00 -3.709643e+00 -2.556251e+00 -2.261207e+00 -2.513495e+00 -2.569692e+00 -1.531187e+00 5.436138e+01 -2.859284e-01 -1.953534e-01 2.445815e-03 -1.756354e-01 -5.174450e-01 -6.449267e-01 -1.127890e-01 5.310788e-01 2.680462e-01 -2.352887e-01 -3.595752e-01 -4.069147e-01 -7.669575e-02 -5.695769e-02 -2.221681e-01 -1.614178e-01 8.688144e-02 3.746431e-01 2.287274e-01 1.195903e-01 1.183252e-03 9.816460e-02 1.092274e-01 2.233316e-01 1.534967e-01 2.577484e-01 5.373307e-02 2.844493e-02 -1.101601e-02 2.958241e-02 1.150514e-01 1.562423e-01 2.774823e-02 -1.164718e-01 -6.399198e-02 5.244325e-02 9.320653e-02 1.276958e-01 1.313987e-02
<VARIANCE> 52
 1.103777e+01 9.917764e+00 1.037214e+01 1.619718e+01 1.948895e+01 2.427018e+01 2.157654e+01 2.482277e+01 2.355583e+01 2.334626e+01 1.739222e+01 1.831152e+01 1.496585e+01 3.830197e-01 7.821096e-01 9.411051e-01 7.917854e-01 1.406844e+00 1.806527e+00 1.714149e+00 1.727496e+00 1.477746e+00 1.449157e+00 1.397180e+00 1.205318e+00 4.296040e-01 9.947366e-02 2.530689e-01 1.559422e-01 1.894822e-01 4.491147e-01 4.422014e-01 4.256332e-01 4.249755e-01 4.307330e-01 3.836837e-01 2.885127e-01 3.107737e-01 1.635366e-01 1.821218e-02 4.246087e-02 4.374576e-02 3.964300e-02 7.952916e-02 9.296725e-02 8.497921e-02 7.401259e-02 7.427006e-02 8.042483e-02 6.585550e-02 6.041954e-02 3.052615e-02
<GCONST> 7.938023e+01
<MIXTURE> 3 4.062901e-01
<MEAN> 52
 -9.452171e+00 -4.434402e+00 -3.702208e+00 -1.165832e+00 2.399388e-01 -1.086371e+00 -2.549237e+00 -1.414064e+00 -1.450728e+00 -9.511877e-01 -1.515997e+00 -7.035601e-01 5.439166e+01 -4.218518e-01 -3.761624e-01 -8.517979e-02 3.418597e-02 6.205466e-01 1.519474e-01 2.058160e-01 -3.657193e-02 2.158890e-02 -3.219903e-01 2.781463e-01 1.031149e-01 7.007895e-01 -5.580823e-04 -4.353357e-02 -7.011128e-02 -7.910343e-02 9.734903e-02 1.507621e-01 1.073954e-01 -7.983683e-02 -5.499268e-02 -3.984845e-02 9.919418e-02 8.090169e-02 3.976955e-02 4.290010e-02 5.038795e-02 1.001294e-02 -2.489361e-02 -1.358942e-01 -3.163613e-02 -3.703130e-02 4.260346e-03 -1.431989e-02 4.975940e-02 -2.180696e-02 1.282186e-02 -1.366355e-01
<VARIANCE> 52
 1.605241e+01 2.470968e+01 1.568558e+01 1.599379e+01 2.571719e+01 2.735311e+01 2.115938e+01 1.849292e+01 2.462568e+01 2.101286e+01 2.311106e+01 1.984948e+01 4.243766e+01 1.788207e+00 4.144399e+00 2.175685e+00 1.427057e+00 6.085317e+00 5.444160e+00 3.032178e+00 2.949190e+00 3.428000e+00 2.167824e+00 3.697194e+00 2.983827e+00 3.638572e+00 2.644973e-01 4.826799e-01 2.463149e-01 2.040956e-01 5.523188e-01 7.247384e-01 4.755972e-01 4.266301e-01 5.424034e-01 4.235085e-01 5.382575e-01 4.525861e-01 5.050703e-01 8.065256e-02 2.088705e-01 9.397166e-02 5.677565e-02 2.854722e-01 2.440109e-01 1.539613e-01 1.269336e-01 1.606581e-01 1.071821e-01 1.895155e-01 1.486662e-01 1.916918e-01
<GCONST> 1.139291e+02
<STATE> 6
<NUMMIXES> 3
<MIXTURE> 1 2.681544e-01
<MEAN> 52
 -1.231315e+01 -4.194045e+00 -2.928105e+00 -4.300800e+00 -2.064097e+00 -3.175972e+00 -2.413750e+00 -3.500534e-01 -1.897797e+00 -1.744469e+00 -1.541660e-01 -1.978025e-01 5.651764e+01 -5.465735e-01 8.213051e-02 -2.256917e-01 -8.583075e-01 -9.186581e-01 -1.029633e+00 -9.201154e-01 -7.917039e-01 -5.406560e-01 -1.417506e-01 9.510398e-02 -9.348589e-02 7.583128e-02 1.210359e-01 -2.102174e-02 1.015507e-02 5.574965e-02 -5.391167e-02 3.143663e-02 -1.394515e-01 -1.383088e-01 -3.644119e-02 -1.718648e-01 -2.026919e-01 -6.112063e-02 -2.967965e-02 9.366726e-02 8.092838e-03 7.193776e-02 1.764499e-01 1.805613e-01 2.054667e-01 2.015606e-01 1.885141e-01 1.102981e-01 2.453260e-02 -1.870418e-02 2.409317e-02 -1.007967e-02
<VARIANCE> 52
 1.365297e+01 1.986511e+01 1.970384e+01 1.973631e+01 1.873661e+01 2.862341e+01 2.992241e+01 3.155100e+01 3.073094e+01 3.169993e+01 2.444831e+01 1.870767e+01 1.837538e+01 6.360025e-01 1.014138e+00 1.517514e+00 1.015982e+00 1.610821e+00 1.827696e+00 1.765215e+00 2.443879e+00 1.809909e+00 2.941388e+00 1.835559e+00 1.515181e+00 7.393115e-01 1.332146e-01 1.661023e-01 2.328449e-01 2.529085e-01 2.992748e-01 4.392719e-01 4.049069e-01 5.307338e-01 4.732465e-01 6.137027e-01 4.015555e-01 3.065171e-01 8.988494e-02 2.252929e-02 3.830051e-02 6.002871e-02 4.102391e-02 7.533754e-02 8.539031e-02 8.382133e-02 1.064529e-01 8.737020e-02 1.425068e-01 9.121236e-02 7.240237e-02 2.545880e-02
<GCONST> 8.926380e+01
<MIXTURE> 2 3.727299e-01
<MEAN> 52
 -1.110230e+01 -4.093017e+00 -3.022981e+00 -3.375733e+00 -2.182477e+00 -2.941523e+00 -2.684052e+00 -3.948931e-01 -1.441366e+00 -3.189209e+00 -2.823745e+00 -9.040617e-01 5.565942e+01 7.044459e-02 8.432480e-02 1.358707e-02 1.856240e-01 2.684273e-01 4.364996e-01 6.719239e-01 7.465582e-01 7.741489e-01 1.159664e+00 6.376563e-01 1.653340e-01 -5.282819e-02 1.624522e-02 3.665077e-03 -5.204019e-02 -1.546697e-01 -1.421206e-01 -6.678338e-02 -1.597228e-01 -1.990045e-01 -6.174649e-02 1.408861e-01 2.207231e-01 7.450065e-02 -1.783976e-02 -2.827836e-02 -9.118718e-04 -4.939254e-03 -5.105947e-02 -7.265246e-02 -9.372232e-02 -1.474882e-01 -1.604742e-01 -1.706673e-01 -2.556137e-01 -1.516863e-01 -3.676316e-02 -9.829171e-04
<VARIANCE> 52
 1.444451e+01 1.703174e+01 1.414165e+01 2.183589e+01 1.499484e+01 2.056299e+01 2.328592e+01 2.818296e+01 2.580497e+01 2.221016e+01 2.010678e+01 1.794821e+01 1.550158e+01 3.619014e-01 5.547395e-01 6.664948e-01 8.903080e-01 1.106078e+00 1.083581e+00 1.476029e+00 1.637473e+00 1.772439e+00 1.425897e+00 1.173154e+00 1.365715e+00 2.035971e-01 8.219638e-02 1.206057e-01 1.540699e-01 1.898714e-01 2.227577e-01 2.733643e-01 3.292732e-01 3.511376e-01 4.260350e-01 3.902012e-01 2.673994e-01 2.471392e-01 4.836291e-02 1.467906e-02 2.663825e-02 3.310065e-02 4.077453e-02 5.436857e-02 5.115375e-02 6.949119e-02 7.534540e-02 8.142962e-02 6.708890e-02 5.510375e-02 6.225581e-02 9.142216e-03
<GCONST> 7.093573e+01
<MIXTURE> 3 3.591157e-01
<MEAN> 52
 -1.177675e+01 -4.603051e+00 -3.369150e+00 -4.950433e+00 -4.577353e+00 -4.667495e+00 -5.285209e+00 -2.244079e+00 -3.261361e+00 -3.427822e+00 -1.905537e+00 -7.597610e-01 5.650545e+01 9.240545e-02 1.003669e-01 7.163513e-02 3.660171e-01 3.890214e-01 3.733910e-01 1.484055e-01 -4.207491e-02 -3.548642e-01 -8.229635e-01 -7.381967e-01 -1.997150e-02 -9.410268e-02 6.689939e-02 5.798704e-02 2.194101e-02 1.144764e-01 2.168631e-01 2.213332e-01 2.320595e-01 1.364698e-01 1.935728e-01 2.190770e-01 8.699474e-02 3.612736e-02 -1.349825e-02 -2.645685e-02 -5.012280e-03 -2.004481e-02 -8.511765e-02 -1.089621e-01 -9.989182e-02 -2.518528e-02 1.851916e-02 8.890665e-02 1.890045e-01 1.463191e-01 -4.126665e-03 4.592641e-03
<VARIANCE> 52
 1.298553e+01 1.757233e+01 1.331479e+01 1.987589e+01 2.007792e+01 2.053564e+01 2.437679e+01 2.523828e+01 2.436310e+01 2.358515e+01 2.237788e+01 1.776553e+01 1.217491e+01 5.064524e-01 5.684311e-01 7.113446e-01 6.930753e-01 1.115012e+00 1.331284e+00 1.187675e+00 1.423928e+00 1.591388e+00 1.293039e+00 1.230301e+00 1.313870e+00 2.723909e-01 8.600758e-02 1.067915e-01 1.655075e-01 1.758867e-01 2.610193e-01 2.847032e-01 2.835343e-01 3.273027e-01 3.059575e-01 4.112567e-01 3.201084e-01 2.426561e-01 4.255771e-02 2.130745e-02 2.520092e-02 3.583571e-02 3.424053e-02 5.249985e-02 6.818363e-02 6.015627e-02 7.030839e-02 7.284946e-02 6.537514e-02 5.867288e-02 5.937365e-02 1.006339e-02
<GCONST> 7.080467e+01
<STATE> 7
<NUMMIXES> 3
<MIXTURE> 1 1.302814e-01
<MEAN> 52
 -1.126705e+01 -1.688540e+00 -6.876095e-01 -2.759682e+00 -2.199519e+00 -2.358442e+00 -2.674885e+00 -1.069863e+00 -1.111589e+00 -2.414857e+00 -2.239337e-01 2.627633e-01 5.703654e+01 2.528760e-01 9.451406e-02 7.903817e-01 4.576713e-01 -3.276061e-01 4.841340e-02 7.574788e-02 5.354242e-01 4.165623e-01 5.036331e-01 4.698644e-01 6.712237e-02 3.048359e-01 9.844101e-02 -9.502221e-02 -9.929871e-02 -6.625591e-02 -4.619837e-03 -3.247959e-02 -1.016427e-01 -3.441158e-02 -6.489227e-02 5.526717e-02 -7.249649e-03 -6.627979e-02 -5.146533e-02 -3.156767e-02 -4.868906e-04 -9.224971e-02 -7.547799e-02 1.608182e-02 -3.733926e-02 -4.416459e-02 -1.164349e-01 -8.625499e-02 -1.221777e-01 -3.490620e-02 1.114766e-02 -8.141913e-03
<VARIANCE> 52
 2.422212e+01 2.355071e+01 4.929932e+01 2.541376e+01 3.842641e+01 2.593141e+01 2.440013e+01 3.695881e+01 3.615717e+01 2.533445e+01 3.865089e+01 2.285538e+01 6.030140e+01 1.895983e+00 1.227405e+00 2.646709e+00 1.722920e+00 3.348794e+00 4.087562e+00 2.354296e+00 2.714787e+00 3.335233e+00 1.992076e+00 3.072225e+00 2.291971e+00 1.528713e+00 3.149517e-01 1.389618e-01 4.904099e-01 3.437825e-01 5.661206e-01 4.972425e-01 3.529630e-01 4.714154e-01 6.175006e-01 4.474998e-01 6.010812e-01 4.264017e-01 2.071301e-01 7.737988e-02 4.520020e-02 9.287084e-02 8.459130e-02 1.406371e-01 1.820841e-01 9.451243e-02 1.229626e-01 1.607252e-01 9.141029e-02 1.401346e-01 1.143280e-01 4.209346e-02
<GCONST> 1.092282e+02
<MIXTURE> 2 3.711292e-01
<MEAN> 52
 -5.978892e+00 -4.817907e+00 -7.939810e+00 -8.958391e+00 -3.592751e+00 -1.928122e-01 -3.763151e+00 -2.227025e+00 -9.277613e-01 7.731085e-01 -2.877044e+00 -4.217612e+00 5.498775e+01 1.373320e-02 6.782853e-02 2.721107e-01 5.715389e-01 6.926460e-01 4.731701e-01 1.963451e-01 -1.756753e-01 -3.058368e-01 -2.282376e-01 -4.512109e-01 -1.722724e-01 -5.477971e-02 -4.835114e-02 1.425129e-02 9.807058e-02 6.868719e-02 -2.944895e-02 -8.778778e-02 5.999432e-03 1.988823e-02 -6.646912e-03 -1.110157e-01 -4.768365e-02 8.604324e-02 -8.183575e-03 -1.982327e-03 -1.467791e-02 -6.235721e-02 -1.173162e-01 -1.400800e-01 -1.038134e-01 -3.136414e-02 5.028461e-02 6.868166e-02 4.461531e-02 8.303700e-02 2.433280e-02 -2.009722e-03
<VARIANCE> 52
 4.485991e+00 9.094991e+00 1.883186e+01 2.886243e+01 1.476066e+01 2.408419e+01 2.120594e+01 1.964841e+01 1.880802e+01 3.090818e+01 2.717539e+01 2.058988e+01 1.492514e+01 2.292615e-01 4.553951e-01 6.363091e-01 6.744749e-01 6.770893e-01 1.403352e+00 1.275136e+00 1.491441e+00 1.414536e+00 1.891629e+00 1.298407e+00 1.625580e+00 5.994431e-02 3.567352e-02 7.552198e-02 1.415024e-01 1.788086e-01 2.267513e-01 2.906090e-01 2.729375e-01 3.055483e-01 2.963221e-01 3.862312e-01 2.984487e-01 2.985159e-01 1.118098e-02 7.926615e-03 1.646238e-02 3.050800e-02 2.979820e-02 3.485782e-02 6.420828e-02 6.090041e-02 7.715888e-02 6.760614e-02 9.111984e-02 5.659194e-02 7.652756e-02 2.235665e-03
<GCONST> 6.135965e+01
<MIXTURE> 3 4.985892e-01
<MEAN> 52
 -8.426327e+00 -4.101038e+00 -5.179926e+00 -6.096441e+00 -3.557574e+00 -2.140079e+00 -3.411662e+00 -1.934722e+00 -1.095987e+00 -7.072209e-01 -3.204787e+00 -2.296003e+00 5.435690e+01 6.912956e-02 -8.842438e-02 -3.584890e-01 -5.503518e-01 -6.568661e-01 -4.773660e-01 -4.093653e-01 -5.190778e-02 3.722265e-01 4.458227e-01 5.286484e-01 2.104235e-01 -1.345696e-01 1.229766e-02 2.310342e-02 1.678803e-02 3.254487e-02 4.594928e-02 5.681965e-02 -1.040592e-02 -3.927908e-02 -5.839736e-02 -4.419513e-02 1.735964e-02 -2.343530e-04 1.226216e-02 -8.908001e-03 2.482498e-02 8.428788e-02 1.334205e-01 1.493447e-01 1.179146e-01 8.934768e-02 1.193259e-02 -7.915160e-02 -8.536657e-02 -1.258912e-01 -4.113209e-02 1.213213e-02
<VARIANCE> 52
 1.291268e+01 1.220594e+01 2.043243e+01 2.415570e+01 1.565991e+01 2.317621e+01 1.994292e+01 2.065619e+01 2.042229e+01 2.372811e+01 2.264461e+01 2.140968e+01 1.338890e+01 2.620521e-01 3.746319e-01 5.310397e-01 5.777168e-01 6.875473e-01 1.042315e+00 1.368155e+00 1.409443e+00 1.477166e+00 1.459249e+00 1.272050e+00 1.329125e+00 8.418906e-02 4.805998e-02 7.214902e-02 1.391898e-01 1.908371e-01 2.311027e-01 2.949898e-01 2.755681e-01 3.123840e-01 3.170242e-01 3.458409e-01 2.751012e-01 2.951700e-01 1.339824e-02 1.013116e-02 1.783680e-02 2.427761e-02 2.937626e-02 3.411110e-02 4.727942e-02 6.141640e-02 6.746851e-02 7.008511e-02 6.944170e-02 5.762976e-02 6.390326e-02 3.903510e-03
<GCONST> 6.162693e+01
<STATE> 8
<NUMMIXES> 3
<MIXTURE> 1 1.539730e-01
<MEAN> 52
 -1.291624e+01 -6.246887e+00 -2.909833e+00 -2.247144e+00 -2.892929e+00 -4.182665e+00 -4.452390e+00 3.263570e+00 5.901744e-01 -7.572377e-01 -6.567373e-01 -1.331854e+00 5.808958e+01 3.086394e-01 1.235292e-01 -5.334821e-02 -8.760975e-02 -2.336496e-02 1.583152e-01 -8.300271e-02 -7.860705e-02 -6.964521e-03 5.023286e-02 5.730608e-03 -3.345315e-02 -2.770521e-01 3.200516e-02 4.618420e-02 -2.607624e-03 -6.019407e-03 9.780081e-02 1.213787e-01 7.165563e-03 -2.203682e-01 -1.465714e-01 -7.213482e-02 -6.517308e-02 4.496126e-03 2.507369e-04 -2.489446e-02 -1.444975e-02 1.263380e-02 1.602883e-02 -9.541417e-03 -1.664251e-02 6.911103e-03 -9.117668e-03 -7.687034e-03 -1.319527e-02 -1.961559e-02 -6.138823e-04 3.625076e-02
<VARIANCE> 52
 2.294595e+01 2.227836e+01 1.772838e+01 1.248043e+01 2.454716e+01 3.482985e+01 2.115704e+01 2.769565e+01 2.250976e+01 2.322103e+01 3.262296e+01 2.680064e+01 4.113990e+01 3.301549e-01 5.421185e-01 9.488294e-01 7.327116e-01 1.332592e+00 1.901519e+00 1.239313e+00 1.486527e+00 2.301457e+00 2.039545e+00 1.740248e+00 1.726929e+00 2.898330e-01 5.702506e-02 1.073679e-01 1.804809e-01 1.482471e-01 2.771250e-01 3.750520e-01 2.803629e-01 3.239969e-01 2.921935e-01 3.398824e-01 3.140379e-01 3.862743e-01 8.252864e-02 1.421854e-02 2.160654e-02 3.927469e-02 2.941341e-02 5.788350e-02 7.287747e-02 6.117602e-02 6.877187e-02 9.826498e-02 9.611603e-02 7.437185e-02 8.733847e-02 1.188815e-02
<GCONST> 7.772959e+01
<MIXTURE> 2 4.183796e-01
<MEAN> 52
 -9.711386e+00 -3.059371e+00 -3.676952e+00 -4.421754e+00 -2.958130e+00 -2.255147e+00 -3.943849e+00 -2.131011e+00 -1.358782e+00 -1.409324e+00 -2.454357e+00 -1.067045e+00 5.300903e+01 7.218518e-02 1.757902e-02 3.326094e-02 3.878735e-02 -8.950251e-02 -3.639945e-01 -6.934749e-01 -8.534393e-01 -6.105604e-01 -3.726692e-01 -2.118713e-01 -9.014655e-02 -8.838946e-02 -5.353409e-03 -9.748233e-03 5.668003e-03 1.036599e-02 -6.672570e-03 -5.494599e-03 2.791100e-02 1.359130e-02 1.488972e-02 3.457706e-02 3.784673e-02 -2.067037e-03 1.595394e-02 -1.187409e-03 4.242609e-03 -5.994432e-03 1.949071e-04 2.098941e-02 8.839947e-02 1.564099e-01 1.865988e-01 1.463967e-01 9.692390e-02 5.456923e-02 2.008923e-02 2.155218e-03
<VARIANCE> 52
 9.809294e+00 6.403248e+00 6.954605e+00 1.122389e+01 1.049117e+01 1.545948e+01 1.413981e+01 2.020014e+01 1.971905e+01 1.626558e+01 1.448165e+01 1.506882e+01 8.735826e+00 1.387936e-01 2.273344e-01 4.618267e-01 6.930868e-01 7.612820e-01 1.034358e+00 8.670152e-01 8.706947e-01 1.163820e+00 1.225768e+00 1.098505e+00 1.274215e+00 6.192898e-02 2.556680e-02 4.691666e-02 9.145827e-02 1.472024e-01 1.546963e-01 2.306044e-01 2.668568e-01 3.026805e-01 3.373265e-01 2.782494e-01 2.126159e-01 2.602316e-01 9.596639e-03 5.850710e-03 9.999813e-03 2.059867e-02 3.311847e-02 3.596732e-02 5.017375e-02 3.988446e-02 4.023355e-02 5.567684e-02 5.602238e-02 4.554936e-02 6.067776e-02 2.385872e-03
<GCONST> 4.665044e+01
<MIXTURE> 3 4.276475e-01
<MEAN> 52
 -9.575733e+00 -3.126170e+00 -3.810239e+00 -4.452527e+00 -3.049784e+00 -2.472938e+00 -4.300711e+00 -2.564469e+00 -9.200558e-01 -9.316733e-01 -2.065868e+00 -1.309867e+00 5.324152e+01 8.146474e-02 5.098751e-02 6.678786e-02 9.815016e-02 1.797566e-01 4.774410e-01 7.197164e-01 7.415088e-01 5.449242e-01 2.811459e-01 1.953684e-01 9.880366e-02 -1.017079e-01 -1.266475e-02 3.387645e-03 -9.346489e-03 -7.965727e-03 3.461533e-02 5.060079e-02 5.323128e-02 4.268549e-02 -6.397391e-02 -7.287752e-02 -3.704282e-02 2.165626e-04 7.651141e-03 -2.523435e-03 -9.971109e-04 -9.490685e-03 -1.442840e-02 -3.848220e-02 -9.970681e-02 -1.711117e-01 -1.766969e-01 -1.219762e-01 -6.260504e-02 -3.904235e-02 -2.021161e-02 5.161826e-03
<VARIANCE> 52
 1.054398e+01 7.472531e+00 7.127396e+00 1.211801e+01 1.196770e+01 1.531217e+01 1.704466e+01 1.985781e+01 1.802872e+01 1.605313e+01 1.519579e+01 1.372364e+01 8.274673e+00 1.664989e-01 2.971580e-01 4.799570e-01 7.897009e-01 7.331733e-01 9.854879e-01 9.060444e-01 8.890336e-01 1.258762e+00 1.090742e+00 1.081645e+00 1.163852e+00 6.404641e-02 2.638010e-02 4.897678e-02 8.783334e-02 1.498165e-01 1.625747e-01 2.327662e-01 2.925752e-01 2.852440e-01 3.187616e-01 2.535591e-01 2.218774e-01 2.252274e-01 9.725182e-03 6.343558e-03 1.305799e-02 2.102121e-02 3.629708e-02 3.359940e-02 4.587794e-02 4.441763e-02 4.065705e-02 6.017087e-02 5.378224e-02 4.746978e-02 5.588730e-02 2.593577e-03
<GCONST> 4.795927e+01
<STATE> 9
<NUMMIXES> 3
<MIXTURE> 1 1.557214e-01
<MEAN> 52
 -5.045775e+00 1.024003e+00 2.983454e+00 -4.169140e+00 -7.913279e+00 -1.884472e+00 -5.535518e+00 -7.296997e+00 -2.919019e+00 -3.760653e+00 4.094585e-01 -1.293601e-01 5.956168e+01 -8.816947e-02 -2.048594e-01 -3.157901e-01 1.490301e-01 1.104813e-01 3.012675e-01 9.431093e-02 -5.591186e-02 3.160896e-01 -2.168401e-02 5.045209e-02 4.585418e-02 -2.622250e-01 -9.124958e-02 -9.018862e-02 2.687726e-02 1.150826e-01 1.000263e-01 5.021982e-02 1.007902e-01 3.536361e-02 -5.248792e-03 1.753581e-02 -3.046235e-02 2.682980e-03 6.226688e-02 2.077192e-02 1.534521e-02 3.932057e-02 -3.922288e-02 -3.257202e-02 -4.270020e-02 -5.687267e-02 -1.604856e-03 -6.872796e-02 1.431641e-03 -5.056695e-02 -1.195717e-02 3.299453e-02
<VARIANCE> 52
 2.206941e+01 3.905997e+01 1.054099e+02 9.336911e+01 3.457462e+01 3.064048e+01 2.124220e+01 5.731242e+01 2.911762e+01 3.136612e+01 3.207967e+01 1.788761e+01 9.293002e+01 5.397062e-01 1.212352e+00 1.801067e+00 1.423508e+00 1.702981e+00 3.060295e+00 2.482707e+00 1.762162e+00 1.325162e+00 2.198298e+00 2.238635e+00 1.606018e+00 1.079960e+00 9.913378e-02 1.617308e-01 2.548084e-01 1.870875e-01 4.490489e-01 7.145770e-01 4.875157e-01 4.237728e-01 3.154063e-01 4.101841e-01 3.307748e-01 4.016416e-01 1.482707e-01 2.115724e-02 3.736803e-02 5.848463e-02 4.555652e-02 9.093904e-02 1.428361e-01 1.083017e-01 7.602151e-02 6.195374e-02 9.227980e-02 6.554322e-02 7.394954e-02 2.149159e-02
<GCONST> 9.695441e+01
<MIXTURE> 2 4.310282e-01
<MEAN> 52
 -1.020038e+01 -1.532850e+00 -3.096205e+00 -2.327243e+00 -1.863293e-01 9.728735e-01 -2.182251e+00 -5.319214e-01 -4.901332e-01 -9.435930e-01 -6.079195e-01 5.154148e-01 4.594912e+01 3.761456e-03 2.213243e-01 3.268901e-01 4.876141e-01 4.756464e-01 3.112587e-01 1.992991e-01 1.737274e-01 4.609880e-02 1.907601e-01 2.617672e-01 1.436265e-01 1.520374e-02 1.340462e-02 -3.000101e-02 -4.046418e-02 -8.192261e-02 -8.244589e-02 -1.961647e-01 -7.157321e-02 -6.196523e-02 -7.686986e-02 -5.465363e-02 -1.434889e-01 -9.315792e-02 4.886154e-02 6.591591e-03 -2.569235e-02 -5.531986e-02 -1.070647e-01 -1.117072e-01 -7.421357e-02 -5.501160e-02 -4.355822e-02 -2.410283e-02 -3.454416e-02 -6.290939e-02 -3.572160e-02 1.982966e-02
<VARIANCE> 52
 8.245426e+00 6.239946e+00 1.312954e+01 1.402068e+01 1.202672e+01 1.302964e+01 1.432157e+01 1.917219e+01 1.761036e+01 1.667869e+01 1.507089e+01 1.392678e+01 5.380181e+01 2.530300e-01 4.100574e-01 5.935281e-01 7.298429e-01 1.074603e+00 1.564975e+00 1.330097e+00 1.309909e+00 1.780976e+00 1.832737e+00 1.494852e+00 1.510330e+00 8.989950e-02 5.660850e-02 1.085822e-01 1.227342e-01 1.772010e-01 2.655699e-01 3.281744e-01 2.597827e-01 3.296232e-01 3.765543e-01 3.645805e-01 3.286474e-01 2.701523e-01 2.587016e-02 1.298283e-02 1.993912e-02 2.338892e-02 3.354882e-02 5.912370e-02 8.197226e-02 6.845383e-02 6.970914e-02 9.222656e-02 9.770340e-02 7.752237e-02 7.105689e-02 7.492879e-03
<GCONST> 6.520241e+01
<MIXTURE> 3 4.132504e-01
<MEAN> 52
 -9.130054e+00 -2.728574e+00 -4.619025e+00 -3.502317e+00 -1.999715e+00 -1.310110e+00 -3.146121e+00 -1.718500e+00 -1.783376e+00 -1.341905e+00 -2.155628e+00 -9.982875e-01 5.006021e+01 -9.090938e-02 -2.500586e-01 -5.288336e-01 -7.434565e-01 -5.881331e-01 -2.436953e-01 -1.781699e-01 -2.812923e-01 -4.134173e-01 -3.506233e-01 -5.023892e-01 -1.696989e-01 -3.362974e-02 -3.267419e-02 2.748923e-02 6.053240e-02 5.691868e-02 9.627962e-03 4.890886e-02 5.527627e-03 5.949778e-02 9.344381e-02 1.782080e-02 8.621920e-04 3.319160e-03 7.031042e-02 3.980664e-02 9.438848e-02 1.409128e-01 1.786472e-01 1.400431e-01 6.261605e-02 9.193772e-03 4.285604e-02 7.868337e-02 7.330345e-02 9.539020e-02 3.671912e-02 5.485509e-02
<VARIANCE> 52
 8.311543e+00 7.084579e+00 1.093061e+01 1.329542e+01 1.528172e+01 1.418898e+01 1.566650e+01 1.584111e+01 1.757048e+01 1.905041e+01 1.775422e+01 1.797415e+01 3.564967e+01 3.251616e-01 4.571860e-01 6.389179e-01 7.051423e-01 1.066523e+00 1.658690e+00 1.294384e+00 1.934065e+00 1.555970e+00 1.382572e+00 1.532921e+00 1.504039e+00 1.551467e-01 5.700315e-02 9.163001e-02 1.357173e-01 1.941707e-01 2.586456e-01 2.529699e-01 2.625252e-01 3.201140e-01 3.646242e-01 3.243494e-01 3.045824e-01 2.964039e-01 3.015207e-02 2.045365e-02 2.301110e-02 2.735554e-02 3.267805e-02 5.621596e-02 7.884257e-02 6.653567e-02 9.134102e-02 7.492816e-02 6.122261e-02 7.093915e-02 7.257495e-02 1.466626e-02
<GCONST> 6.697835e+01
<STATE> 10
<NUMMIXES> 3
<MIXTURE> 1 3.052818e-01
<MEAN> 52
 -9.149082e+00 -3.334186e+00 -4.285004e+00 -5.517630e+00 -4.345366e+00 -3.473415e+00 -4.203684e+00 -2.204665e+00 -2.013274e+00 -2.628701e+00 -3.181679e+00 -1.703048e+00 5.407295e+01 1.312472e-02 1.927761e-01 2.858338e-01 1.970639e-01 -8.669238e-02 -2.435288e-02 1.297299e-01 1.312158e-01 -4.665852e-02 1.748793e-01 2.402152e-01 1.187497e-01 1.641510e-03 6.482822e-03 2.689021e-03 9.080268e-02 1.290805e-01 1.496570e-01 8.444500e-02 -6.249460e-03 9.251137e-02 9.882408e-02 1.422542e-01 8.455338e-02 5.970040e-02 4.743094e-02 1.061291e-03 -1.144842e-02 -2.138304e-02 -2.317633e-02 3.546937e-02 8.173305e-03 -2.724276e-02 -2.304213e-02 3.188610e-03 -3.719823e-02 -5.495181e-02 -2.565111e-02 3.202972e-02
<VARIANCE> 52
 7.885846e+00 8.148919e+00 9.843067e+00 8.552669e+00 1.508166e+01 2.345854e+01 1.951101e+01 1.705755e+01 1.571128e+01 1.904247e+01 2.361642e+01 1.844436e+01 1.055960e+01 2.697448e-01 3.061903e-01 6.739415e-01 7.468796e-01 1.003422e+00 1.185156e+00 1.291551e+00 1.668013e+00 1.335535e+00 1.951050e+00 2.515200e+00 1.533161e+00 1.316244e-01 5.162594e-02 8.207975e-02 1.585889e-01 2.077263e-01 2.549477e-01 2.621716e-01 2.322541e-01 3.834846e-01 2.543660e-01 3.346862e-01 5.218405e-01 2.722172e-01 2.468114e-02 1.219185e-02 1.498648e-02 3.731103e-02 3.148519e-02 3.919072e-02 4.187390e-02 4.996006e-02 6.190760e-02 4.668936e-02 8.342090e-02 1.142078e-01 5.783500e-02 6.940866e-03
<GCONST> 6.281564e+01
<MIXTURE> 2 3.245624e-01
<MEAN> 52
 -9.586825e+00 -3.887516e+00 -4.082263e+00 -4.212341e+00 -2.867618e+00 -1.659094e+00 -3.247694e+00 -9.159404e-01 -1.827314e+00 -1.613315e+00 -2.599935e+00 -6.965033e-01 5.297260e+01 -1.200613e-01 1.380561e-01 1.429183e-01 4.541820e-02 1.362163e-01 3.451163e-01 1.791119e-01 6.633621e-01 6.316589e-01 5.463275e-01 4.242591e-02 1.616537e-01 5.354653e-02 1.943367e-01 3.547324e-01 4.215537e-01 2.121636e-01 7.351986e-02 -1.147083e-01 -2.213022e-01 -2.954400e-01 -1.101215e-01 -6.015037e-02 2.307167e-02 -8.347239e-02 4.377911e-01 1.363285e-01 9.345340e-02 2.108358e-01 4.383371e-02 -1.157358e-01 -1.607178e-01 -2.008284e-01 -2.184175e-01 -2.428805e-01 -1.583290e-01 -1.252868e-02 -4.092898e-02 2.186573e-01
<VARIANCE> 52
 7.654724e+00 1.407533e+01 1.441961e+01 1.441266e+01 1.727201e+01 2.097668e+01 2.618452e+01 2.584233e+01 2.145927e+01 2.577082e+01 2.073732e+01 2.021801e+01 1.475487e+01 2.365606e-01 6.117966e-01 9.309956e-01 1.035281e+00 1.301264e+00 2.055560e+00 1.855523e+00 1.867016e+00 1.565093e+00 1.446748e+00 1.709938e+00 1.211899e+00 2.776400e-01 2.103115e-01 1.726194e-01 2.455732e-01 2.707019e-01 3.674242e-01 4.819185e-01 5.525399e-01 4.770739e-01 4.222919e-01 3.749712e-01 3.929512e-01 2.996340e-01 1.978532e-01 2.430316e-02 4.084918e-02 6.025964e-02 5.911428e-02 8.463812e-02 9.765923e-02 9.039664e-02 9.741747e-02 6.861488e-02 8.065014e-02 8.898713e-02 6.948518e-02 2.251045e-02
<GCONST> 8.271176e+01
<MIXTURE> 3 3.701557e-01
<MEAN> 52
 -9.718918e+00 -3.251843e+00 -2.880495e+00 -2.947810e+00 -1.642679e+00 -1.021671e+00 -2.906695e+00 -1.854355e+00 -2.360884e+00 -1.681815e+00 -1.948970e+00 -1.833390e-01 5.375338e+01 3.740870e-01 5.897483e-01 7.184694e-01 6.765159e-01 5.331007e-01 1.030940e-01 -5.792460e-01 -6.749266e-01 -7.253095e-01 -4.850510e-01 -5.678778e-01 -4.869426e-01 5.636100e-01 2.827455e-01 2.284360e-01 3.221981e-01 8.330736e-02 -1.885018e-01 -2.953084e-01 -4.078122e-01 -1.229062e-01 -2.200344e-01 -1.363756e-01 -1.484090e-01 -9.012768e-02 3.711320e-01 -3.597558e-02 -1.050163e-01 -2.216863e-02 -1.172276e-01 -1.775680e-01 -4.012370e-02 -5.371593e-03 1.269703e-01 1.048867e-01 9.078623e-02 9.258028e-02 8.979212e-02 6.312127e-02
<VARIANCE> 52
 1.014995e+01 1.609879e+01 1.803913e+01 2.027121e+01 2.884215e+01 2.305361e+01 2.562519e+01 2.658205e+01 2.166605e+01 2.549757e+01 2.176313e+01 1.683019e+01 2.131039e+01 1.137034e+00 2.051464e+00 1.728100e+00 2.000857e+00 2.845080e+00 2.150097e+00 2.121856e+00 2.098900e+00 1.971894e+00 2.179690e+00 2.041886e+00 1.625193e+00 8.021389e-01 3.318590e-01 3.252333e-01 3.830760e-01 4.148706e-01 5.600058e-01 4.786108e-01 6.082036e-01 6.266145e-01 4.570752e-01 5.082410e-01 4.577473e-01 3.968248e-01 3.071356e-01 3.980867e-02 7.943989e-02 5.590453e-02 7.894595e-02 1.285704e-01 8.503844e-02 1.057394e-01 9.811760e-02 8.269946e-02 9.813924e-02 8.709032e-02 7.660730e-02 5.153560e-02
<GCONST> 9.895169e+01
<STATE> 11
<NUMMIXES> 3
<MIXTURE> 1 4.972743e-01
<MEAN> 52
 -8.144632e+00 1.906091e-01 3.160769e-02 -1.394021e+00 -5.573084e-01 -8.557649e-01 -4.428160e+00 -3.531227e+00 -4.246112e+00 -2.336629e+00 -2.851647e+00 -8.020224e-01 5.603177e+01 2.123221e+00 2.021893e+00 2.717998e+00 8.470242e-01 -8.278427e-01 -1.381123e+00 -2.176312e+00 -9.403483e-01 -1.312527e+00 -4.827839e-01 -6.013389e-01 -3.262170e-01 2.266525e+00 2.605865e-01 -1.487957e-01 4.580172e-01 -2.742781e-01 -7.113886e-01 -3.980016e-01 -5.289983e-01 4.551473e-02 -1.187577e-01 6.547949e-02 -6.921779e-03 4.448025e-02 6.729343e-01 -3.484586e-01 -3.871084e-01 -3.173113e-01 -2.112045e-01 -4.816868e-02 2.247227e-01 2.684102e-01 1.828466e-01 1.931099e-01 1.102330e-01 1.260971e-01 6.968299e-02 -1.346150e-01
<VARIANCE> 52
 2.034923e+01 3.322262e+01 3.160426e+01 2.473051e+01 3.317763e+01 3.679114e+01 3.510513e+01 2.991265e+01 2.768312e+01 2.840728e+01 3.122276e+01 2.466172e+01 4.008019e+01 1.789031e+00 2.483894e+00 4.514987e+00 4.043170e+00 5.377329e+00 5.571446e+00 5.668567e+00 5.037775e+00 4.359162e+00 3.374941e+00 3.549149e+00 3.477286e+00 3.505709e+00 4.357585e-01 8.700696e-01 7.290728e-01 4.881855e-01 7.004361e-01 7.100983e-01 8.659649e-01 6.672874e-01 6.160677e-01 6.438807e-01 6.079453e-01 4.763217e-01 6.351069e-01 6.769012e-02 9.902420e-02 1.505603e-01 1.133548e-01 2.303416e-01 2.269256e-01 2.222178e-01 2.112593e-01 1.626088e-01 1.611838e-01 1.355119e-01 1.560141e-01 1.410401e-01
<GCONST> 1.270090e+02
<MIXTURE> 2 2.289727e-01
<MEAN> 52
 -8.984664e+00 -2.604943e+00 -3.479979e+00 -3.329559e+00 -1.031766e+00 -5.672107e-01 -2.713077e+00 -2.115949e+00 -3.232140e-01 -8.196394e-01 -1.235544e+00 -3.139986e-01 5.389401e+01 2.529763e-02 -1.157481e-01 -5.406400e-02 1.346653e-01 6.541138e-01 3.011428e-01 5.693570e-03 1.113109e-01 2.272595e-01 -1.756926e-02 -2.371625e-02 8.159974e-02 2.911157e-01 -3.711941e-02 -5.539859e-02 -9.670560e-02 -6.349155e-02 -1.161672e-02 3.723212e-03 -4.643155e-02 1.627322e-02 4.947918e-03 -1.330786e-01 -8.238745e-02 -2.712098e-02 -1.013548e-02 -7.601080e-03 1.006514e-02 5.915503e-03 -2.843027e-02 -6.864942e-02 -1.289300e-02 3.554082e-03 -8.961703e-03 -4.139571e-02 -1.870526e-02 -6.167973e-03 -9.193718e-03 -2.164851e-02
<VARIANCE> 52
 1.653481e+01 6.135934e+00 9.185675e+00 1.061081e+01 2.012234e+01 1.648868e+01 1.609433e+01 1.812428e+01 1.435152e+01 2.152371e+01 1.725563e+01 1.745970e+01 1.304849e+01 3.640708e-01 2.702415e-01 6.660250e-01 1.006478e+00 3.603592e+00 1.854511e+00 1.883095e+00 2.283100e+00 1.435682e+00 1.951358e+00 2.150168e+00 1.596418e+00 6.592705e-01 3.251109e-02 3.348869e-02 8.141221e-02 8.051386e-02 2.141755e-01 1.572147e-01 1.442231e-01 1.663042e-01 1.966332e-01 2.515258e-01 1.633863e-01 1.241768e-01 4.829833e-02 5.118495e-03 5.259338e-03 1.505694e-02 1.628223e-02 3.901387e-02 1.705199e-02 2.847523e-02 2.823304e-02 2.867882e-02 3.256146e-02 3.615036e-02 2.858361e-02 6.344836e-03
<GCONST> 5.164946e+01
<MIXTURE> 3 2.737530e-01
<MEAN> 52
 -9.764762e+00 -2.498543e+00 -3.428255e+00 -3.539718e+00 -2.715108e+00 -1.338085e+00 -3.121948e+00 -3.109747e+00 -2.375832e+00 -1.708187e+00 -2.883943e+00 -1.898478e+00 5.497245e+01 -1.337902e+00 -5.888491e-02 2.629259e-01 -5.495772e-02 -4.343268e-01 -3.500551e-01 3.210228e-02 -7.749707e-01 -1.227539e-01 -2.564386e-01 7.619451e-01 -1.813471e-02 2.773807e+00 2.431246e-01 3.207262e-01 9.498852e-01 4.557936e-02 -4.866839e-01 1.380762e-02 -3.405510e-01 -1.464809e-01 -5.178788e-01 -1.592098e-01 3.159176e-01 4.653768e-02 7.921800e-01 3.202111e-01 8.303330e-02 2.230662e-01 1.318323e-02 -1.249160e-01 6.611031e-02 -1.530223e-01 1.627947e-01 -1.793182e-01 7.367371e-03 -1.164903e-01 -3.478820e-02 -2.891002e-01
<VARIANCE> 52
 1.222352e+01 2.138684e+01 1.825390e+01 2.297448e+01 3.174019e+01 2.356427e+01 2.849716e+01 2.850816e+01 2.338436e+01 1.616984e+01 1.756314e+01 1.856003e+01 3.337041e+01 8.515185e-01 3.159792e+00 4.057489e+00 2.343627e+00 4.724548e+00 3.975127e+00 3.918009e+00 3.147617e+00 3.190196e+00 2.251006e+00 2.262801e+00 1.838344e+00 3.176380e+00 2.982711e-01 3.981228e-01 9.580836e-01 4.785325e-01 7.698945e-01 6.519523e-01 7.798705e-01 5.664559e-01 7.214048e-01 5.964528e-01 4.084676e-01 5.551698e-01 5.722759e-01 3.468307e-02 1.457137e-01 1.555853e-01 1.044922e-01 1.991432e-01 1.847633e-01 1.794897e-01 1.381361e-01 1.242014e-01 1.191179e-01 1.033263e-01 1.078259e-01 1.215823e-01
<GCONST> 1.144350e+02
<TRANSP> 12
 0.000000e+00 1.000000e+00 0.000000e+00 0.000000e+00 0.000000e+00 0.000000e+00 0.000000e+00 0.000000e+00 0.000000e+00 0.000000e+00 0.000000e+00 0.000000e+00
 0.000000e+00 6.291736e-01 3.708264e-01 0.000000e+00 0.000000e+00 0.000000e+00 0.000000e+00 0.000000e+00 0.000000e+00 0.000000e+00 0.000000e+00 0.000000e+00
 0.000000e+00 0.000000e+00 8.909755e-01 1.090245e-01 0.000000e+00 0.000000e+00 0.000000e+00 0.000000e+00 0.000000e+00 0.000000e+00 0.000000e+00 0.000000e+00
 0.000000e+00 0.000000e+00 0.000000e+00 7.359301e-01 2.640699e-01 0.000000e+00 0.000000e+00 0.000000e+00 0.000000e+00 0.000000e+00 0.000000e+00 0.000000e+00
 0.000000e+00 0.000000e+00 0.000000e+00 0.000000e+00 7.507107e-01 2.492892e-01 0.000000e+00 0.000000e+00 0.000000e+00 0.000000e+00 0.000000e+00 0.000000e+00
 0.000000e+00 0.000000e+00 0.000000e+00 0.000000e+00 0.000000e+00 8.169650e-01 1.830350e-01 0.000000e+00 0.000000e+00 0.000000e+00 0.000000e+00 0.000000e+00
 0.000000e+00 0.000000e+00 0.000000e+00 0.000000e+00 0.000000e+00 0.000000e+00 7.663589e-01 2.336411e-01 0.000000e+00 0.000000e+00 0.000000e+00 0.000000e+00
 0.000000e+00 0.000000e+00 0.000000e+00 0.000000e+00 0.000000e+00 0.000000e+00 0.000000e+00 8.654606e-01 1.345393e-01 0.000000e+00 0.000000e+00 0.000000e+00
 0.000000e+00 0.000000e+00 0.000000e+00 0.000000e+00 0.000000e+00 0.000000e+00 0.000000e+00 0.000000e+00 7.371586e-01 2.628414e-01 0.000000e+00 0.000000e+00
 0.000000e+00 0.000000e+00 0.000000e+00 0.000000e+00 0.000000e+00 0.000000e+00 0.000000e+00 0.000000e+00 0.000000e+00 6.948740e-01 3.051260e-01 0.000000e+00
 0.000000e+00 0.000000e+00 0.000000e+00 0.000000e+00 0.000000e+00 0.000000e+00 0.000000e+00 0.000000e+00 0.000000e+00 0.000000e+00 5.224022e-01 4.775978e-01
 0.000000e+00 0.000000e+00 0.000000e+00 0.000000e+00 0.000000e+00 0.000000e+00 0.000000e+00 0.000000e+00 0.000000e+00 0.000000e+00 0.000000e+00 0.000000e+00
<ENDHMM>
