~o
<STREAMINFO> 1 52
<VECSIZE> 52<NULLD><MFCC_D_A_T_0><DIAGC>
~h "lx"
<BEGINHMM>
<NUMSTATES> 12
<STATE> 2
<NUMMIXES> 3
<MIXTURE> 1 4.976478e-01
<MEAN> 52
 -3.488456e+00 2.523847e+00 1.469569e+01 -4.646003e-01 -1.049359e+01 -6.216118e+00 -1.055613e+01 -2.438944e+00 -9.088975e+00 -2.132554e+00 6.083456e-01 -1.092191e+00 6.908334e+01 -4.084266e-01 -7.740306e-01 1.088113e+00 -1.344934e+00 -2.666723e+00 1.371706e-01 -5.407355e-02 8.137670e-01 -7.816204e-01 1.277688e-01 1.722910e+00 3.659158e-01 2.169432e+00 -1.322526e-01 -3.481533e-02 -2.608340e-01 -2.248164e-01 -1.197135e-03 4.226317e-01 -1.351544e-03 -6.471393e-02 9.477659e-02 2.811198e-02 1.193454e-02 -1.447642e-01 -2.833463e-01 1.472460e-01 2.487558e-01 -3.403876e-02 1.966688e-01 3.982378e-01 2.353948e-03 -6.204636e-02 -1.703236e-01 6.410422e-02 2.039355e-02 -2.778766e-01 -1.047240e-01 -2.385913e-01
<VARIANCE> 52
 1.299801e+01 2.787287e+01 3.907367e+01 4.949883e+01 5.870662e+01 4.528939e+01 5.880410e+01 5.403495e+01 3.907602e+01 3.973251e+01 4.009180e+01 2.836472e+01 3.040922e+01 1.209571e+00 1.845338e+00 2.707828e+00 3.606134e+00 4.153534e+00 3.878864e+00 3.855071e+00 3.967848e+00 2.953983e+00 2.973183e+00 2.724571e+00 2.759604e+00 1.520350e+00 3.118289e-01 5.258893e-01 5.083616e-01 5.584511e-01 1.083632e+00 5.065048e-01 7.675645e-01 7.829590e-01 4.919779e-01 6.395722e-01 7.161818e-01 5.141098e-01 3.555462e-01 5.689757e-02 7.859622e-02 1.053236e-01 1.231918e-01 1.793653e-01 1.469338e-01 1.782808e-01 1.602746e-01 1.106842e-01 1.415080e-01 1.228664e-01 1.221760e-01 5.135946e-02
<GCONST> 1.203395e+02
<MIXTURE> 2 3.151175e-01
<MEAN> 52
 -4.998253e+00 2.239642e+00 4.741075e+00 3.734710e-01 -1.629459e+00 -3.036272e+00 -8.141434e+00 -4.341943e+00 -4.469029e+00 -3.480247e+00 -4.678060e+00 -2.089430e+00 5.660108e+01 1.506806e+00 1.249478e+00 3.107441e+00 1.107787e-01 -1.173982e+00 -1.333835e+00 -2.059743e+00 -8.531827e-01 -1.320226e+00 -4.878064e-01 -5.724921e-01 -7.761437e-02 2.540366e+00 -2.768731e-01 -4.513685e-01 8.505359e-02 -6.276084e-01 -7.093036e-01 -2.324012e-01 7.567152e-02 1.773198e-01 -1.807169e-01 1.674331e-01 2.316598e-01 2.369608e-01 5.560866e-01 -2.336866e-01 -1.973426e-01 -3.248401e-01 -9.491049e-02 2.425916e-02 2.080899e-01 3.065980e-01 1.519479e-01 1.379964e-01 1.345878e-01 1.131212e-01 4.102537e-02 -1.935293e-01
<VARIANCE> 52
 2.045313e+01 2.967890e+01 5.481651e+01 3.307750e+01 3.302980e+01 3.970402e+01 5.013914e+01 4.161590e+01 3.517534e+01 3.798534e+01 3.136208e+01 1.986209e+01 2.922970e+01 1.339387e+00 2.864403e+00 3.932707e+00 4.722689e+00 4.157865e+00 3.892359e+00 4.083169e+00 4.794615e+00 3.979786e+00 3.920937e+00 3.543284e+00 2.696460e+00 2.542962e+00 3.915583e-01 6.230426e-01 6.937854e-01 4.638555e-01 5.881012e-01 7.046516e-01 8.930525e-01 8.435605e-01 6.542337e-01 8.483257e-01 5.491545e-01 4.023723e-01 2.883054e-01 6.260342e-02 1.268233e-01 1.536532e-01 1.293431e-01 1.692708e-01 1.741303e-01 1.759949e-01 2.021931e-01 1.803184e-01 1.980150e-01 1.279370e-01 1.231818e-01 9.232417e-02
<GCONST> 1.247425e+02
<MIXTURE> 3 1.872348e-01
<MEAN> 52
 -6.681982e+00 -2.374215e+00 1.086152e+01 -1.770202e+01 -1.410385e+01 -1.268396e+01 -1.382543e+01 -7.900804e+00 -1.323161e+01 -1.193246e+00 -1.208687e+01 -7.108495e-01 6.787357e+01 -5.099316e-01 -4.576715e-01 1.485535e+00 -2.846247e+00 -2.359787e+00 3.839517e-01 1.808565e-01 -7.201084e-01 -3.211902e-01 2.868776e+00 -1.142686e+00 7.212621e-02 2.734996e+00 -2.208909e-01 2.180136e-01 -6.664216e-01 3.808560e-01 3.390473e-01 9.154279e-01 -5.738281e-02 -2.727088e-03 6.986493e-01 1.046532e-02 1.284660e-01 8.565676e-02 -5.805139e-01 1.386618e-01 2.224285e-01 -9.356552e-02 2.722768e-01 3.343779e-01 -1.120925e-01 -3.139309e-01 2.548189e-03 1.106611e-03 -5.278463e-01 3.470050e-02 1.582103e-02 -2.842456e-01
<VARIANCE> 52
 1.074251e+01 2.637804e+01 4.164989e+01 5.870384e+01 5.083776e+01 1.972369e+01 5.068270e+01 4.601165e+01 1.905564e+01 6.003635e+01 2.870840e+01 4.013802e+01 3.026847e+01 9.833519e-01 1.842308e+00 4.264719e+00 4.057468e+00 3.759349e+00 5.299564e+00 4.532282e+00 2.217371e+00 4.170454e+00 4.433240e+00 2.198467e+00 3.453356e+00 2.647009e+00 2.293883e-01 4.878744e-01 5.508475e-01 6.585299e-01 9.721380e-01 6.167547e-01 1.624892e+00 5.736086e-01 7.643695e-01 1.604547e+00 3.907308e-01 7.118850e-01 4.236428e-01 3.934628e-02 8.061278e-02 1.682702e-01 1.475973e-01 1.418459e-01 2.250822e-01 2.211540e-01 1.134572e-01 2.119318e-01 2.088409e-01 8.663438e-02 1.370517e-01 8.458903e-02
<GCONST> 1.235275e+02
<STATE> 3
<NUMMIXES> 3
<MIXTURE> 1 5.383154e-01
<MEAN> 52
 -4.050499e+00 2.730271e+00 1.714342e+01 -3.592422e+00 -1.830386e+01 -1.032428e+00 -1.203475e+01 -1.313360e+00 -1.011070e+01 -2.564622e+00 5.293978e+00 -1.699715e+00 7.363651e+01 8.066346e-02 9.431208e-01 -2.774200e-01 -8.780787e-01 1.409288e-01 1.284070e+00 -2.815892e-01 -8.215627e-01 1.888974e-01 2.689106e-01 -5.468562e-02 -8.143020e-01 -7.153526e-02 1.018658e-01 2.021313e-01 -4.353674e-01 2.546256e-01 7.991869e-01 -1.784610e-01 1.688088e-01 -3.081111e-01 9.026518e-02 1.468462e-01 -4.831775e-01 -1.697675e-01 -3.944628e-01 -1.210416e-02 -1.259194e-01 4.760731e-02 8.525312e-02 -1.675161e-01 -1.723167e-01 9.557032e-02 1.088240e-01 -9.654006e-02 -5.853147e-03 9.538006e-02 1.001239e-01 1.331977e-01
<VARIANCE> 52
 9.794425e+00 2.781723e+01 2.489386e+01 4.566722e+01 2.995353e+01 5.455748e+01 5.734288e+01 4.955414e+01 4.241541e+01 4.828068e+01 2.504421e+01 3.434035e+01 1.272052e+01 3.518109e-01 8.875144e-01 1.364447e+00 1.103247e+00 2.711933e+00 2.000348e+00 2.611980e+00 2.258344e+00 2.465399e+00 1.870889e+00 2.328793e+00 1.836562e+00 3.992156e-01 9.220707e-02 2.240704e-01 2.285583e-01 3.209730e-01 4.281824e-01 5.167178e-01 5.237907e-01 4.314301e-01 4.748314e-01 3.980366e-01 4.329876e-01 3.902027e-01 1.361094e-01 1.779210e-02 3.490153e-02 5.050580e-02 4.319800e-02 1.136587e-01 8.283359e-02 1.006256e-01 8.152188e-02 8.675216e-02 8.476323e-02 8.461013e-02 7.361743e-02 1.809740e-02
<GCONST> 9.335351e+01
<MIXTURE> 2 2.339331e-01
<MEAN> 52
 -9.028305e+00 3.811716e-01 1.152199e+01 -2.438984e+01 -1.649497e+01 -6.119366e+00 -1.809008e+01 -1.197901e+01 -9.189245e+00 3.609916e+00 -1.634843e+01 1.308157e+00 7.233718e+01 2.511053e-02 1.525516e+00 -3.039871e-01 -6.282308e-01 1.403333e+00 1.110181e+00 -2.369261e+00 -2.886324e-01 9.413329e-01 -9.630156e-01 -7.174026e-01 7.015560e-01 -2.943186e-01 2.545149e-01 1.670849e-02 -2.250368e-01 4.784453e-01 5.919954e-01 -4.405623e-01 -3.609706e-02 2.304443e-01 -1.748698e-01 -6.136472e-01 1.706610e-01 -1.121088e-01 -4.326292e-01 1.937367e-03 -2.288622e-01 8.660011e-02 -4.857667e-02 -2.683509e-01 -1.690309e-01 3.043215e-01 -5.236435e-03 -1.555804e-01 2.652815e-01 1.695446e-02 -1.205590e-01 1.932437e-01
<VARIANCE> 52
 5.493749e+00 1.589338e+01 1.192552e+01 2.443910e+01 2.722563e+01 1.742068e+01 3.512565e+01 2.771595e+01 2.977978e+01 3.260063e+01 2.578593e+01 3.392072e+01 1.062337e+01 3.294145e-01 4.446314e-01 1.233957e+00 1.228115e+00 1.986546e+00 1.898245e+00 2.485156e+00 2.454145e+00 2.475530e+00 2.389075e+00 1.293632e+00 1.728866e+00 4.054158e-01 7.218653e-02 2.759144e-01 2.275678e-01 2.361688e-01 4.915670e-01 3.890511e-01 6.234261e-01 3.116729e-01 4.961396e-01 6.466324e-01 2.552726e-01 3.860840e-01 1.504725e-01 1.852277e-02 2.840902e-02 4.824738e-02 4.933875e-02 7.321154e-02 1.004317e-01 1.010919e-01 7.741109e-02 1.222978e-01 1.114762e-01 5.821292e-02 6.583865e-02 2.191644e-02
<GCONST> 8.556802e+01
<MIXTURE> 3 2.277515e-01
<MEAN> 52
 -6.343448e+00 3.492791e-01 2.280904e+01 -1.525264e+01 -1.159013e+01 1.791417e+00 -1.262827e+01 -5.096658e+00 -1.436019e+01 4.615491e+00 2.996550e+00 -3.201852e+00 7.194509e+01 2.236777e-01 8.526618e-01 -3.678134e-01 3.115360e-02 9.750726e-01 3.763071e-01 -2.877194e-01 -1.068712e+00 -6.571492e-01 6.343014e-01 -4.993404e-02 -6.356974e-01 -5.423608e-01 9.066881e-02 5.257437e-02 -3.229394e-01 3.258716e-01 2.900424e-02 -2.469933e-01 1.033082e-01 2.176618e-02 4.569953e-02 -1.023818e-01 4.179262e-02 8.414554e-02 -9.243738e-02 -5.174420e-02 -6.120643e-02 3.005861e-02 -3.280904e-02 -1.249020e-01 -4.558546e-02 5.951839e-02 1.162871e-01 6.310313e-02 -9.410615e-02 2.275088e-02 8.908178e-02 9.132084e-02
<VARIANCE> 52
 8.672994e+00 1.981084e+01 1.716767e+01 6.210342e+01 3.046871e+01 2.190541e+01 2.028793e+01 2.391102e+01 2.478638e+01 3.582532e+01 1.447206e+01 2.985571e+01 9.702459e+00 1.868739e-01 1.918809e-01 7.751417e-01 8.667648e-01 4.987073e-01 1.176490e+00 7.500272e-01 7.567996e-01 8.899402e-01 6.694225e-01 6.571410e-01 7.170407e-01 1.082469e-01 3.206233e-02 7.925986e-02 7.658994e-02 1.169527e-01 1.543019e-01 1.128402e-01 1.488294e-01 1.852327e-01 1.425959e-01 2.023982e-01 9.235493e-02 1.501658e-01 3.084701e-02 8.907611e-03 2.327479e-02 1.450979e-02 3.373455e-02 2.090744e-02 3.142217e-02 2.815357e-02 3.160317e-02 3.260019e-02 3.046038e-02 2.419631e-02 3.337308e-02 7.294230e-03
<GCONST> 4.813935e+01
<STATE> 4
<NUMMIXES> 3
<MIXTURE> 1 2.928946e-01
<MEAN> 52
 -2.333967e+00 5.153872e+00 6.325424e+00 -8.338864e+00 -1.365227e+01 -5.205555e+00 -1.526482e+01 -8.940996e+00 -1.184017e+01 -1.464990e+00 -9.201506e+00 -4.877676e+00 6.874825e+01 -1.542244e-01 9.656619e-01 -7.017249e-01 6.840567e-01 2.032395e-01 -6.271333e-02 5.197474e-01 -8.738284e-01 1.171240e-02 -5.870830e-01 -6.862127e-02 4.439876e-02 -4.451184e-01 -5.918915e-01 2.729796e-01 9.131911e-02 2.043480e-01 2.408709e-01 -1.912642e-02 3.311976e-01 1.578072e-03 2.717034e-01 -2.506391e-01 2.883174e-01 1.407489e-01 6.302731e-02 -2.212148e-01 -6.126643e-02 -1.883976e-02 7.892970e-03 1.230608e-01 2.147081e-02 9.208117e-02 1.520276e-01 8.754095e-02 8.288758e-02 3.750045e-02 -3.094298e-02 6.037129e-02
<VARIANCE> 52
 1.522641e+01 2.055372e+01 3.406065e+01 1.361956e+02 4.729547e+01 3.808159e+01 1.014127e+02 9.512531e+01 3.939748e+01 8.915547e+01 1.284061e+02 4.176911e+01 2.231482e+01 1.535225e+00 1.537080e+00 3.104794e+00 3.309927e+00 3.503136e+00 2.732858e+00 3.652166e+00 3.387969e+00 3.101756e+00 3.676712e+00 4.500849e+00 3.173009e+00 5.061060e-01 2.892556e-01 3.296758e-01 4.220719e-01 7.759507e-01 7.199034e-01 5.553715e-01 8.516073e-01 6.534879e-01 6.129389e-01 6.389003e-01 7.771215e-01 6.692289e-01 8.600665e-02 3.092398e-02 6.702315e-02 1.234455e-01 1.464950e-01 1.633740e-01 1.468385e-01 1.896751e-01 1.391559e-01 1.395771e-01 1.556317e-01 1.836164e-01 1.354139e-01 2.320240e-02
<GCONST> 1.208027e+02
<MIXTURE> 2 2.795446e-01
<MEAN> 52
 -5.479903e+00 2.612995e+00 6.985891e+00 -2.162979e+01 -9.161539e+00 -7.852608e+00 -2.468355e+01 -9.627215e+00 -9.547908e+00 -2.300540e+00 -1.871867e+01 1.288803e+00 6.810818e+01 4.531674e-01 -7.421236e-03 -5.942084e-01 7.011504e-01 2.190008e-01 -3.848053e-01 -1.126651e-01 -1.534842e-01 -1.955578e-01 -4.683301e-01 -2.382277e-01 -4.967205e-01 -4.782035e-01 -7.524899e-02 1.616394e-02 -2.654121e-02 7.102215e-02 -2.438229e-01 -7.103044e-03 2.278077e-01 -1.433318e-01 -5.435605e-02 3.038563e-02 1.029588e-01 -5.691540e-02 1.517361e-02 -6.558772e-02 9.542608e-02 -9.105107e-03 -1.752077e-03 7.105424e-03 5.373956e-02 -2.421609e-02 -3.116726e-02 3.947637e-02 -4.252588e-02 4.569220e-02 3.284751e-02 1.009374e-02
<VARIANCE> 52
 1.067126e+01 1.288631e+01 1.348686e+01 5.616646e+01 4.512052e+01 2.431453e+01 2.216341e+01 5.376071e+01 2.595661e+01 4.888736e+01 3.736788e+01 3.194724e+01 2.060373e+01 2.849998e-01 7.166539e-01 6.629077e-01 1.353274e+00 1.488656e+00 1.278694e+00 2.005804e+00 1.856880e+00 1.606221e+00 1.697035e+00 1.332616e+00 1.151797e+00 1.320205e-01 4.222677e-02 1.672048e-01 1.396420e-01 2.435969e-01 2.034768e-01 2.665214e-01 4.006202e-01 2.966166e-01 3.026420e-01 3.395262e-01 3.400588e-01 2.376961e-01 2.163642e-02 1.102863e-02 1.950254e-02 3.002779e-02 6.341048e-02 4.076656e-02 5.859859e-02 8.871799e-02 6.503702e-02 6.434327e-02 7.872686e-02 7.851943e-02 5.126500e-02 4.577218e-03
<GCONST> 7.404084e+01
<MIXTURE> 3 4.275608e-01
<MEAN> 52
 -2.394163e+00 5.909658e+00 1.143250e+01 -3.589242e+00 -1.318628e+01 -6.828884e-01 -9.332929e+00 -7.429793e+00 -9.615051e+00 -3.596132e-01 3.276498e+00 -5.231024e+00 7.157772e+01 1.437098e-02 3.614119e-01 -6.591520e-01 4.003631e-01 5.073097e-01 -4.872836e-01 5.634378e-01 -2.390092e-01 -4.016691e-01 2.217690e-01 -2.056080e-01 -2.247478e-01 -1.501269e-01 -2.698449e-01 1.314431e-01 4.653088e-02 1.523343e-01 -1.850739e-02 -2.551286e-01 2.876913e-01 1.225778e-01 2.539285e-02 -1.087289e-01 -1.741825e-02 2.398451e-01 3.673394e-02 -1.304636e-01 1.020558e-01 -1.481984e-03 -2.674375e-02 8.291446e-02 7.705371e-02 2.209193e-02 -1.601831e-02 1.134554e-01 -3.170621e-02 -1.982125e-02 4.152167e-02 -1.346630e-03
<VARIANCE> 52
 9.889483e+00 2.305872e+01 4.063032e+01 5.449132e+01 3.200422e+01 8.543494e+01 6.223864e+01 6.298136e+01 5.734537e+01 4.785069e+01 3.420800e+01 3.303148e+01 1.306406e+01 4.263602e-01 5.676454e-01 1.129427e+00 1.489919e+00 1.181174e+00 1.828338e+00 1.818247e+00 1.575760e+00 1.890535e+00 1.699935e+00 1.612799e+00 1.467576e+00 1.885478e-01 8.747310e-02 1.623800e-01 2.153505e-01 2.644743e-01 3.385877e-01 4.328886e-01 4.096673e-01 3.637509e-01 4.633488e-01 2.955365e-01 3.247600e-01 2.557745e-01 3.269106e-02 1.627104e-02 2.787632e-02 4.814785e-02 5.458366e-02 8.322122e-02 8.442647e-02 7.983112e-02 7.811541e-02 8.607087e-02 6.661674e-02 7.675464e-02 6.137872e-02 8.891249e-03
<GCONST> 8.593291e+01
<STATE> 5
<NUMMIXES> 3
<MIXTURE> 1 3.702469e-01
<MEAN> 52
 -5.702470e+00 1.027590e+01 1.115728e+01 -2.672354e+00 -1.015937e+01 -2.975038e+00 -5.215164e+00 -8.581099e+00 -1.065741e+01 -5.791937e-01 2.210641e+00 -3.360018e+00 7.090950e+01 -2.703985e+00 2.436141e+00 -1.267071e+00 1.193575e+00 2.513695e+00 -1.191162e+00 2.554717e+00 -1.099920e-01 1.552604e+00 -8.105281e-01 -7.854789e-01 1.323716e+00 -3.093092e-01 -9.847651e-01 -7.662874e-02 -3.609492e-01 6.075477e-02 5.274105e-01 2.331547e-01 4.714171e-02 3.659285e-01 4.262638e-01 -2.599839e-02 -2.152604e-01 -2.787706e-02 -9.591766e-03 1.292184e-01 -4.147554e-01 -6.697754e-03 -2.282747e-01 -3.248007e-01 1.553767e-01 -3.544947e-01 1.226155e-02 -2.009517e-01 1.445975e-01 7.848492e-02 -2.170642e-01 3.130074e-02
<VARIANCE> 52
 1.073053e+01 1.957537e+01 2.586710e+01 4.752959e+01 3.498897e+01 4.157647e+01 5.550382e+01 4.975215e+01 4.253957e+01 3.552074e+01 3.023737e+01 3.488886e+01 1.516547e+01 1.629964e+00 1.493598e+00 2.928857e+00 3.483614e+00 4.411309e+00 2.823659e+00 2.679805e+00 4.542799e+00 3.688986e+00 3.464500e+00 2.608198e+00 2.356792e+00 4.280083e-01 1.769599e-01 4.282020e-01 3.201941e-01 3.512512e-01 5.554997e-01 4.664745e-01 6.130679e-01 5.166174e-01 4.957496e-01 4.544960e-01 4.560637e-01 4.029593e-01 6.627390e-02 5.654820e-02 5.558984e-02 8.361153e-02 9.002656e-02 1.764555e-01 1.158110e-01 1.047105e-01 1.563391e-01 1.299496e-01 1.218963e-01 1.076738e-01 8.678877e-02 1.477524e-02
<GCONST> 1.071366e+02
<MIXTURE> 2 4.571562e-01
<MEAN> 52
 -1.764414e+01 1.504120e+01 5.467087e+00 5.358327e-01 -1.874823e+00 -3.854218e+00 -6.529991e-01 -7.436702e+00 -5.380268e+00 -3.581207e+00 -2.647372e+00 -1.788288e+00 6.955679e+01 -4.519246e+00 -1.680553e-01 -1.759104e+00 4.440647e-01 2.131907e+00 6.528770e-01 1.531305e+00 1.263604e+00 1.711809e+00 2.305033e-01 -1.454789e-01 4.168193e-01 5.225426e-02 2.656781e-01 -9.398919e-01 -1.755335e-01 -8.230757e-01 -8.506869e-01 2.332100e-02 -7.714124e-01 -5.975250e-02 -2.717843e-01 3.250498e-01 1.420101e-01 -1.433434e-01 2.807857e-02 5.060930e-01 8.591606e-02 1.658515e-01 -6.453198e-02 -3.017179e-01 -1.910314e-01 -1.156345e-01 -2.290609e-01 -2.165086e-01 -6.938780e-02 4.455045e-02 -1.759809e-02 -2.408560e-02
<VARIANCE> 52
 3.292345e+01 1.690690e+01 3.609309e+01 3.660410e+01 3.106512e+01 2.851601e+01 3.899173e+01 3.396627e+01 2.797474e+01 3.287901e+01 3.313756e+01 2.460073e+01 1.920984e+01 1.770194e+00 2.699635e+00 2.489944e+00 2.707350e+00 2.965959e+00 3.046822e+00 4.043857e+00 2.859943e+00 2.987030e+00 3.220402e+00 3.421309e+00 2.701882e+00 5.201243e-01 4.463280e-01 3.088328e-01 4.012178e-01 4.133522e-01 6.257647e-01 5.332186e-01 4.923745e-01 5.230263e-01 5.872670e-01 5.660858e-01 5.393609e-01 5.418305e-01 8.302172e-02 5.705406e-02 1.003734e-01 9.216837e-02 8.582684e-02 1.390138e-01 1.073397e-01 1.452706e-01 9.710129e-02 1.264940e-01 1.344733e-01 1.141547e-01 1.213868e-01 1.848210e-02
<GCONST> 1.096270e+02
<MIXTURE> 3 1.725969e-01
<MEAN> 52
 -1.086508e+01 1.147749e+01 1.604492e+00 -1.224381e+01 -1.207797e+01 -9.827484e+00 -1.974301e+01 -1.805833e+01 -1.032747e+01 -1.026286e+01 -1.236886e+01 -4.522290e+00 6.605855e+01 -4.137194e+00 1.593179e+00 -1.021689e+00 3.528287e+00 9.916818e-01 3.981381e-01 3.570098e+00 6.652929e-01 1.137102e+00 -5.169739e-01 2.266134e+00 -1.165223e+00 4.672877e-01 -7.175446e-01 -6.298645e-01 -5.451896e-02 9.909228e-02 6.754703e-01 5.545020e-01 6.683249e-01 9.054109e-01 4.931950e-01 7.954055e-01 7.023571e-02 3.445911e-01 2.360881e-01 4.185697e-01 -2.356510e-01 3.106063e-02 -5.100664e-01 -1.099270e-01 2.624351e-02 -4.413221e-01 -7.158343e-02 -9.236798e-02 1.583803e-01 -2.342865e-01 2.375470e-01 -7.667363e-02
<VARIANCE> 52
 3.010998e+01 1.967947e+01 2.495960e+01 5.698990e+01 2.204896e+01 3.424170e+01 3.570482e+01 4.027361e+01 2.086115e+01 2.831555e+01 2.744547e+01 4.002394e+01 2.336971e+01 1.715614e+00 2.172004e+00 1.656587e+00 4.242229e+00 5.105523e+00 5.283171e+00 3.073102e+00 3.215837e+00 2.241264e+00 4.395885e+00 3.670794e+00 3.438331e+00 5.195433e-01 4.418848e-01 3.206562e-01 3.417459e-01 9.377233e-01 5.566120e-01 5.593340e-01 7.669421e-01 3.361781e-01 4.037737e-01 4.828593e-01 7.189597e-01 8.522927e-01 8.909380e-02 6.944501e-02 8.452768e-02 6.184618e-02 1.313682e-01 1.945675e-01 2.006389e-01 1.517847e-01 1.394637e-01 1.025468e-01 1.747214e-01 1.834606e-01 1.395625e-01 1.805929e-02
<GCONST> 1.137579e+02
<STATE> 6
<NUMMIXES> 3
<MIXTURE> 1 2.576748e-01
<MEAN> 52
 -2.629765e+01 1.065365e+01 -6.860437e-01 -2.096829e+00 -2.281264e+00 -4.401784e+00 -5.719890e-01 -6.195479e+00 -2.752450e+00 -2.121107e+00 -1.612713e+00 -1.497927e+00 6.962637e+01 -2.349344e+00 -1.711570e+00 -1.884326e+00 -1.853080e+00 -9.396771e-01 -4.967845e-01 -3.683557e-01 -1.398625e-01 3.856737e-01 5.197624e-01 3.629842e-01 3.872011e-01 5.783057e-02 1.078593e+00 -1.813950e-02 5.251886e-01 -1.670655e-01 -4.604049e-01 -1.179590e-01 -3.275236e-01 -2.306755e-01 -4.105195e-01 -1.997841e-02 2.963905e-02 -3.780532e-02 -1.917096e-02 1.276341e-01 3.549539e-01 2.886359e-01 3.965435e-01 3.420085e-01 8.091128e-02 2.154233e-01 7.746496e-02 6.627356e-02 -1.336446e-01 -9.636170e-02 -2.695700e-02 -9.482170e-03
<VARIANCE> 52
 1.127322e+01 2.118537e+01 3.721585e+01 3.428445e+01 2.640944e+01 3.218059e+01 4.363012e+01 4.280418e+01 2.667788e+01 3.281024e+01 3.059620e+01 2.525295e+01 1.509716e+01 1.690600e+00 9.128097e-01 1.499448e+00 1.183541e+00 1.597887e+00 1.946591e+00 2.158962e+00 1.958578e+00 2.253505e+00 2.102584e+00 2.196440e+00 1.970738e+00 2.455484e-01 1.619954e-01 3.352476e-01 4.181593e-01 4.633514e-01 5.766407e-01 4.849772e-01 5.547794e-01 3.901325e-01 4.450455e-01 4.162515e-01 4.346142e-01 4.219446e-01 6.466766e-02 6.297041e-02 4.625946e-02 5.855266e-02 5.131153e-02 7.658112e-02 9.912118e-02 1.086110e-01 8.685782e-02 1.188816e-01 9.929130e-02 1.041401e-01 1.087812e-01 1.202504e-02
<GCONST> 9.580322e+01
<MIXTURE> 2 6.128327e-01
<MEAN> 52
 -2.970412e+01 8.381557e+00 -2.311496e+00 -6.555380e+00 -3.113640e+00 -4.318067e+00 -3.006777e+00 -5.440228e+00 -3.108714e+00 -7.369816e-01 -2.006050e+00 -1.061978e+00 6.915056e+01 -1.116958e-01 -5.071487e-01 2.765898e-01 -2.877797e-01 4.339738e-02 1.875286e-01 1.618671e-01 3.049006e-01 1.324667e-01 1.672132e-01 1.850264e-02 9.051806e-02 -1.661562e-01 7.044092e-01 1.954019e-01 5.641941e-01 1.543508e-01 -1.513656e-01 -1.226710e-01 -2.542933e-01 -2.224066e-01 -2.627200e-01 -2.261087e-01 -1.156429e-01 -7.610779e-02 -7.550700e-04 2.350916e-02 -8.571730e-03 2.500126e-02 -1.889895e-03 -8.748443e-02 -6.387836e-02 -1.185560e-01 -7.428416e-02 -6.387529e-02 -4.971923e-02 1.131555e-02 9.005005e-03 6.445533e-02
<VARIANCE> 52
 8.714282e+00 1.588259e+01 3.463811e+01 2.202764e+01 1.620614e+01 3.089630e+01 4.035547e+01 3.290011e+01 2.737825e+01 2.290037e+01 2.504950e+01 1.580878e+01 1.708799e+01 7.903861e-01 6.532965e-01 1.300655e+00 1.079346e+00 1.379522e+00 1.538250e+00 1.664451e+00 1.803195e+00 1.953971e+00 2.091301e+00 1.762469e+00 1.543679e+00 2.073347e-01 2.707087e-01 1.830398e-01 3.101131e-01 3.296270e-01 3.859606e-01 4.163913e-01 4.456290e-01 4.681080e-01 4.486510e-01 4.094589e-01 3.835284e-01 3.263702e-01 4.545702e-02 4.746089e-02 3.441115e-02 4.832851e-02 5.343191e-02 8.149518e-02 9.278020e-02 1.013012e-01 8.659715e-02 1.075139e-01 1.014426e-01 9.522301e-02 8.651624e-02 1.260481e-02
<GCONST> 8.693719e+01
<MIXTURE> 3 1.294926e-01
<MEAN> 52
 -2.373659e+01 8.286723e+00 -6.866960e-01 -1.029400e+01 -9.961616e+00 -6.352287e+00 -9.738187e+00 -1.291402e+01 -5.715596e+00 -3.312846e+00 -4.549139e+00 -1.663264e+00 6.681539e+01 3.490896e+00 -1.646620e-01 2.018320e+00 -2.523932e+00 -2.739054e+00 -2.251694e+00 -3.598096e+00 -3.228923e+00 -2.906863e+00 -1.620422e+00 -2.211758e+00 -5.111086e-01 6.966041e-01 5.672117e-02 -4.675000e-01 2.979855e-01 -5.014604e-01 2.580374e-01 1.604897e-01 -5.842208e-02 2.373655e-01 -1.275770e-01 -1.478899e-02 -6.135099e-01 -1.017080e-01 3.533162e-01 -4.800989e-01 -8.528305e-02 -1.589441e-01 2.146002e-01 4.540156e-01 3.474402e-01 5.060623e-01 5.162889e-01 3.961717e-01 2.693309e-01 2.517030e-01 8.878879e-02 -8.713528e-02
<VARIANCE> 52
 4.360820e+01 1.876099e+01 2.933674e+01 2.494943e+01 4.527519e+01 5.172389e+01 7.420178e+01 6.483112e+01 4.721981e+01 3.102656e+01 2.962560e+01 2.082839e+01 2.406496e+01 1.115632e+00 1.474841e+00 1.716597e+00 2.381251e+00 2.007921e+00 3.050037e+00 3.824394e+00 2.286509e+00 2.503203e+00 2.131916e+00 3.088962e+00 3.008667e+00 7.211879e-01 8.617255e-01 2.527116e-01 3.515560e-01 4.247658e-01 1.009164e+00 9.444879e-01 1.324427e+00 1.305138e+00 9.183007e-01 6.501998e-01 5.397160e-01 3.847036e-01 8.865254e-02 4.304978e-02 7.171866e-02 6.998292e-02 9.270396e-02 8.933864e-02 1.317900e-01 1.374261e-01 1.124162e-01 1.057443e-01 8.902553e-02 1.307098e-01 9.839789e-02 3.114454e-02
<GCONST> 1.121128e+02
<STATE> 7
<NUMMIXES> 3
<MIXTURE> 1 1.589005e-01
<MEAN> 52
 -1.090036e+01 2.486691e+00 1.587625e+01 -2.363056e+00 -1.299839e+01 -9.359282e+00 -1.025351e+01 -9.011019e+00 -8.791438e+00 -5.468176e+00 7.417273e-01 1.115235e+00 7.533128e+01 3.753137e+00 -2.836145e+00 3.777318e+00 2.818350e-01 -3.009061e+00 -2.947068e-01 -3.377002e+00 -6.733896e-01 -1.107107e+00 -1.731755e+00 1.489458e+00 9.699829e-01 1.777066e+00 -1.110508e+00 1.294803e-02 -8.307216e-01 -4.821202e-01 3.132587e-01 3.990325e-01 3.517117e-01 2.520643e-01 1.371371e-01 2.706638e-01 1.034334e-01 -1.303219e-01 -3.261770e-01 -3.969327e-01 3.825044e-01 -3.957071e-01 -6.302745e-02 3.769085e-01 9.936457e-02 4.863413e-01 1.237715e-01 1.160800e-01 2.540440e-01 -2.497934e-01 -2.076727e-01 -2.877704e-01
<VARIANCE> 52
 1.277819e+01 3.122047e+01 2.119926e+01 3.137471e+01 1.696476e+01 2.111033e+01 4.899275e+01 1.669303e+01 3.452009e+01 2.903956e+01 1.143339e+01 1.743589e+01 4.339679e+00 2.263223e+00 1.090449e+00 3.046129e+00 2.122521e+00 1.963939e+00 2.906216e+00 9.936053e-01 1.912889e+00 2.048203e+00 2.242124e+00 1.303063e+00 2.055772e+00 6.711847e-01 2.533281e-01 5.546959e-01 3.123930e-01 1.711435e-01 4.445232e-01 3.718293e-01 3.068251e-01 2.211811e-01 2.958764e-01 3.041160e-01 2.076824e-01 2.807003e-01 1.018450e-01 8.925412e-02 4.057949e-02 8.046843e-02 5.255230e-02 7.648838e-02 1.062320e-01 3.579187e-02 5.801200e-02 7.806782e-02 7.581006e-02 4.801199e-02 7.324380e-02 2.311997e-02
<GCONST> 8.804429e+01
<MIXTURE> 2 5.398547e-01
<MEAN> 52
 -2.501899e+01 7.099748e+00 4.068415e+00 -4.992982e+00 -2.761618e+00 -4.395955e+00 -8.156728e-01 -4.914762e+00 -4.053525e+00 -1.748073e+00 -2.215143e+00 -1.167084e+00 6.909000e+01 4.040496e+00 3.628234e-01 3.676508e+00 1.156323e+00 -1.341066e+00 -7.333269e-01 -1.983840e+00 -8.485937e-01 -1.483037e+00 -1.120822e+00 9.666276e-02 -1.316193e-01 6.050017e-01 9.857547e-01 -1.638092e-01 6.514547e-01 2.096104e-01 -7.873824e-01 -1.293576e-01 -9.224974e-01 -2.943431e-01 -4.764313e-01 -2.866083e-01 3.823454e-01 6.067710e-02 4.460765e-01 -5.551439e-01 -2.651134e-01 -4.703061e-01 -2.795220e-01 2.005966e-02 1.604152e-01 1.374615e-01 1.575000e-01 1.752266e-01 1.539290e-01 6.012464e-02 1.454861e-02 -5.125834e-02
<VARIANCE> 52
 2.085578e+01 2.149422e+01 3.731014e+01 2.100963e+01 2.037250e+01 2.719529e+01 3.269863e+01 2.864149e+01 2.644765e+01 2.326004e+01 2.026838e+01 1.815232e+01 1.127400e+01 2.263870e+00 2.723804e+00 2.544316e+00 1.890519e+00 3.027846e+00 2.308203e+00 2.247389e+00 2.039221e+00 2.173048e+00 1.819094e+00 1.952286e+00 1.448389e+00 6.609070e-01 4.070288e-01 3.669271e-01 5.003904e-01 3.253111e-01 3.639691e-01 4.891455e-01 3.745940e-01 3.046674e-01 5.252415e-01 4.374921e-01 3.992462e-01 4.090950e-01 7.434198e-02 7.200610e-02 8.353681e-02 7.112806e-02 5.426456e-02 1.439116e-01 8.831676e-02 1.052282e-01 8.218102e-02 8.617311e-02 8.145953e-02 9.260976e-02 7.354386e-02 2.638275e-02
<GCONST> 9.824277e+01
<MIXTURE> 3 3.012448e-01
<MEAN> 52
 -1.663037e+01 2.828056e+00 7.229735e+00 -2.106665e+01 -1.161357e+01 -1.009486e+01 -1.651081e+01 -1.861226e+01 -1.208922e+01 -6.889436e+00 -1.495216e+01 -2.467374e+00 7.117204e+01 2.432100e-01 -1.364219e+00 1.822202e+00 -2.135642e+00 1.106837e+00 5.487034e-02 -4.214030e-01 4.561066e-01 -5.520364e-01 2.187602e-01 -1.737442e+00 1.222512e-01 7.339532e-01 -6.242009e-01 3.042392e-01 -4.467941e-01 5.844873e-01 3.835980e-01 3.151962e-01 5.247389e-01 4.963275e-01 5.315478e-01 3.673861e-01 6.377179e-01 1.763643e-01 -2.089385e-01 2.125732e-01 1.787384e-01 -1.122443e-01 1.077902e-01 -3.247918e-01 -1.696258e-01 -1.778998e-01 -2.781093e-01 -9.059362e-02 -1.338295e-01 9.043971e-02 -3.356157e-02 -5.616058e-02
<VARIANCE> 52
 6.922656e+00 1.130294e+01 2.117878e+01 2.358871e+01 2.503592e+01 1.327186e+01 2.187912e+01 3.706717e+01 2.329642e+01 1.415933e+01 2.187146e+01 3.773502e+01 1.496828e+01 1.015054e+00 1.497863e+00 1.965537e+00 2.144393e+00 1.897296e+00 2.190123e+00 2.379209e+00 1.719870e+00 1.127044e+00 1.612086e+00 2.056877e+00 1.698750e+00 2.567975e-01 2.776217e-01 1.687540e-01 2.985554e-01 2.772656e-01 6.355429e-01 3.569009e-01 5.888072e-01 4.331373e-01 2.768403e-01 2.777057e-01 2.375561e-01 3.052309e-01 4.128009e-02 3.742589e-02 6.610693e-02 7.226568e-02 8.425073e-02 6.995683e-02 7.439076e-02 9.224389e-02 7.697200e-02 5.222439e-02 6.189818e-02 8.813556e-02 5.335968e-02 1.351694e-02
<GCONST> 8.556132e+01
<STATE> 8
<NUMMIXES> 3
<MIXTURE> 1 2.976344e-01
<MEAN> 52
 -8.602063e+00 2.324778e+00 1.813562e+01 -4.412047e+00 -1.531526e+01 -4.637722e+00 -1.583125e+01 -7.374925e+00 -1.231199e+01 -5.961326e+00 1.581242e+00 -1.576246e+00 7.407492e+01 7.346405e-01 -1.095030e+00 8.399477e-01 -4.364036e-01 -1.249251e+00 9.537832e-01 -1.435177e+00 4.782560e-01 -5.763987e-01 -1.300020e-01 8.160190e-01 -5.580239e-01 2.988313e-01 -8.100094e-01 4.433262e-01 -7.939209e-01 2.275986e-02 7.409889e-01 -3.157314e-02 9.180313e-01 1.280941e-01 4.322224e-01 2.489758e-01 -2.565755e-01 -1.227840e-01 -3.495505e-01 2.623317e-01 1.449785e-01 1.562041e-01 1.401153e-01 3.179969e-02 -1.975885e-01 1.570128e-02 -1.332115e-01 -4.142683e-02 -5.808251e-02 -1.118307e-01 6.429470e-02 -5.335276e-03
<VARIANCE> 52
 1.160619e+01 2.332846e+01 2.363598e+01 4.454451e+01 2.640440e+01 3.988422e+01 3.756266e+01 4.937405e+01 4.018409e+01 4.522875e+01 2.847018e+01 2.820615e+01 1.318662e+01 5.141708e-01 8.498895e-01 1.206167e+00 1.326845e+00 1.862998e+00 1.559609e+00 1.961242e+00 1.360898e+00 1.536373e+00 1.981601e+00 1.362266e+00 1.382827e+00 2.001747e-01 2.109301e-01 1.590728e-01 2.636792e-01 2.346107e-01 3.036455e-01 3.855218e-01 2.948413e-01 3.807012e-01 3.231138e-01 3.377893e-01 2.954758e-01 2.987406e-01 6.326395e-02 3.366135e-02 4.743347e-02 4.233478e-02 4.220498e-02 9.129331e-02 6.019944e-02 8.804937e-02 5.698923e-02 6.126081e-02 6.677379e-02 6.222586e-02 5.652049e-02 1.559494e-02
<GCONST> 8.472849e+01
<MIXTURE> 2 4.890544e-01
<MEAN> 52
 -1.745238e+01 2.132694e+00 1.058919e+01 -2.721445e+01 -7.820085e+00 -1.119059e+01 -1.624924e+01 -1.639711e+01 -1.037506e+01 -4.541639e+00 -1.823956e+01 -8.832010e-01 7.277620e+01 1.715901e-01 -6.808186e-02 6.099727e-02 -1.745352e-01 -5.241983e-02 9.421188e-02 -2.892690e-02 1.684661e-01 1.028215e-01 1.772298e-01 -1.021086e-01 -2.543876e-03 -1.222941e-01 4.202568e-02 9.702767e-03 -7.695309e-02 9.248250e-02 -9.377918e-02 2.650124e-02 6.875090e-04 -4.407770e-02 2.486299e-02 -4.744511e-02 5.306011e-02 -3.483588e-02 -7.133786e-02 1.081069e-02 -1.525253e-02 1.992588e-02 -3.340375e-02 7.966286e-03 -1.163026e-02 -4.795367e-03 -5.471851e-03 -1.486720e-02 -1.792479e-02 -2.778759e-02 2.459417e-03 1.698253e-03
<VARIANCE> 52
 1.043310e+01 8.153366e+00 1.032930e+01 1.840565e+01 8.862921e+00 1.512751e+01 2.407014e+01 1.991156e+01 1.928847e+01 1.840671e+01 1.606360e+01 8.885028e+00 5.210167e+00 1.101653e-01 1.620663e-01 2.653109e-01 4.414025e-01 3.868723e-01 4.603627e-01 6.224698e-01 6.010882e-01 4.866756e-01 4.764950e-01 5.831000e-01 3.485959e-01 1.035677e-01 2.037917e-02 3.449869e-02 5.464554e-02 8.722595e-02 8.289050e-02 8.165512e-02 1.250429e-01 1.120886e-01 9.247547e-02 9.910033e-02 1.156722e-01 6.665719e-02 6.614171e-03 4.889729e-03 1.031414e-02 1.577305e-02 2.378174e-02 1.847983e-02 2.020899e-02 2.900070e-02 2.601672e-02 2.177377e-02 2.286352e-02 3.170609e-02 1.583670e-02 2.076672e-03
<GCONST> 2.392456e+01
<MIXTURE> 3 2.133113e-01
<MEAN> 52
 -1.198296e+01 9.341323e+00 1.417709e+01 -1.771178e+00 -9.006721e+00 -6.963073e+00 -9.075418e+00 -8.934155e+00 -9.798112e+00 -5.628634e+00 -6.631493e-01 -1.275340e+00 7.189529e+01 3.913405e+00 -1.009873e+00 3.020071e+00 2.122241e-01 -3.353512e+00 -6.408440e-02 -3.582592e+00 -5.892984e-01 -2.149098e+00 -7.002161e-01 1.227990e+00 -2.500332e-01 1.141485e+00 -8.477433e-01 -5.941732e-01 -7.603878e-01 -3.969964e-01 -2.276874e-02 4.764978e-01 1.842734e-01 4.561316e-01 3.326756e-01 3.262701e-01 1.728836e-01 -1.057472e-01 -6.243768e-02 -4.753229e-01 1.364081e-01 -3.211017e-01 -9.868043e-03 4.732692e-01 1.253568e-02 4.876780e-01 1.152480e-01 2.660551e-01 8.122979e-02 -1.981658e-01 -2.275753e-03 -1.880555e-01
<VARIANCE> 52
 1.605829e+01 1.993204e+01 1.863566e+01 1.906525e+01 3.825810e+01 3.162331e+01 3.302140e+01 3.612600e+01 2.223440e+01 2.762844e+01 2.026072e+01 1.728608e+01 1.279031e+01 1.995411e+00 1.928616e+00 3.467015e+00 2.627654e+00 2.364856e+00 3.494293e+00 3.149493e+00 3.301813e+00 3.607444e+00 2.899484e+00 2.346758e+00 2.034787e+00 4.924523e-01 3.350920e-01 2.015650e-01 3.014825e-01 1.926251e-01 5.660941e-01 3.471876e-01 5.512837e-01 3.666638e-01 3.445625e-01 3.305095e-01 4.123321e-01 2.959851e-01 7.454951e-02 8.544362e-02 6.023484e-02 1.106365e-01 7.315636e-02 8.789795e-02 1.295201e-01 1.170438e-01 1.147680e-01 1.247859e-01 9.652968e-02 1.111330e-01 8.891991e-02 1.859535e-02
<GCONST> 9.990292e+01
<STATE> 9
<NUMMIXES> 3
<MIXTURE> 1 4.278836e-01
<MEAN> 52
 -7.666112e+00 3.466548e+00 1.730688e+01 -3.757419e+00 -1.534160e+01 -5.688544e+00 -1.509855e+01 -7.817546e+00 -1.156084e+01 -6.542928e+00 2.761166e+00 -2.229542e+00 7.322072e+01 3.019889e-01 -1.056442e-01 -1.060191e-01 7.903720e-02 -2.067572e-01 -5.278269e-02 9.368962e-02 2.247429e-01 7.256998e-02 1.527861e-01 -3.033412e-03 -1.965346e-01 -2.808126e-01 -2.248758e-02 1.354727e-01 -2.042690e-01 1.437627e-01 3.022200e-01 -8.749447e-02 2.892848e-01 2.544740e-02 1.111093e-01 1.295133e-01 -2.323506e-01 3.221567e-02 -2.076410e-01 9.402429e-02 -2.286377e-02 4.505405e-02 2.392424e-02 4.756751e-03 2.716983e-02 -6.679749e-02 -2.315287e-02 -2.403170e-02 -3.235446e-02 -8.361167e-03 2.063500e-02 -1.669456e-02
<VARIANCE> 52
 1.089736e+01 2.932128e+01 4.018133e+01 5.043276e+01 5.033355e+01 7.593621e+01 4.327634e+01 4.971132e+01 4.931850e+01 5.172699e+01 2.712953e+01 2.953914e+01 1.283152e+01 2.425042e-01 4.942868e-01 8.008873e-01 8.930163e-01 9.519603e-01 1.141483e+00 1.297497e+00 1.087909e+00 9.626014e-01 1.059721e+00 9.333155e-01 7.355421e-01 2.314975e-01 8.465604e-02 1.172200e-01 1.550894e-01 1.857882e-01 2.938228e-01 2.199995e-01 3.372440e-01 2.194247e-01 2.404166e-01 2.132072e-01 2.337222e-01 1.692556e-01 6.688773e-02 2.463399e-02 2.338323e-02 4.201227e-02 3.881364e-02 6.630974e-02 4.537810e-02 7.159207e-02 5.427447e-02 4.875349e-02 4.244365e-02 4.567638e-02 3.492709e-02 1.329193e-02
<GCONST> 7.352267e+01
<MIXTURE> 2 2.249624e-01
<MEAN> 52
 -1.335156e+01 1.120930e+00 8.839111e+00 -2.501624e+01 -1.273633e+01 -6.997563e+00 -1.926823e+01 -1.296796e+01 -1.127314e+01 -5.235441e+00 -1.729998e+01 -4.440051e+00 6.835252e+01 4.725192e-01 7.160275e-02 -3.670444e-01 2.393243e-01 -3.363792e-01 9.467476e-02 -2.691770e-02 -2.355144e-02 1.387253e-01 -2.198691e-01 4.605187e-02 1.422773e-01 -6.393682e-01 9.368674e-02 7.314600e-02 -9.141018e-02 2.870400e-01 -2.126011e-03 -7.079128e-02 1.154752e-02 -1.796892e-02 -3.085007e-02 -9.918379e-03 1.431206e-01 8.063107e-02 -1.615206e-01 -3.496608e-03 -1.653038e-02 1.137597e-02 6.206617e-02 5.683966e-02 6.281584e-03 1.052052e-02 4.149280e-02 -1.241658e-02 1.165030e-02 3.455744e-02 -1.464043e-02 -7.776137e-03
<VARIANCE> 52
 1.558187e+01 1.850723e+01 1.628354e+01 2.149047e+01 3.505068e+01 2.605999e+01 5.383504e+01 2.665348e+01 1.792672e+01 1.875848e+01 2.804522e+01 2.607525e+01 2.528778e+01 2.811256e-01 4.647728e-01 6.217961e-01 1.171146e+00 9.528925e-01 1.170257e+00 1.148345e+00 1.029845e+00 9.907576e-01 1.252579e+00 1.180783e+00 6.546159e-01 3.182687e-01 4.065986e-02 7.352205e-02 1.253015e-01 2.255905e-01 1.609841e-01 2.223899e-01 2.595241e-01 1.989081e-01 1.704988e-01 2.169222e-01 2.490495e-01 1.213113e-01 3.116309e-02 1.119933e-02 1.832682e-02 2.219428e-02 4.438063e-02 4.499346e-02 5.222883e-02 6.684329e-02 4.931466e-02 4.491528e-02 5.371444e-02 5.289218e-02 3.215516e-02 5.415762e-03
<GCONST> 6.281643e+01
<MIXTURE> 3 3.471539e-01
<MEAN> 52
 -7.922799e+00 4.354219e-01 2.055083e+01 -8.189719e+00 -1.661648e+01 -5.040047e+00 -1.734361e+01 -7.641075e+00 -1.443394e+01 -5.001522e+00 3.250022e+00 -2.153085e+00 7.416075e+01 1.491089e-01 4.741657e-02 9.999655e-02 -1.496268e-01 -1.750586e-01 1.847833e-01 3.229684e-03 2.236478e-02 -1.043278e-01 1.700811e-01 1.097441e-01 -1.616777e-01 -2.276846e-01 5.389062e-03 4.893823e-02 -7.769988e-02 5.689821e-02 2.719905e-02 -8.130985e-02 9.897938e-02 -2.066934e-02 2.334015e-02 2.000686e-02 -2.822154e-02 5.178104e-03 -5.236549e-02 2.364851e-02 -1.602637e-02 8.288706e-03 6.563360e-03 -1.137651e-03 -4.578656e-03 -1.104368e-02 1.244601e-02 2.922557e-05 -1.881988e-03 -7.920071e-03 -3.594613e-03 -7.552925e-03
<VARIANCE> 52
 1.184517e+01 2.503716e+01 2.183382e+01 4.875597e+01 2.160236e+01 3.793747e+01 1.839186e+01 3.882310e+01 4.005739e+01 5.030996e+01 2.941795e+01 1.746122e+01 8.852874e+00 4.362421e-02 1.275883e-01 2.194176e-01 2.465637e-01 3.359481e-01 3.686132e-01 4.796475e-01 3.573121e-01 3.388348e-01 4.520493e-01 3.773127e-01 3.500192e-01 5.970704e-02 8.530581e-03 1.865885e-02 3.305801e-02 5.219336e-02 5.595404e-02 6.116601e-02 7.829244e-02 7.333335e-02 6.754120e-02 1.015589e-01 6.663875e-02 5.845585e-02 7.431081e-03 3.131140e-03 6.578891e-03 9.469129e-03 1.113805e-02 1.389006e-02 1.476895e-02 2.359514e-02 1.611775e-02 1.747301e-02 2.202719e-02 1.681832e-02 1.447713e-02 2.658128e-03
<GCONST> 1.905875e+01
<STATE> 10
<NUMMIXES> 3
<MIXTURE> 1 4.085309e-01
<MEAN> 52
 -4.954476e+00 3.417965e+00 1.700578e+01 -4.247149e+00 -1.488282e+01 -4.658365e+00 -1.341235e+01 -5.724494e+00 -1.134833e+01 -1.490482e+00 1.297636e+00 -2.783901e+00 6.797707e+01 2.128133e-01 6.176850e-01 -1.120712e+00 8.983347e-01 1.089060e+00 1.851016e-01 9.814367e-01 -1.492167e-01 5.892901e-01 3.293322e-01 -6.605503e-01 -1.128954e-01 -1.363060e+00 -5.674333e-02 -1.049512e-01 -1.436125e-01 1.245871e-01 2.447681e-01 5.514019e-02 1.147037e-01 2.569199e-03 1.368809e-01 -1.544761e-01 -2.531967e-02 8.186612e-02 -1.604099e-01 -3.283401e-02 -1.243808e-01 3.342087e-02 -1.217630e-01 -7.991327e-02 -1.112702e-02 -8.206686e-02 3.024358e-02 -2.812333e-02 -1.461318e-02 7.167096e-02 1.329169e-02 6.754368e-02
<VARIANCE> 52
 7.014254e+00 2.544303e+01 2.138840e+01 5.604918e+01 3.191487e+01 6.815027e+01 6.178375e+01 4.288548e+01 5.697619e+01 4.175262e+01 2.031652e+01 2.525930e+01 2.080427e+01 3.299194e-01 1.001356e+00 8.625986e-01 1.702956e+00 1.146403e+00 1.536527e+00 2.602394e+00 1.576659e+00 1.708543e+00 1.955799e+00 1.424637e+00 1.332069e+00 3.527806e-01 6.482101e-02 2.038083e-01 2.062716e-01 3.310874e-01 3.168302e-01 3.171040e-01 4.814994e-01 3.200509e-01 3.182530e-01 2.634338e-01 3.261010e-01 2.752306e-01 8.067232e-02 1.454145e-02 3.638222e-02 3.629041e-02 6.676107e-02 5.277101e-02 6.304016e-02 1.094322e-01 6.708628e-02 6.865983e-02 7.514028e-02 5.952243e-02 5.611478e-02 9.962181e-03
<GCONST> 8.416968e+01
<MIXTURE> 2 3.131294e-01
<MEAN> 52
 -9.837106e+00 2.692837e+00 6.035006e+00 -1.675197e+01 -1.236966e+01 -8.347892e+00 -1.778073e+01 -1.441343e+01 -1.061454e+01 -4.976682e+00 -1.284343e+01 -6.015050e-03 6.269883e+01 4.491773e-01 -1.516104e-01 -9.344926e-01 2.265169e+00 8.704993e-01 -4.881133e-02 9.823056e-01 7.690414e-01 5.848334e-01 -3.332632e-01 1.314860e+00 3.226399e-02 -1.687589e+00 -2.230116e-01 -2.238505e-01 -4.927453e-02 -5.125653e-02 3.371293e-01 1.461517e-01 3.540628e-01 3.608527e-01 2.304020e-01 1.633009e-01 1.341518e-01 -6.172352e-02 1.166332e-02 -3.911432e-02 -2.526553e-02 6.404510e-02 -2.236947e-01 -8.289156e-02 4.377913e-02 -5.080857e-02 -3.054130e-02 -3.405754e-03 1.163452e-01 -1.022034e-01 3.504431e-02 1.251057e-01
<VARIANCE> 52
 1.265755e+01 2.717321e+01 2.653579e+01 4.601078e+01 3.993723e+01 3.661589e+01 3.795111e+01 4.660868e+01 3.135790e+01 5.737878e+01 4.195172e+01 6.284389e+01 4.185224e+01 1.195773e+00 1.833686e+00 1.777570e+00 2.244954e+00 2.487945e+00 3.579768e+00 3.976610e+00 3.151379e+00 3.175667e+00 3.315521e+00 2.874972e+00 2.872888e+00 7.175047e-01 1.544339e-01 2.774128e-01 2.814220e-01 5.240249e-01 3.283849e-01 6.184437e-01 5.292633e-01 4.910816e-01 5.227371e-01 6.423345e-01 5.121971e-01 4.645284e-01 1.347074e-01 4.552840e-02 6.844771e-02 6.707242e-02 8.816221e-02 9.200261e-02 1.420908e-01 1.470510e-01 1.368793e-01 1.378714e-01 1.510063e-01 1.211781e-01 1.059810e-01 2.320872e-02
<GCONST> 1.097351e+02
<MIXTURE> 3 2.783397e-01
<MEAN> 52
 -4.057412e+00 4.373712e+00 1.295589e+01 2.701006e+00 -1.202831e+01 -4.445586e+00 -9.087431e+00 -6.143804e+00 -9.382000e+00 -5.069277e+00 3.181812e-01 -4.297894e+00 6.731965e+01 8.195913e-01 8.376861e-02 -1.645206e+00 9.720326e-01 3.048813e+00 -2.647326e-01 1.753886e+00 7.147992e-01 9.298853e-01 4.225424e-01 -1.973144e+00 1.340611e-01 -2.250193e+00 -3.040317e-01 -1.341504e-01 -5.221597e-02 -4.658622e-01 5.658816e-02 2.348886e-01 -2.593618e-01 -7.138201e-02 9.924331e-02 -2.527757e-02 5.563183e-02 7.216144e-02 9.011581e-02 -1.402478e-01 -8.504347e-02 1.746117e-01 -1.926063e-01 -5.767702e-01 5.072869e-02 -2.492930e-01 -1.100461e-01 -1.402330e-01 -2.359069e-02 4.025985e-01 -2.368640e-02 3.498214e-01
<VARIANCE> 52
 1.407513e+01 2.641026e+01 2.484872e+01 3.263200e+01 6.159915e+01 5.192641e+01 5.218880e+01 4.449403e+01 3.593895e+01 3.778032e+01 3.490055e+01 2.050222e+01 3.819756e+01 1.241944e+00 1.381121e+00 2.434978e+00 3.021769e+00 2.950044e+00 3.221289e+00 3.889812e+00 3.198424e+00 3.213134e+00 2.211709e+00 1.857081e+00 2.263896e+00 1.148376e+00 2.476663e-01 3.016611e-01 2.817015e-01 3.653563e-01 1.115509e+00 3.817679e-01 5.601150e-01 5.217162e-01 3.892935e-01 3.003123e-01 6.339527e-01 2.862194e-01 4.242542e-01 6.326506e-02 5.256935e-02 6.345953e-02 1.157077e-01 1.272130e-01 1.309666e-01 1.548057e-01 1.403661e-01 1.240476e-01 9.438825e-02 9.024070e-02 8.767483e-02 4.800322e-02
<GCONST> 1.097499e+02
<STATE> 11
<NUMMIXES> 3
<MIXTURE> 1 2.742004e-01
<MEAN> 52
 -4.826501e+00 2.162054e+00 1.027395e+01 -1.168408e+00 -8.711535e+00 -5.645502e+00 -1.065672e+01 -6.355044e+00 -8.783059e+00 -4.027562e+00 -4.082402e+00 -3.226898e+00 6.553782e+01 -6.756760e-01 -2.509429e-01 1.811327e-02 -1.085517e+00 -4.227639e-01 3.175002e-01 2.136354e-01 2.231437e-01 -9.816355e-02 6.184613e-01 6.082584e-01 8.905355e-02 6.382231e-01 -1.779772e-01 -6.135654e-02 2.779748e-01 -3.141150e-01 -9.114921e-01 2.714519e-01 -1.331145e-01 -5.781449e-02 -1.057700e-01 1.612445e-02 5.024691e-01 -2.351401e-03 5.676383e-01 1.739738e-01 6.198796e-02 -2.685499e-02 1.662043e-01 7.712914e-02 -1.269196e-02 1.929597e-02 8.812310e-03 6.000042e-02 -8.535083e-02 -1.068050e-01 -1.862750e-02 -1.514619e-01
<VARIANCE> 52
 2.302540e+01 3.669216e+01 6.771725e+01 8.213357e+01 5.138219e+01 4.279379e+01 6.257691e+01 6.555501e+01 4.714896e+01 4.558359e+01 4.508717e+01 2.618669e+01 5.317884e+01 1.921381e+00 1.172444e+00 2.477502e+00 2.654371e+00 5.225607e+00 2.334666e+00 2.986371e+00 3.585354e+00 3.567544e+00 2.669923e+00 4.308939e+00 1.789186e+00 2.107566e+00 3.809227e-01 3.650757e-01 6.298193e-01 6.358104e-01 1.021676e+00 6.327187e-01 8.247061e-01 8.232479e-01 8.812996e-01 8.019505e-01 8.786386e-01 4.606071e-01 4.881943e-01 7.947450e-02 5.853720e-02 1.117220e-01 1.170534e-01 2.488213e-01 1.057474e-01 1.403717e-01 1.648123e-01 1.754078e-01 1.464488e-01 1.991508e-01 7.916147e-02 8.284894e-02
<GCONST> 1.251836e+02
<MIXTURE> 2 3.343974e-01
<MEAN> 52
 -8.743340e+00 1.358893e+00 3.836565e+00 -3.182406e+00 -2.813426e+00 -9.674141e-01 -5.195412e+00 -4.843039e+00 -3.978284e+00 -2.514020e+00 -3.488851e+00 -2.481409e+00 5.629853e+01 -7.215784e-01 -1.603094e+00 -1.756152e+00 -4.526586e-01 2.851453e-01 2.945680e-01 7.518253e-01 7.569568e-01 1.017673e+00 6.970322e-01 7.764710e-01 5.164602e-01 -1.103073e+00 5.563785e-02 3.128826e-03 1.676243e-01 -4.038776e-01 -6.123269e-01 -3.114546e-01 -4.685291e-01 -3.120587e-01 -3.218938e-01 -5.329959e-02 5.546852e-02 1.097511e-01 3.222940e-01 1.075588e-01 2.181421e-01 1.234326e-01 1.735253e-01 8.274650e-02 -2.101965e-02 -1.410221e-02 -9.573657e-02 -1.048913e-01 -1.127253e-01 -1.407025e-01 -8.126616e-02 1.217919e-02
<VARIANCE> 52
 1.601985e+01 1.835331e+01 5.747840e+01 3.638905e+01 2.996585e+01 2.849065e+01 3.203197e+01 2.604597e+01 2.190431e+01 2.773842e+01 2.825066e+01 1.723033e+01 2.562497e+01 5.590536e-01 9.125113e-01 1.445240e+00 2.488054e+00 2.600548e+00 3.131852e+00 3.611372e+00 2.838570e+00 2.361097e+00 2.596052e+00 2.108843e+00 1.862290e+00 4.981107e-01 1.328688e-01 2.625498e-01 2.534804e-01 4.224404e-01 3.914565e-01 3.723558e-01 4.289471e-01 4.272175e-01 4.438907e-01 5.614817e-01 5.074580e-01 3.195602e-01 8.380672e-02 2.426211e-02 4.083264e-02 5.416379e-02 7.926191e-02 1.142692e-01 1.228144e-01 1.330664e-01 1.142755e-01 1.151031e-01 1.315363e-01 7.617836e-02 7.391719e-02 1.673763e-02
<GCONST> 9.655112e+01
<MIXTURE> 3 3.914022e-01
<MEAN> 52
 -9.229340e+00 -1.482308e+00 3.591803e+00 -7.680273e+00 -8.697855e+00 -5.780494e+00 -9.702413e+00 -8.536938e+00 -6.612722e+00 -2.156405e+00 -1.147029e+00 -2.951721e-01 5.543969e+01 -9.951237e-03 -4.245375e-01 -5.963172e-01 6.738808e-02 1.998902e-01 5.342651e-02 1.028037e-01 4.493673e-02 4.941901e-02 -4.551671e-02 -3.738263e-02 -7.577930e-02 -5.020129e-01 5.977389e-02 1.797280e-01 1.585175e-01 1.083801e-01 7.090628e-02 2.140281e-02 2.005588e-02 8.036301e-02 -2.272291e-02 -1.959649e-02 -8.687051e-02 -5.983033e-02 1.289580e-01 -3.143037e-02 -1.704909e-02 -3.743976e-02 1.638351e-04 2.553918e-02 2.582821e-02 5.384251e-02 3.371537e-02 6.268471e-02 2.647180e-02 4.238403e-02 2.508945e-02 -2.477735e-02
<VARIANCE> 52
 1.119093e+01 1.641297e+01 4.086032e+01 2.401418e+01 4.040677e+01 3.495234e+01 3.721610e+01 3.175613e+01 3.797374e+01 1.912358e+01 3.790428e+01 2.043841e+01 1.182022e+01 2.184004e-01 5.627958e-01 8.881058e-01 1.346532e+00 1.172708e+00 1.600723e+00 1.827586e+00 2.006154e+00 1.681532e+00 1.623546e+00 1.450729e+00 1.380252e+00 1.028498e-01 6.354046e-02 1.261376e-01 1.947251e-01 2.368608e-01 2.386614e-01 3.226903e-01 3.833519e-01 3.868489e-01 4.037941e-01 3.351373e-01 2.769055e-01 2.746879e-01 2.509256e-02 1.048859e-02 2.515712e-02 3.678653e-02 5.797560e-02 5.448295e-02 7.123102e-02 8.412889e-02 8.657099e-02 8.149108e-02 7.913955e-02 6.515368e-02 6.207884e-02 5.814601e-03
<GCONST> 7.594273e+01
<TRANSP> 12
 0.000000e+00 1.000000e+00 0.000000e+00 0.000000e+00 0.000000e+00 0.000000e+00 0.000000e+00 0.000000e+00 0.000000e+00 0.000000e+00 0.000000e+00 0.000000e+00
 0.000000e+00 8.092864e-01 1.907136e-01 0.000000e+00 0.000000e+00 0.000000e+00 0.000000e+00 0.000000e+00 0.000000e+00 0.000000e+00 0.000000e+00 0.000000e+00
 0.000000e+00 0.000000e+00 7.729350e-01 2.270650e-01 0.000000e+00 0.000000e+00 0.000000e+00 0.000000e+00 0.000000e+00 0.000000e+00 0.000000e+00 0.000000e+00
 0.000000e+00 0.000000e+00 0.000000e+00 8.551937e-01 1.448064e-01 0.000000e+00 0.000000e+00 0.000000e+00 0.000000e+00 0.000000e+00 0.000000e+00 0.000000e+00
 0.000000e+00 0.000000e+00 0.000000e+00 0.000000e+00 7.921019e-01 2.078981e-01 0.000000e+00 0.000000e+00 0.000000e+00 0.000000e+00 0.000000e+00 0.000000e+00
 0.000000e+00 0.000000e+00 0.000000e+00 0.000000e+00 0.000000e+00 8.704013e-01 1.295987e-01 0.000000e+00 0.000000e+00 0.000000e+00 0.000000e+00 0.000000e+00
 0.000000e+00 0.000000e+00 0.000000e+00 0.000000e+00 0.000000e+00 0.000000e+00 6.645246e-01 3.354754e-01 0.000000e+00 0.000000e+00 0.000000e+00 0.000000e+00
 0.000000e+00 0.000000e+00 0.000000e+00 0.000000e+00 0.000000e+00 0.000000e+00 0.000000e+00 7.961782e-01 2.038217e-01 0.000000e+00 0.000000e+00 0.000000e+00
 0.000000e+00 0.000000e+00 0.000000e+00 0.000000e+00 0.000000e+00 0.000000e+00 0.000000e+00 0.000000e+00 8.667145e-01 1.332854e-01 0.000000e+00 0.000000e+00
 0.000000e+00 0.000000e+00 0.000000e+00 0.000000e+00 0.000000e+00 0.000000e+00 0.000000e+00 0.000000e+00 0.000000e+00 7.938361e-01 2.061639e-01 0.000000e+00
 0.000000e+00 0.000000e+00 0.000000e+00 0.000000e+00 0.000000e+00 0.000000e+00 0.000000e+00 0.000000e+00 0.000000e+00 0.000000e+00 8.073432e-01 1.926569e-01
 0.000000e+00 0.000000e+00 0.000000e+00 0.000000e+00 0.000000e+00 0.000000e+00 0.000000e+00 0.000000e+00 0.000000e+00 0.000000e+00 0.000000e+00 0.000000e+00
<ENDHMM>
