~o
<STREAMINFO> 1 52
<VECSIZE> 52<NULLD><MFCC_D_A_T_0><DIAGC>
~h "dd"
<BEGINHMM>
<NUMSTATES> 12
<STATE> 2
<NUMMIXES> 3
<MIXTURE> 1 3.596985e-01
<MEAN> 52
 -6.199876e+00 2.597126e+00 1.624194e+01 -2.025918e+00 -1.784219e+01 -4.128804e+00 -1.159353e+01 -5.819599e+00 -1.094624e+01 -4.966444e+00 3.711486e+00 -3.424573e+00 7.146131e+01 1.499342e+00 -5.746914e-01 3.399940e+00 -9.118972e-01 -3.360366e+00 8.035438e-01 -2.550903e+00 3.788933e-01 -1.860709e+00 -4.378392e-01 1.492153e+00 -7.794578e-01 1.975804e+00 8.083595e-02 -1.230446e-01 -1.353076e+00 -1.637094e-01 8.728015e-01 3.259368e-01 5.784745e-01 -2.099190e-02 3.855453e-01 5.897571e-01 -4.091376e-01 -1.818005e-01 -8.385190e-01 -2.698374e-01 1.652624e-01 -5.966927e-01 1.888905e-01 5.284616e-01 -1.723952e-01 5.135011e-01 -8.013605e-02 2.716740e-01 1.050972e-01 -2.391190e-01 7.292324e-02 -1.595511e-01
<VARIANCE> 52
 1.134543e+01 2.837674e+01 3.145680e+01 5.206975e+01 3.935500e+01 3.694398e+01 4.913209e+01 4.079116e+01 4.726279e+01 3.861489e+01 2.713401e+01 2.798957e+01 1.498106e+01 2.756197e+00 2.277385e+00 7.680405e+00 3.511999e+00 3.303057e+00 4.086001e+00 4.799710e+00 3.554606e+00 4.921776e+00 4.601693e+00 3.114555e+00 3.069331e+00 1.097754e+00 3.830847e-01 4.384029e-01 8.504578e-01 4.858001e-01 7.641822e-01 6.542972e-01 8.913020e-01 5.814501e-01 6.913769e-01 5.918236e-01 5.815991e-01 4.421834e-01 1.735953e-01 9.549647e-02 9.113269e-02 2.842358e-01 1.343007e-01 1.671731e-01 1.908732e-01 1.959797e-01 1.637479e-01 1.998499e-01 1.937862e-01 1.474289e-01 1.183702e-01 5.164722e-02
<GCONST> 1.233431e+02
<MIXTURE> 2 1.541264e-01
<MEAN> 52
 -1.213881e+01 -5.569711e-01 6.437652e+00 -1.897513e+01 -1.871410e+01 -6.869267e+00 -1.698602e+01 -1.460050e+01 -1.045123e+01 2.268457e+00 -1.295783e+01 5.960580e-01 7.096522e+01 -2.231760e-01 -4.077861e-02 2.405293e+00 -5.067689e+00 -1.355625e+00 -2.908627e-01 -3.311265e+00 -1.011928e+00 -1.294532e+00 -4.041024e-01 -4.344096e+00 1.036636e+00 2.297582e+00 2.472792e-01 -8.259300e-02 -8.762194e-01 3.549843e-01 1.516903e+00 6.447108e-01 5.865518e-01 9.630912e-01 6.234798e-01 -7.602729e-01 -5.141748e-02 -1.179885e-01 -1.198011e+00 9.261078e-03 3.381092e-02 -3.943623e-01 6.883478e-01 1.345703e-01 8.591168e-02 3.978732e-01 1.562550e-01 1.919325e-01 5.343325e-02 6.546614e-01 -1.653458e-01 -1.580731e-01
<VARIANCE> 52
 8.767492e+00 2.180265e+01 2.417187e+01 4.783596e+01 2.350630e+01 2.364170e+01 4.465519e+01 3.022559e+01 3.437517e+01 4.076300e+01 6.678027e+01 4.065190e+01 1.719044e+01 9.901561e-01 1.599683e+00 3.393430e+00 2.401203e+00 7.298417e+00 4.035690e+00 4.622874e+00 5.377795e+00 3.503594e+00 4.924816e+00 3.016301e+00 4.575273e+00 3.658570e+00 1.853069e-01 2.476184e-01 6.241086e-01 9.710407e-01 5.443546e-01 5.985143e-01 8.566261e-01 5.779985e-01 4.924425e-01 5.639679e-01 1.354295e+00 6.467074e-01 2.104635e-01 3.878622e-02 6.074310e-02 1.377231e-01 7.413892e-02 3.217689e-01 1.861818e-01 2.178686e-01 2.043225e-01 1.595719e-01 2.010575e-01 1.079351e-01 1.787196e-01 1.547953e-01
<GCONST> 1.211290e+02
<MIXTURE> 3 4.861751e-01
<MEAN> 52
 -1.152393e+01 -2.098297e-01 -1.954294e+00 -4.233140e+00 -5.296464e+00 -2.867184e+00 -3.651985e+00 -5.966706e+00 -3.460018e+00 -1.210191e+00 -2.426861e+00 -2.419133e+00 6.192710e+01 -3.506091e-01 6.313692e-01 2.539898e+00 -4.148311e-01 -2.524213e+00 -4.343154e-01 -1.107454e+00 -7.679880e-01 -1.081484e+00 -1.951506e-01 5.411646e-01 -1.355014e-01 3.256141e+00 5.703716e-01 4.528392e-02 9.633428e-01 -2.276432e-01 -6.490005e-01 6.259220e-02 -7.759464e-01 -7.287338e-02 -4.834185e-01 -1.600997e-01 -1.382134e-01 -7.663190e-02 1.526690e-01 6.047655e-02 -1.163073e-01 -3.661520e-01 -4.150657e-02 3.248028e-01 8.913063e-02 1.133382e-01 1.288610e-01 1.331361e-01 2.872017e-02 -1.213225e-01 -1.163656e-02 -3.962752e-01
<VARIANCE> 52
 2.361975e+01 3.305047e+01 4.958464e+01 3.546939e+01 4.201075e+01 3.065366e+01 3.575723e+01 3.400855e+01 3.084657e+01 3.015029e+01 3.720934e+01 2.926491e+01 5.300051e+01 2.760651e+00 2.544255e+00 7.747736e+00 4.671208e+00 5.928616e+00 3.383035e+00 5.504466e+00 4.391397e+00 4.241508e+00 3.988600e+00 3.594722e+00 2.997253e+00 3.849784e+00 6.484782e-01 4.536289e-01 1.043821e+00 9.361880e-01 7.810807e-01 6.769218e-01 9.205080e-01 7.844208e-01 6.959260e-01 7.882802e-01 8.355895e-01 5.576825e-01 6.186333e-01 1.097246e-01 9.813679e-02 3.288767e-01 1.561407e-01 2.836483e-01 1.409352e-01 2.375136e-01 1.768780e-01 1.683368e-01 1.796301e-01 1.311013e-01 1.066090e-01 1.562701e-01
<GCONST> 1.324715e+02
<STATE> 3
<NUMMIXES> 3
<MIXTURE> 1 4.158817e-01
<MEAN> 52
 -5.857558e+00 1.011624e+00 1.611224e+01 -8.525657e+00 -1.970192e+01 -2.416898e-01 -1.286949e+01 -6.193745e+00 -1.201656e+01 -2.658265e+00 3.682611e+00 -5.449502e+00 7.315833e+01 7.089256e-01 3.200551e-01 -1.290859e+00 -6.769974e-03 5.326251e-01 4.971341e-01 7.562258e-01 3.437311e-02 -4.242084e-01 9.081971e-01 -1.148207e-01 -8.179241e-01 -2.773426e-01 1.833424e-01 1.416399e-01 -8.843778e-01 8.112964e-01 8.126575e-01 -4.670784e-01 4.904023e-01 -2.440561e-01 2.331297e-01 2.154077e-01 -4.917423e-01 6.268129e-02 -5.640965e-01 3.620229e-02 -6.665899e-02 3.557237e-01 8.268042e-02 -2.198807e-01 -7.733328e-02 -2.432321e-01 -1.098516e-01 -6.428548e-04 -1.314999e-01 -7.640735e-03 1.014845e-01 1.380271e-01
<VARIANCE> 52
 1.375258e+01 2.840074e+01 4.530193e+01 8.003717e+01 3.153047e+01 4.991505e+01 5.822646e+01 4.883776e+01 4.908986e+01 5.370713e+01 4.733352e+01 4.095247e+01 1.566404e+01 5.758811e-01 7.490798e-01 1.698080e+00 3.097679e+00 2.065423e+00 3.407249e+00 2.287326e+00 1.940307e+00 1.886401e+00 2.205478e+00 1.912627e+00 1.618307e+00 5.461420e-01 1.912103e-01 2.300024e-01 5.693074e-01 4.495241e-01 5.072079e-01 7.956036e-01 8.759769e-01 6.069283e-01 6.082870e-01 5.951152e-01 5.705265e-01 3.961544e-01 9.799866e-02 3.579656e-02 4.746222e-02 9.440877e-02 1.327466e-01 1.105429e-01 1.696108e-01 1.167109e-01 1.162335e-01 1.191622e-01 1.103296e-01 1.031607e-01 7.085668e-02 2.087561e-02
<GCONST> 1.064514e+02
<MIXTURE> 2 1.865361e-01
<MEAN> 52
 -1.234595e+01 -6.576195e-01 5.097764e+00 -2.981456e+01 -1.158263e+01 -2.391196e+00 -2.134807e+01 -1.040350e+01 -8.307156e+00 -2.741238e+00 -2.210225e+01 1.496984e+00 7.196108e+01 6.739587e-01 1.294777e-01 -9.480093e-01 -4.303089e-02 1.189806e+00 7.096332e-01 -1.041328e+00 8.588133e-01 3.340108e-01 -1.306409e+00 -4.584431e-01 -3.497913e-02 -4.370301e-01 2.501966e-01 -1.072934e-01 -3.508252e-01 1.162852e+00 -1.930536e-01 -4.267876e-01 4.714405e-01 -8.091085e-02 -1.502705e-01 1.237915e-01 6.113902e-01 -1.546697e-01 -2.564916e-01 -1.871180e-02 -2.771303e-02 1.669527e-01 -1.050912e-01 -2.323382e-01 -2.408902e-01 4.489920e-02 -2.251148e-01 -1.764973e-01 1.710743e-01 -1.478871e-01 3.454234e-02 1.469681e-01
<VARIANCE> 52
 9.935527e+00 1.856575e+01 2.144632e+01 3.975521e+01 3.200046e+01 2.202620e+01 3.767338e+01 4.520541e+01 3.883656e+01 3.684762e+01 2.855452e+01 3.958615e+01 1.110809e+01 5.522972e-01 7.546937e-01 1.131912e+00 3.847152e+00 1.848255e+00 2.022588e+00 1.687013e+00 2.567996e+00 1.496094e+00 2.126174e+00 1.713830e+00 2.274061e+00 2.005104e-01 7.066108e-02 1.389385e-01 3.550879e-01 3.107666e-01 4.106354e-01 5.432584e-01 5.623178e-01 4.650463e-01 3.800136e-01 4.377632e-01 4.993590e-01 4.134600e-01 7.674723e-02 1.810580e-02 3.282185e-02 7.497802e-02 8.140884e-02 1.386442e-01 9.896589e-02 1.221621e-01 1.003250e-01 7.817750e-02 1.045766e-01 9.145008e-02 9.370404e-02 3.035521e-02
<GCONST> 9.264278e+01
<MIXTURE> 3 3.975821e-01
<MEAN> 52
 -2.059953e-01 2.980396e+00 6.975264e+00 4.150267e-01 -1.488335e+01 -3.589345e+00 -8.171891e+00 -7.772144e+00 -1.225317e+01 1.970383e-01 5.164077e-01 -7.494418e+00 6.938773e+01 1.582299e+00 7.416434e-03 -1.542239e+00 2.268240e+00 1.225272e+00 -5.568962e-01 5.043954e-01 -1.832066e+00 6.373693e-01 1.078980e+00 -1.912736e+00 1.444590e-02 -1.312104e+00 -2.105789e-01 -1.256023e-02 5.670558e-01 -2.829245e-01 -2.640850e-01 2.968390e-01 -3.156302e-01 -2.657973e-01 2.459867e-01 -1.340137e-01 -1.105670e-01 3.177893e-01 1.288476e-02 -1.740147e-01 4.881065e-02 1.986009e-01 -3.497649e-01 -1.809499e-01 1.402963e-01 -7.412270e-02 2.668643e-01 -1.160722e-01 -1.272183e-01 2.881368e-01 -3.872691e-02 1.698011e-01
<VARIANCE> 52
 1.377747e+01 2.477702e+01 4.928168e+01 7.642691e+01 4.378686e+01 4.530855e+01 6.678078e+01 5.884571e+01 5.433579e+01 6.224717e+01 5.555502e+01 4.491516e+01 2.002349e+01 6.110875e-01 9.304291e-01 2.398254e+00 3.171076e+00 3.041909e+00 5.024545e+00 4.020818e+00 4.443803e+00 3.473297e+00 4.167394e+00 3.121976e+00 2.438609e+00 5.219889e-01 1.369762e-01 1.622353e-01 2.991021e-01 5.881505e-01 4.785731e-01 6.613283e-01 4.582816e-01 7.284690e-01 5.452651e-01 5.986862e-01 5.888032e-01 3.334045e-01 1.103766e-01 2.564560e-02 4.313619e-02 1.354552e-01 1.358495e-01 1.439388e-01 2.036037e-01 1.635043e-01 1.757284e-01 1.458613e-01 1.733785e-01 1.307750e-01 9.255161e-02 2.268396e-02
<GCONST> 1.130743e+02
<STATE> 4
<NUMMIXES> 3
<MIXTURE> 1 5.485924e-01
<MEAN> 52
 1.954676e+00 3.269118e+00 7.839328e+00 2.720867e+00 -1.379358e+01 -1.035351e+00 -1.067474e+01 -1.331165e+01 -8.888684e+00 2.743632e+00 -3.712769e+00 -5.766098e+00 6.676000e+01 1.145832e-01 5.191311e-01 2.489071e-01 5.517565e-03 1.561639e-01 4.002276e-01 -2.564849e-01 -3.274689e-01 2.403221e-01 1.958023e-02 -4.965927e-01 2.945135e-01 -6.018329e-01 -2.411642e-01 1.040382e-01 1.334675e-01 -2.856637e-01 1.461451e-01 -4.964857e-02 1.263925e-02 4.089098e-01 -7.409254e-02 -1.730063e-01 2.115643e-01 -2.480612e-02 1.598650e-02 1.084498e-02 -6.802259e-02 -1.576672e-01 6.474984e-02 1.443738e-01 -1.070941e-01 6.739648e-02 3.876224e-02 6.118207e-02 1.285764e-02 -1.345623e-02 -3.282727e-02 5.894473e-03
<VARIANCE> 52
 6.490574e+00 2.577669e+01 2.936168e+01 5.267039e+01 3.088276e+01 3.204893e+01 6.794733e+01 3.299314e+01 3.852874e+01 3.969859e+01 3.650977e+01 3.349619e+01 1.130841e+01 2.042986e-01 5.440298e-01 7.043509e-01 7.754412e-01 9.846835e-01 1.075029e+00 1.333253e+00 1.584320e+00 1.541495e+00 1.209717e+00 1.163752e+00 8.672834e-01 2.278217e-01 8.141857e-02 1.138493e-01 1.625992e-01 3.078464e-01 2.890847e-01 3.141360e-01 3.376146e-01 3.687225e-01 3.334618e-01 3.948123e-01 3.145581e-01 2.283028e-01 6.999031e-02 1.465248e-02 2.741371e-02 3.841519e-02 4.982867e-02 5.111000e-02 5.780391e-02 6.475244e-02 6.942586e-02 8.112252e-02 6.448280e-02 5.957969e-02 4.975381e-02 1.973006e-02
<GCONST> 7.688294e+01
<MIXTURE> 2 1.566039e-01
<MEAN> 52
 -6.023872e+00 -1.461045e+00 -3.824430e-01 -1.842850e+01 -1.084853e+01 -6.816114e+00 -2.037260e+01 -1.164432e+01 -1.115318e+01 -6.206319e+00 -2.206822e+01 -2.583987e-01 6.863120e+01 1.367002e+00 -3.652127e-01 -1.507487e+00 2.984173e+00 -2.562318e-01 -2.655233e+00 2.169677e+00 -9.291160e-01 -1.010075e+00 2.527824e-01 6.681032e-02 -2.235718e-01 -8.530365e-01 -9.863168e-02 6.664221e-02 1.504097e-01 -1.685937e-01 -3.524486e-02 -2.885202e-02 1.440039e-01 -1.377075e-01 -9.395089e-03 1.973848e-01 7.240587e-02 4.466525e-02 1.750708e-02 -9.519507e-02 7.709832e-02 1.499838e-01 -3.361087e-01 5.912978e-02 3.865624e-01 -3.840281e-01 1.705476e-01 1.287260e-01 -1.327794e-01 -1.321093e-02 2.476884e-02 4.458195e-02
<VARIANCE> 52
 1.558987e+01 2.700126e+01 2.167065e+01 5.907701e+01 3.763204e+01 4.814684e+01 4.870734e+01 7.209006e+01 3.428020e+01 5.897387e+01 3.248416e+01 4.526435e+01 1.043859e+01 2.965932e-01 6.325160e-01 1.187025e+00 1.375350e+00 1.776141e+00 2.639995e+00 1.543497e+00 1.802857e+00 2.258419e+00 2.844708e+00 1.523721e+00 1.742956e+00 2.218172e-01 7.811582e-02 1.163367e-01 2.346672e-01 5.405049e-01 3.166292e-01 8.225773e-01 7.491671e-01 4.153091e-01 4.076194e-01 5.234669e-01 2.311952e-01 2.885437e-01 3.543623e-02 1.076568e-02 2.294128e-02 4.266630e-02 7.537552e-02 7.543053e-02 1.087580e-01 7.602677e-02 6.439545e-02 7.216363e-02 8.992170e-02 5.323467e-02 7.487175e-02 6.746093e-03
<GCONST> 8.779906e+01
<MIXTURE> 3 2.948036e-01
<MEAN> 52
 -8.525947e-01 -2.312271e+00 -2.982213e+00 -1.189508e+01 -1.304819e+01 -1.339083e+01 -1.578943e+01 -1.346719e+01 -1.300972e+01 -6.057752e+00 -2.157054e+01 6.595625e-01 6.396903e+01 3.682598e-01 4.892137e-01 8.190973e-02 2.553334e-01 -3.507525e-01 7.924796e-02 -2.824313e-01 -2.460895e-01 2.307425e-01 -3.055816e-01 4.392711e-01 -3.419522e-01 -6.077706e-01 -1.667209e-01 1.310663e-01 1.869753e-01 -6.453510e-02 -4.245050e-02 2.693985e-01 -1.412741e-01 1.313721e-01 5.161967e-02 -1.142981e-01 1.442913e-01 -1.410158e-01 -2.804703e-02 -7.950990e-03 -4.021735e-02 -4.073015e-02 1.389694e-01 9.422053e-02 -9.413984e-02 1.418912e-01 1.846213e-03 -2.041251e-02 2.658398e-02 1.420558e-02 7.530850e-03 -2.331184e-02
<VARIANCE> 52
 1.121237e+01 3.163861e+01 1.211597e+01 3.203431e+01 4.703163e+01 3.172813e+01 2.556264e+01 5.894216e+01 3.731832e+01 4.749987e+01 7.098513e+01 5.605195e+01 3.161679e+01 1.812254e-01 4.188694e-01 5.196975e-01 6.333317e-01 9.901999e-01 1.042256e+00 8.836676e-01 1.236410e+00 1.154090e+00 1.467913e+00 1.271884e+00 1.193654e+00 9.924825e-02 5.276179e-02 5.885010e-02 1.372718e-01 2.473010e-01 2.335189e-01 2.942790e-01 2.678552e-01 2.617861e-01 2.340561e-01 2.557424e-01 2.648648e-01 1.759710e-01 2.941285e-02 1.127805e-02 1.397396e-02 2.589401e-02 3.628991e-02 4.395415e-02 4.708071e-02 4.299374e-02 4.750015e-02 4.624519e-02 5.121152e-02 5.237483e-02 4.270138e-02 5.409261e-03
<GCONST> 6.694711e+01
<STATE> 5
<NUMMIXES> 3
<MIXTURE> 1 2.927545e-01
<MEAN> 52
 -5.833299e-01 7.777823e+00 7.592452e+00 4.491189e+00 -5.142908e+00 -1.552354e+00 -7.071763e+00 -1.056460e+01 -7.812896e+00 9.857678e-01 -5.415873e+00 -4.759550e+00 6.231312e+01 -1.713825e+00 -1.488434e+00 -1.784973e+00 -2.245017e+00 1.881679e+00 -1.312524e+00 -9.029948e-01 2.119520e+00 2.732103e+00 -8.487352e-01 6.657521e-01 1.549961e-01 2.135133e+00 3.016887e-01 -7.711778e-01 -5.939582e-01 -9.175899e-01 -6.627834e-01 2.195318e-01 -7.664566e-01 2.953645e-01 5.236990e-01 3.405407e-01 4.531656e-01 -2.371252e-01 1.141328e+00 3.717515e-01 2.177823e-01 2.077645e-01 1.305694e-01 -2.812249e-01 4.636513e-01 6.802016e-02 -3.610205e-01 -4.689201e-01 1.898162e-01 -2.761717e-02 -2.604130e-02 -3.331059e-01
<VARIANCE> 52
 1.241014e+01 1.017987e+01 1.175364e+01 1.516995e+01 3.750578e+01 2.924959e+01 3.529662e+01 3.755725e+01 3.484462e+01 3.097082e+01 2.188644e+01 2.703393e+01 1.918026e+01 1.125382e+00 1.637158e+00 1.810688e+00 2.990686e+00 3.689579e+00 3.389584e+00 3.851368e+00 3.032509e+00 3.696635e+00 4.553172e+00 3.336790e+00 2.919685e+00 1.711038e+00 3.066680e-01 3.257604e-01 2.713968e-01 4.418569e-01 5.871478e-01 8.224716e-01 8.038856e-01 8.979295e-01 7.184030e-01 6.870699e-01 5.925308e-01 4.263681e-01 2.815534e-01 4.832525e-02 7.195998e-02 6.583694e-02 1.133017e-01 1.514567e-01 1.322743e-01 1.944836e-01 1.322836e-01 1.347015e-01 1.931232e-01 1.304978e-01 1.203888e-01 7.742208e-02
<GCONST> 1.117050e+02
<MIXTURE> 2 2.628385e-01
<MEAN> 52
 -1.845642e+00 2.756864e+00 -4.326763e-01 -8.348155e+00 -1.370241e+01 -1.074585e+01 -1.630540e+01 -1.503657e+01 -1.203997e+01 -8.676439e+00 -1.455212e+01 -4.421415e+00 5.991101e+01 -9.115949e-01 3.305892e-01 7.459054e-01 1.491973e+00 1.214891e+00 3.431284e-01 1.047576e+00 6.729318e-01 5.315992e-01 -5.026952e-01 1.296838e+00 -2.637687e-01 -9.705904e-01 -3.793385e-01 -4.261282e-01 -3.159977e-01 -4.781794e-02 4.146011e-01 6.795915e-03 4.456013e-01 4.863274e-01 3.569014e-01 3.002759e-01 2.909518e-01 2.770634e-01 4.027346e-01 6.066917e-02 -1.477203e-01 -2.526384e-01 -3.432497e-01 -1.871431e-01 -7.755633e-02 -1.294828e-01 8.725540e-02 6.569885e-02 1.052073e-01 -6.750376e-02 5.814951e-02 3.327835e-01
<VARIANCE> 52
 2.192175e+01 1.868917e+01 1.585703e+01 3.554221e+01 3.393195e+01 2.261492e+01 2.772844e+01 2.205989e+01 2.029971e+01 3.814167e+01 4.175381e+01 3.189822e+01 2.688242e+01 9.324512e-01 1.434215e+00 1.615159e+00 1.804157e+00 2.750482e+00 2.260472e+00 2.522065e+00 2.705457e+00 2.448656e+00 2.836268e+00 2.937712e+00 2.224008e+00 5.804597e-01 2.483928e-01 1.872520e-01 3.533201e-01 5.067286e-01 4.981792e-01 3.384934e-01 3.718392e-01 2.986991e-01 3.622805e-01 4.819961e-01 4.641740e-01 3.719347e-01 4.055805e-01 5.853923e-02 5.116621e-02 6.138818e-02 1.009756e-01 1.315853e-01 9.795672e-02 1.155391e-01 8.571905e-02 8.882896e-02 1.127864e-01 1.294629e-01 7.944207e-02 4.922130e-02
<GCONST> 1.012731e+02
<MIXTURE> 3 4.444070e-01
<MEAN> 52
 1.688199e+00 6.400835e+00 8.678648e+00 2.740515e+00 -1.074844e+01 -8.942285e-01 -9.128304e+00 -1.120474e+01 -8.688076e+00 2.016548e+00 -4.649709e+00 -5.223000e+00 6.303197e+01 -7.638830e-01 3.490936e-01 9.982198e-03 -3.283391e-01 1.908407e+00 -2.143294e-01 3.978864e-01 8.741509e-01 4.424628e-01 -3.286792e-01 -1.220429e-01 2.425482e-01 -1.075730e+00 -4.580967e-01 -4.922442e-01 -5.451966e-01 -3.702278e-01 3.007464e-01 -3.477765e-01 -3.758480e-02 3.540244e-01 4.710819e-01 -2.452685e-01 2.395727e-01 3.731812e-02 5.815766e-01 9.865230e-02 -1.625666e-01 -1.680762e-01 -1.378153e-01 -2.595314e-01 5.885210e-02 -2.229217e-01 -8.537091e-02 1.076148e-01 1.080066e-01 1.867465e-02 -4.784735e-02 3.346564e-01
<VARIANCE> 52
 7.015855e+00 1.609989e+01 2.074294e+01 4.296873e+01 2.910008e+01 2.781736e+01 4.120737e+01 3.037409e+01 3.311710e+01 3.264159e+01 2.904809e+01 3.099409e+01 1.356432e+01 6.183828e-01 1.085893e+00 7.984694e-01 1.214871e+00 1.534554e+00 1.965582e+00 2.520805e+00 2.617265e+00 2.041076e+00 2.051496e+00 2.072996e+00 1.683001e+00 5.423179e-01 1.076705e-01 1.816692e-01 2.607123e-01 3.799715e-01 4.345002e-01 4.400562e-01 5.109131e-01 5.751103e-01 5.301836e-01 3.785830e-01 4.026293e-01 3.500174e-01 2.931873e-01 4.222326e-02 5.278952e-02 4.768066e-02 7.971945e-02 7.485002e-02 1.112875e-01 1.425783e-01 1.324380e-01 9.820488e-02 1.081099e-01 9.601148e-02 8.635166e-02 3.559979e-02
<GCONST> 9.491830e+01
<STATE> 6
<NUMMIXES> 3
<MIXTURE> 1 4.590531e-01
<MEAN> 52
 -7.920911e+00 -1.181388e+00 -2.458295e+00 -6.417150e+00 -6.589640e+00 -1.061015e+01 -9.733132e+00 -2.981903e+00 -7.712584e-01 -2.771789e+00 -5.197383e+00 -1.737721e+00 7.187337e+01 3.565299e-01 -2.592651e+00 -2.605265e+00 -4.000704e+00 2.733122e-01 2.500834e-01 -2.466879e+00 2.038496e+00 2.214794e+00 1.226757e+00 -3.456295e-01 -6.578694e-01 4.129379e+00 1.008231e+00 1.313411e-01 2.010134e-01 -4.708749e-01 5.485314e-03 1.329216e+00 -5.233544e-01 -7.719238e-01 -7.335340e-01 3.894139e-01 -7.746770e-02 -5.262200e-01 -5.727289e-01 -9.777711e-02 4.139484e-01 3.051869e-01 5.175335e-01 1.333640e-01 1.127430e-01 5.320022e-01 -2.879626e-01 -4.190472e-01 -2.644795e-01 1.958626e-01 1.369268e-01 -7.063323e-01
<VARIANCE> 52
 2.318327e+01 2.615439e+01 3.834142e+01 5.748527e+01 4.058743e+01 4.394165e+01 4.062330e+01 5.092412e+01 4.536961e+01 4.033837e+01 3.026966e+01 2.555361e+01 2.623108e+01 1.997550e+00 1.584082e+00 1.625068e+00 2.808427e+00 4.420009e+00 5.611439e+00 6.765104e+00 6.581282e+00 4.535179e+00 3.865878e+00 6.401777e+00 3.128764e+00 1.814488e+00 4.054963e-01 3.811838e-01 4.656387e-01 7.469864e-01 1.178233e+00 7.924153e-01 1.057791e+00 7.870574e-01 5.705739e-01 8.166829e-01 1.299635e+00 5.470234e-01 5.588354e-01 9.169649e-02 7.208358e-02 7.440746e-02 1.203170e-01 1.752498e-01 2.396260e-01 2.625819e-01 2.577291e-01 1.587173e-01 1.599300e-01 2.968364e-01 1.369842e-01 7.334074e-02
<GCONST> 1.284115e+02
<MIXTURE> 2 2.314976e-01
<MEAN> 52
 -5.469748e+00 1.015903e+00 3.014949e+00 -5.158628e+00 -7.127965e+00 -6.418922e+00 -1.068966e+01 -1.005900e+01 -7.438557e+00 -6.153368e+00 -6.805165e+00 -3.815336e+00 5.699926e+01 -2.485405e+00 -1.344002e+00 -2.292491e+00 -3.582905e-01 4.894060e-01 -1.205582e+00 1.489061e+00 2.003106e+00 1.599837e+00 2.463560e-01 1.586324e+00 1.021056e+00 2.669827e+00 3.877030e-01 -5.178285e-01 -8.058348e-01 -1.227708e+00 -5.059932e-01 -2.731493e-01 -9.006625e-01 2.902018e-01 1.645610e-01 4.038410e-01 -5.784086e-01 -9.770719e-02 1.617193e+00 4.762110e-01 1.074749e-01 2.601474e-01 -1.822722e-01 1.293198e-01 3.670898e-01 -3.635873e-01 -1.866107e-01 -1.922067e-01 5.753255e-02 -2.878579e-01 -2.982789e-01 -3.395057e-01
<VARIANCE> 52
 2.745666e+01 1.754431e+01 4.435366e+01 2.062174e+01 3.373820e+01 3.590371e+01 3.266275e+01 3.513052e+01 2.373922e+01 3.436119e+01 5.105355e+01 1.687430e+01 2.312094e+01 1.586635e+00 1.821160e+00 2.322707e+00 2.991660e+00 3.129477e+00 4.581550e+00 3.061251e+00 3.791487e+00 2.254109e+00 3.030530e+00 5.143761e+00 2.061970e+00 4.164725e+00 4.917791e-01 3.970813e-01 3.408189e-01 6.566532e-01 6.689603e-01 9.414231e-01 9.139754e-01 8.796530e-01 5.036348e-01 6.562759e-01 8.823159e-01 4.877359e-01 1.915938e-01 7.466328e-02 7.135344e-02 1.017303e-01 1.407125e-01 1.740797e-01 2.199655e-01 1.237389e-01 1.534910e-01 8.986388e-02 1.425382e-01 2.422681e-01 8.398253e-02 1.957315e-01
<GCONST> 1.191329e+02
<MIXTURE> 3 3.094493e-01
<MEAN> 52
 -4.110195e-01 -2.278793e+00 -5.375862e-01 -1.066194e+01 -6.789608e+00 1.402396e+00 -1.961081e+01 -4.622519e+00 8.317752e-01 4.036335e+00 5.175450e-01 -9.065496e+00 7.497409e+01 2.175706e+00 -1.287399e+00 -1.222423e+00 -3.752697e+00 -1.086928e+00 3.870669e+00 -2.021904e+00 -2.223775e-02 -5.557315e-01 1.095028e+00 2.240743e+00 -9.265226e-01 1.322844e+00 1.633429e-01 7.285827e-01 4.521614e-01 6.005940e-01 -1.365807e-01 4.407655e-01 1.450604e+00 -3.762304e-01 -1.229775e+00 -6.082487e-01 -1.239598e-01 5.349361e-01 -1.150749e+00 -4.367083e-01 1.583215e-01 5.683216e-02 4.541403e-01 2.377830e-01 -6.607154e-01 4.096481e-01 1.533132e-01 1.678217e-01 -3.059847e-01 -3.756928e-01 1.806316e-01 -1.066186e-01
<VARIANCE> 52
 1.069384e+01 2.408974e+01 2.811736e+01 5.490372e+01 3.124444e+01 3.331588e+01 5.018226e+01 4.217627e+01 3.983002e+01 4.395643e+01 3.646564e+01 2.494210e+01 1.666351e+01 1.721092e+00 1.756283e+00 2.187132e+00 3.104438e+00 3.181828e+00 3.640125e+00 6.536201e+00 4.749054e+00 3.990506e+00 5.408050e+00 2.825665e+00 3.338574e+00 1.593538e+00 3.064806e-01 2.659057e-01 2.686723e-01 4.289081e-01 5.548242e-01 6.920350e-01 5.687216e-01 6.810685e-01 5.875679e-01 6.473104e-01 5.938367e-01 4.937298e-01 2.062522e-01 6.909920e-02 8.051166e-02 1.065453e-01 1.083596e-01 1.263577e-01 1.452776e-01 2.466177e-01 1.923034e-01 1.601549e-01 2.005690e-01 1.195936e-01 1.701387e-01 8.325749e-02
<GCONST> 1.179866e+02
<STATE> 7
<NUMMIXES> 3
<MIXTURE> 1 4.774680e-01
<MEAN> 52
 1.209432e+00 -2.352166e+00 -5.285181e+00 -1.660705e+01 -5.296967e+00 6.177651e+00 -1.594674e+01 -6.724926e+00 -3.991408e+00 1.901817e+00 1.625673e+00 -6.133336e+00 7.420876e+01 8.443302e-01 6.354265e-01 -5.887644e-01 -1.178825e+00 -3.814972e-01 1.765903e+00 1.926800e+00 2.293054e-02 -2.209823e+00 -1.364920e+00 1.105860e+00 8.149588e-01 -6.814237e-01 -3.242547e-01 3.226884e-01 4.674020e-01 9.622512e-01 -1.657021e-01 -9.449887e-01 7.897775e-01 3.186029e-01 -7.776456e-02 -5.381652e-01 -6.965227e-01 1.762752e-01 -3.579157e-01 -7.487639e-02 -2.388792e-01 -5.137290e-03 -5.576455e-03 5.191081e-02 -2.120602e-01 -4.432435e-01 6.992452e-02 4.400335e-01 2.525428e-01 -2.027331e-01 -2.275888e-01 2.852878e-01
<VARIANCE> 52
 9.659847e+00 2.556355e+01 4.966980e+01 5.695800e+01 3.549347e+01 4.483906e+01 7.228667e+01 6.374562e+01 7.219798e+01 6.708213e+01 6.109668e+01 2.893193e+01 1.413980e+01 2.431754e-01 6.792225e-01 8.264582e-01 1.427887e+00 1.275866e+00 2.126931e+00 2.121736e+00 2.346662e+00 1.646841e+00 2.958165e+00 2.021577e+00 1.612386e+00 3.179684e-01 1.131086e-01 2.029366e-01 2.366908e-01 2.692311e-01 4.478060e-01 4.255509e-01 6.699043e-01 5.714026e-01 5.773545e-01 5.736887e-01 5.720279e-01 5.730267e-01 1.487961e-01 2.254895e-02 2.739615e-02 4.597107e-02 5.110569e-02 7.351000e-02 1.211649e-01 1.123006e-01 1.299055e-01 8.068084e-02 1.309076e-01 1.225804e-01 7.333624e-02 2.294910e-02
<GCONST> 9.733450e+01
<MIXTURE> 2 3.038481e-01
<MEAN> 52
 -4.970932e+00 -8.802420e+00 -1.131558e+01 -2.012543e+01 -3.597863e-01 -8.028843e+00 -1.488739e+01 -1.638410e+00 -8.609168e-01 -9.954568e-01 -1.332919e+01 -4.293229e+00 7.523794e+01 7.944576e-01 -2.587346e-01 -1.499179e+00 -1.934903e+00 2.358591e+00 2.231008e+00 -8.770308e-01 -1.378576e+00 -1.310832e+00 4.713808e-01 2.222192e-01 -1.232177e+00 -1.114079e-01 -3.842406e-02 7.085752e-01 4.244420e-01 7.863398e-01 -4.216037e-01 5.434198e-02 6.165589e-01 -5.594938e-01 -9.662365e-01 -4.811944e-01 9.746773e-01 1.695041e-01 -8.607210e-01 -1.299266e-01 -1.268614e-01 5.148356e-02 7.476380e-02 -3.136404e-01 -4.214745e-01 1.951232e-01 4.406416e-01 1.511021e-01 -9.373473e-02 -9.716220e-03 2.280339e-01 2.827278e-01
<VARIANCE> 52
 1.208271e+01 1.851743e+01 4.009372e+01 4.930040e+01 4.603204e+01 3.543685e+01 5.434522e+01 8.238744e+01 7.261526e+01 5.279985e+01 2.696207e+01 2.477933e+01 2.895950e+01 6.798177e-01 1.040849e+00 9.398198e-01 1.470968e+00 2.741973e+00 2.243271e+00 2.545432e+00 2.343000e+00 3.255888e+00 3.386844e+00 5.066185e+00 1.431298e+00 5.458559e-01 1.917495e-01 1.962945e-01 1.692327e-01 1.895128e-01 5.698701e-01 7.672060e-01 7.396040e-01 1.104206e+00 5.469960e-01 6.282190e-01 6.254736e-01 4.376666e-01 3.031289e-01 4.473489e-02 4.760767e-02 4.350543e-02 7.948901e-02 1.370235e-01 1.183189e-01 1.213753e-01 1.004106e-01 1.082130e-01 1.448497e-01 2.909205e-01 6.892224e-02 3.425049e-02
<GCONST> 1.067576e+02
<MIXTURE> 3 2.186839e-01
<MEAN> 52
 1.354615e+00 -4.519094e+00 -2.604246e+00 -2.536658e+01 -5.920929e+00 9.835862e+00 -1.991645e+01 -4.350711e+00 -8.812396e+00 3.617149e+00 2.606460e+00 -5.532563e+00 7.428135e+01 4.433632e-01 2.368989e-01 -1.138996e-01 -2.048306e-01 8.708860e-02 4.247022e-01 1.249958e+00 4.990288e-01 -8.870935e-01 -1.777496e+00 6.963142e-01 5.963590e-01 -4.866073e-01 -9.111882e-02 -5.422646e-02 8.952368e-02 6.320882e-01 -6.159815e-02 -5.858636e-01 7.809451e-02 1.028363e-01 1.603345e-01 -8.484308e-02 -2.519887e-01 -3.306642e-01 -2.582925e-02 4.892466e-02 -6.980155e-02 9.102458e-04 -8.773308e-02 -4.914138e-02 1.192043e-01 -1.879402e-01 -7.226723e-02 2.812303e-02 2.646753e-01 -4.975367e-02 -1.593705e-01 7.495596e-02
<VARIANCE> 52
 1.005767e+01 8.902002e+00 3.034075e+01 2.755517e+01 2.781709e+01 4.011005e+01 1.248524e+01 2.114652e+01 1.789628e+01 3.399173e+01 2.292550e+01 2.457392e+01 6.590093e+00 5.132680e-02 2.492854e-01 1.818929e-01 1.145426e+00 4.825112e-01 9.894049e-01 6.618315e-01 9.358242e-01 7.341483e-01 1.210900e+00 6.912595e-01 9.151806e-01 3.953010e-02 1.596482e-02 5.398658e-02 5.070635e-02 7.473347e-02 9.845295e-02 1.576365e-01 1.852123e-01 1.604575e-01 1.633550e-01 3.113372e-01 1.317666e-01 1.586284e-01 1.030979e-02 1.065689e-02 1.739159e-02 1.469984e-02 2.494015e-02 2.059636e-02 2.748546e-02 5.744012e-02 3.386861e-02 2.681527e-02 5.479574e-02 3.776535e-02 6.106118e-02 7.322807e-03
<GCONST> 4.359417e+01
<STATE> 8
<NUMMIXES> 3
<MIXTURE> 1 3.035748e-01
<MEAN> 52
 2.473439e+00 -4.063024e+00 -2.831171e-01 -1.875784e+01 -9.774728e+00 7.234844e+00 -1.292018e+01 -1.524025e+00 -9.457297e+00 -4.830604e+00 5.057983e-01 -8.616407e+00 7.180095e+01 -2.602545e-02 3.698483e-02 5.042223e-01 1.123993e+00 -2.208914e-01 -6.278889e-01 2.116103e-01 3.039477e-01 1.452984e-02 -2.147164e-01 -6.555856e-01 -4.126037e-01 -4.221484e-01 -2.705024e-02 6.995481e-02 1.789482e-02 4.055204e-02 5.166719e-02 -5.228240e-02 -1.311082e-01 -8.544027e-02 1.332645e-01 1.715562e-01 -8.294440e-02 3.036680e-02 -4.972453e-02 1.032739e-02 2.884576e-02 -1.878079e-02 -4.311297e-02 3.281838e-02 3.399837e-02 4.483511e-02 -2.224346e-02 -4.667630e-03 -3.860795e-02 3.355324e-02 5.618418e-02 -2.479888e-02
<VARIANCE> 52
 4.326743e+00 1.942620e+01 1.678172e+01 2.522572e+01 6.380083e+01 2.246442e+01 4.909574e+01 2.130272e+01 2.711702e+01 2.739136e+01 2.758669e+01 2.157956e+01 8.542937e+00 8.333476e-02 2.297770e-01 4.416072e-01 4.632615e-01 7.798086e-01 5.195601e-01 1.359421e+00 7.095057e-01 1.010614e+00 9.423435e-01 1.196221e+00 9.235547e-01 6.653639e-02 1.009962e-02 3.432449e-02 6.935278e-02 8.242275e-02 1.166757e-01 1.013333e-01 2.113911e-01 1.300182e-01 1.743936e-01 1.444500e-01 2.055876e-01 1.618221e-01 1.065428e-02 2.232055e-03 7.141636e-03 1.529104e-02 2.028589e-02 2.551761e-02 2.664119e-02 3.693623e-02 3.153421e-02 3.774204e-02 2.584310e-02 3.915628e-02 4.222865e-02 1.555834e-03
<GCONST> 4.050615e+01
<MIXTURE> 2 2.752180e-01
<MEAN> 52
 -4.629007e+00 -9.714724e+00 -1.567859e+01 -2.500423e+01 4.989387e+00 -7.109931e+00 -9.837820e+00 -3.025935e+00 -1.750402e+01 -3.700160e+00 -9.043311e+00 -7.700874e+00 7.311955e+01 3.563440e-01 6.207033e-02 1.941626e-01 2.997204e-01 -2.900226e-01 -3.760867e-01 1.158144e+00 -4.847703e-02 -1.819552e+00 1.035200e-01 -3.506914e-01 1.163638e-02 -4.679132e-01 -9.497366e-04 7.763558e-03 1.639223e-01 1.105628e-01 -2.366865e-01 -1.714974e-01 -5.505592e-02 5.851138e-02 4.113196e-01 8.900963e-02 -3.629460e-01 1.219351e-01 -4.534354e-03 -1.192619e-02 -8.099067e-03 -2.594696e-02 -6.479997e-02 6.814544e-02 6.680174e-02 -1.099116e-01 -4.019640e-02 7.942589e-02 -1.110553e-02 1.009560e-02 -4.546663e-02 9.542156e-03
<VARIANCE> 52
 8.743142e+00 9.327505e+00 1.793065e+01 1.911784e+01 3.372229e+01 1.271004e+01 3.020073e+01 3.885974e+01 5.367407e+01 1.793153e+01 2.152500e+01 1.772233e+01 1.589681e+01 1.425484e-01 1.793611e-01 5.687938e-01 4.961662e-01 9.506174e-01 9.222595e-01 7.982388e-01 5.217403e-01 2.603873e+00 1.149964e+00 2.862714e+00 1.032598e+00 5.673988e-02 2.410608e-02 3.573133e-02 4.827388e-02 1.013750e-01 9.969997e-02 2.204736e-01 1.537571e-01 1.122896e-01 2.163700e-01 2.039372e-01 3.180073e-01 1.427073e-01 7.877733e-03 5.559521e-03 8.010468e-03 1.050815e-02 2.071466e-02 2.411203e-02 3.795681e-02 2.537052e-02 2.281106e-02 7.013386e-02 4.781527e-02 9.327926e-02 3.221725e-02 3.277176e-03
<GCONST> 4.644905e+01
<MIXTURE> 3 4.212072e-01
<MEAN> 52
 3.717168e+00 7.209831e-01 -5.477203e+00 -1.444643e+01 -8.726274e+00 7.544184e+00 -7.259488e+00 -4.145050e+00 -7.658415e+00 -4.589358e+00 1.363891e+00 -5.973316e+00 7.158950e+01 1.527697e-01 3.207769e-01 7.883966e-01 1.265200e+00 -8.527219e-01 -6.828504e-01 1.528015e+00 2.361238e-01 -4.974445e-01 -5.620080e-01 -1.804241e+00 -2.928390e-01 -6.356023e-01 -2.364487e-01 -1.322718e-01 4.156328e-01 4.508161e-01 1.320016e-01 -3.826278e-01 -5.021634e-01 -3.365695e-01 5.264440e-01 4.166066e-01 -4.423585e-01 2.079219e-03 5.559368e-02 4.537638e-02 -2.491288e-02 -1.016812e-01 -1.795368e-01 9.927388e-02 2.176656e-01 -2.085418e-01 -8.841458e-02 -3.668923e-02 5.555761e-02 3.134574e-01 8.891191e-02 3.440706e-02
<VARIANCE> 52
 7.776370e+00 2.196597e+01 4.206205e+01 5.199014e+01 3.973905e+01 4.995454e+01 6.267423e+01 6.612672e+01 6.841613e+01 7.707487e+01 5.369390e+01 3.219959e+01 1.156538e+01 2.510149e-01 7.034976e-01 1.157923e+00 1.508249e+00 1.682768e+00 1.898497e+00 2.152702e+00 3.032697e+00 3.234164e+00 2.997468e+00 2.510245e+00 2.478215e+00 2.224292e-01 4.006207e-02 9.196857e-02 1.831418e-01 2.365309e-01 2.913775e-01 3.464963e-01 4.396220e-01 4.094902e-01 3.558036e-01 5.023898e-01 5.182088e-01 4.161866e-01 4.020892e-02 1.088203e-02 2.845780e-02 5.068995e-02 4.367173e-02 7.766034e-02 7.485460e-02 1.090795e-01 1.083564e-01 1.042092e-01 1.123670e-01 1.110779e-01 1.013370e-01 1.470007e-02
<GCONST> 9.110194e+01
<STATE> 9
<NUMMIXES> 3
<MIXTURE> 1 6.231515e-01
<MEAN> 52
 2.540094e+00 1.828164e+00 2.995970e+00 -6.244570e+00 -1.077131e+01 4.354851e+00 -7.428964e+00 -6.531285e+00 -5.058973e+00 -1.878017e+00 -4.904826e+00 -5.490539e+00 6.816242e+01 -2.209421e-01 2.474051e-01 7.143538e-01 1.082217e+00 4.524996e-01 -4.346941e-01 -3.287710e-01 -5.886303e-01 1.391886e-01 3.081932e-01 -4.746768e-01 1.988056e-01 -6.061948e-01 2.880062e-05 9.330048e-02 -1.085961e-01 3.201916e-02 1.478363e-01 3.353690e-02 -4.947297e-02 -1.248495e-02 -8.112545e-02 4.054182e-02 2.059834e-01 -1.828888e-02 -8.205773e-02 1.489296e-02 2.707222e-02 -3.526485e-02 -2.407901e-02 -3.560635e-02 2.336116e-02 1.011937e-01 4.891172e-02 -4.154922e-02 -5.020103e-02 -7.399948e-03 -5.657816e-03 -2.580855e-02
<VARIANCE> 52
 7.109882e+00 1.894252e+01 3.430440e+01 3.912436e+01 4.309623e+01 3.235685e+01 5.325103e+01 5.672831e+01 4.690204e+01 5.559334e+01 2.657206e+01 3.589413e+01 1.772721e+01 2.056101e-01 5.121093e-01 1.413885e+00 1.124491e+00 1.183851e+00 1.210104e+00 2.284845e+00 1.833415e+00 1.644613e+00 1.783444e+00 1.768688e+00 1.533884e+00 2.008131e-01 4.124767e-02 9.899139e-02 2.404112e-01 1.981499e-01 2.723303e-01 2.373446e-01 4.114186e-01 3.261485e-01 2.873491e-01 2.963013e-01 4.154210e-01 2.925609e-01 4.204829e-02 9.541301e-03 2.068184e-02 5.184359e-02 4.131119e-02 5.390587e-02 5.332102e-02 8.757735e-02 7.068597e-02 6.746496e-02 7.146318e-02 8.313232e-02 6.802648e-02 6.840966e-03
<GCONST> 7.886244e+01
<MIXTURE> 2 1.360973e-01
<MEAN> 52
 -4.275290e+00 -1.142796e+01 -4.675848e+00 -2.355056e+01 -2.537853e+00 -1.467422e+01 -9.213032e+00 2.308735e+00 -1.715700e+01 -3.567275e+00 -1.846316e+01 -3.527424e+00 7.239531e+01 7.426251e-02 4.529114e-02 6.858715e-01 4.961629e-01 -4.851545e-01 -5.805373e-01 -1.021621e-01 4.173749e-02 1.157832e-01 -5.351770e-01 -4.761620e-01 -1.987906e-01 -4.400670e-01 -2.160570e-02 4.096436e-02 -1.539899e-01 6.528727e-02 5.207154e-02 1.530508e-01 -7.424812e-02 -1.019500e-01 -3.185730e-02 -1.037466e-01 2.486207e-01 -8.824700e-02 -4.338078e-02 6.593117e-03 2.904513e-02 -3.556383e-02 -8.039114e-03 -1.071167e-02 1.236170e-02 1.617273e-02 -1.231187e-02 -2.561240e-02 1.117057e-02 2.110025e-03 3.177521e-02 -1.822232e-02
<VARIANCE> 52
 2.863957e+00 1.130731e+01 8.060471e+01 2.043755e+01 5.356385e+01 1.649238e+01 2.219441e+01 1.432947e+01 6.332426e+00 1.396199e+01 1.164275e+01 6.726762e+00 2.697734e+00 1.218330e-01 2.100167e-01 4.926882e-01 5.156121e-01 4.022926e-01 9.345922e-01 6.046506e-01 9.863517e-01 6.175499e-01 6.962146e-01 1.346813e+00 6.164721e-01 6.625036e-02 2.464899e-02 4.629426e-02 6.393126e-02 8.681775e-02 8.441447e-02 1.075305e-01 9.553976e-02 1.274607e-01 1.038088e-01 1.101178e-01 1.878609e-01 1.017704e-01 1.490836e-02 4.954666e-03 8.938603e-03 1.207766e-02 2.139819e-02 1.633513e-02 3.302605e-02 1.557049e-02 3.369754e-02 2.874115e-02 2.378788e-02 4.539077e-02 2.248863e-02 2.112144e-03
<GCONST> 3.114727e+01
<MIXTURE> 3 2.407512e-01
<MEAN> 52
 -1.604095e-01 -5.786622e+00 -8.838986e+00 -1.450871e+01 -6.931276e+00 -7.227927e+00 -1.494873e+01 -5.560190e+00 -2.065383e+01 -1.469809e+01 -1.273857e+01 -6.624023e+00 6.430636e+01 -1.191425e-01 3.127706e-01 8.515360e-01 7.003702e-01 -2.437839e-01 -5.573115e-01 -7.445164e-01 -1.000873e-01 3.139900e-02 -3.635706e-01 -4.005287e-01 1.715388e-01 -5.652500e-01 -7.557452e-03 6.092237e-02 -4.079265e-02 -6.101842e-02 4.566337e-02 2.913423e-02 -8.091029e-02 -1.004903e-01 1.768871e-01 1.270793e-01 1.287924e-01 -2.417689e-02 -4.686031e-02 1.948547e-02 2.949593e-02 -1.836143e-02 7.860781e-03 -2.295840e-02 1.666417e-02 9.196837e-02 -3.314981e-02 -1.968578e-02 5.121242e-03 3.617505e-02 -7.823205e-03 -2.054550e-02
<VARIANCE> 52
 4.217699e+00 2.172427e+01 3.765981e+01 2.436573e+01 4.573117e+01 2.921848e+01 7.982573e+01 3.396212e+01 6.700348e+01 1.396057e+02 3.040879e+01 6.449406e+01 5.517044e+01 2.085631e-01 4.073646e-01 1.243553e+00 1.199965e+00 1.603979e+00 1.624852e+00 2.121028e+00 1.208892e+00 2.284157e+00 1.693620e+00 1.113520e+00 1.597633e+00 1.273456e-01 3.063610e-02 6.103767e-02 1.796090e-01 1.613118e-01 2.415516e-01 2.977554e-01 4.229718e-01 2.658430e-01 3.542769e-01 3.398565e-01 2.165713e-01 3.662336e-01 1.902882e-02 6.934487e-03 1.137308e-02 3.527483e-02 4.131617e-02 5.928668e-02 6.983605e-02 8.105968e-02 5.255506e-02 5.786305e-02 8.019955e-02 4.741557e-02 8.247596e-02 4.014073e-03
<GCONST> 7.583643e+01
<STATE> 10
<NUMMIXES> 3
<MIXTURE> 1 4.375230e-01
<MEAN> 52
 2.243294e+00 3.434042e+00 5.031366e+00 -4.861915e-01 -8.258586e+00 8.579729e-01 -9.726103e+00 -9.802955e+00 -7.506130e+00 2.145337e+00 -5.678631e+00 -5.398337e+00 6.595914e+01 -1.383405e-01 1.263981e+00 6.638381e-01 1.609916e+00 5.042796e-01 -6.501701e-01 4.528693e-01 -5.331070e-01 -6.207716e-02 6.906947e-02 -4.134121e-01 1.852635e-01 -1.586642e+00 -2.152890e-01 -1.269787e-01 -1.576419e-01 -3.284473e-01 1.814238e-01 3.898728e-02 1.742604e-01 4.188457e-01 1.390948e-01 -3.791729e-01 2.840971e-01 9.810516e-02 4.115494e-02 -8.921468e-02 -2.135186e-01 -4.361284e-02 -1.758024e-01 -6.626954e-02 6.669060e-03 -3.667319e-02 1.060286e-01 4.027828e-02 -3.768027e-02 9.337828e-02 1.113284e-02 2.056354e-01
<VARIANCE> 52
 5.400981e+00 2.766535e+01 2.904158e+01 4.909343e+01 4.244061e+01 3.290849e+01 6.826007e+01 6.470628e+01 5.288327e+01 5.986855e+01 3.984061e+01 3.957304e+01 1.758897e+01 4.057192e-01 7.629772e-01 2.245662e+00 2.274869e+00 3.204365e+00 2.183192e+00 2.797253e+00 3.558986e+00 2.903276e+00 3.112388e+00 3.294828e+00 2.144625e+00 3.717303e-01 1.136706e-01 2.451887e-01 3.244237e-01 3.996317e-01 5.282166e-01 4.362878e-01 4.915843e-01 6.135556e-01 5.096419e-01 5.245025e-01 5.218148e-01 4.483638e-01 1.760902e-01 2.160852e-02 2.543575e-02 8.869223e-02 7.981768e-02 1.427155e-01 1.076986e-01 9.800981e-02 1.351776e-01 1.093716e-01 1.243839e-01 1.216393e-01 9.504335e-02 2.566705e-02
<GCONST> 1.034589e+02
<MIXTURE> 2 2.563827e-01
<MEAN> 52
 -3.416376e+00 -5.282281e+00 -9.523295e+00 -1.704680e+01 -4.189300e+00 -1.253116e+01 -1.024682e+01 -4.429874e+00 -1.682632e+01 -9.512809e+00 -1.490844e+01 -6.505034e+00 6.528782e+01 8.718021e-02 8.098837e-01 1.437673e-01 1.245561e+00 -6.881046e-01 4.007311e-02 -4.577387e-01 -1.023208e+00 5.210643e-01 -4.802399e-01 9.720900e-01 3.947259e-02 -1.124930e+00 -4.105703e-02 2.674245e-03 1.082929e-01 1.887153e-01 5.058886e-02 5.516980e-02 2.674392e-02 -7.582106e-02 4.354680e-02 6.357853e-02 1.597884e-01 1.724839e-01 -3.447646e-02 -2.889947e-02 -6.184898e-02 2.454162e-02 -5.718983e-02 7.260189e-02 2.698893e-02 3.508605e-02 8.734582e-02 1.468231e-02 4.682928e-02 -9.259926e-02 1.317404e-02 4.394366e-02
<VARIANCE> 52
 1.127689e+01 1.755233e+01 7.096547e+01 4.492129e+01 3.471526e+01 3.417706e+01 2.985836e+01 3.512310e+01 4.604039e+01 5.817019e+01 2.695926e+01 2.708155e+01 2.792088e+01 4.030657e-01 7.102724e-01 1.385560e+00 1.424290e+00 1.655420e+00 1.900150e+00 1.376559e+00 2.182169e+00 1.668258e+00 1.809115e+00 1.578047e+00 1.371044e+00 3.170905e-01 7.078723e-02 1.283084e-01 2.439091e-01 2.851115e-01 3.702705e-01 3.417915e-01 2.756609e-01 3.736244e-01 3.020651e-01 3.013099e-01 3.365214e-01 2.884893e-01 4.408438e-02 1.395817e-02 2.256778e-02 4.948215e-02 7.138900e-02 6.773573e-02 7.633572e-02 5.388895e-02 8.366166e-02 7.049221e-02 6.173399e-02 5.828472e-02 6.787278e-02 5.948300e-03
<GCONST> 8.314936e+01
<MIXTURE> 3 3.060943e-01
<MEAN> 52
 -2.007507e+00 6.868029e-01 -3.642405e+00 -8.257008e+00 -7.334017e+00 -1.127758e+01 -1.537279e+01 -1.294366e+01 -1.509271e+01 -1.221791e+01 -1.034407e+01 -2.074921e+00 5.775926e+01 -4.422141e-01 6.249604e-02 1.137588e-01 8.751598e-01 2.605007e-01 8.665930e-01 6.120021e-01 -1.138985e-01 1.070814e+00 7.024419e-01 6.405882e-01 3.665052e-01 -9.191712e-01 -1.231327e-01 -2.527856e-01 -1.218266e-01 -2.135581e-01 9.842417e-02 2.156945e-01 3.019576e-01 4.397978e-01 2.068843e-01 2.542015e-01 -3.989781e-02 -5.778760e-02 1.438322e-01 1.004661e-02 -3.783392e-05 1.854661e-02 -5.420917e-02 -8.051044e-02 -1.000090e-01 -6.209275e-02 2.719935e-03 -2.850901e-02 -1.842023e-02 -1.971116e-02 -2.554057e-02 5.461941e-02
<VARIANCE> 52
 1.614571e+01 2.248885e+01 2.824870e+01 2.578714e+01 2.864508e+01 4.816997e+01 4.703394e+01 4.073771e+01 6.968032e+01 5.149237e+01 3.235091e+01 4.284915e+01 3.104256e+01 8.656730e-01 1.671134e+00 1.825146e+00 1.690716e+00 2.985775e+00 3.080049e+00 3.627901e+00 4.830152e+00 4.541105e+00 2.704262e+00 2.705389e+00 2.459069e+00 5.268184e-01 1.488231e-01 1.780771e-01 2.575158e-01 2.846153e-01 3.827603e-01 4.532916e-01 4.645514e-01 5.207403e-01 6.900702e-01 4.113535e-01 4.571767e-01 3.829947e-01 9.378769e-02 3.407557e-02 5.495696e-02 6.448086e-02 7.705345e-02 1.239036e-01 1.150952e-01 1.298597e-01 1.768779e-01 1.674686e-01 9.748852e-02 1.162400e-01 1.017332e-01 1.920754e-02
<GCONST> 1.051417e+02
<STATE> 11
<NUMMIXES> 3
<MIXTURE> 1 3.030115e-01
<MEAN> 52
 -3.296705e+00 4.577322e+00 4.088973e+00 8.100796e-01 -5.673936e+00 -3.975266e+00 -6.289176e+00 -7.902711e+00 -6.486671e+00 -2.183501e+00 -4.505706e+00 -3.516850e+00 6.211845e+01 -1.778284e+00 -9.660873e-01 6.779791e-01 -1.039091e+00 -7.756324e-01 -6.681191e-01 2.922859e-01 1.181206e+00 4.088946e-01 -7.941750e-01 1.529850e+00 5.953870e-01 1.522013e+00 1.349799e-01 -2.499885e-01 4.882639e-01 -3.982468e-01 -9.725187e-01 1.812813e-01 -5.363541e-01 -1.589389e-01 -2.597224e-01 1.724295e-01 1.424029e-01 -4.961494e-02 7.292269e-01 2.565813e-01 1.807837e-01 2.136452e-02 1.644738e-01 3.855658e-02 1.108628e-01 -7.296517e-02 -1.472705e-01 -1.091866e-01 1.161950e-01 -2.221156e-01 -1.104025e-01 -2.462571e-01
<VARIANCE> 52
 3.107241e+01 3.264877e+01 4.095681e+01 3.764872e+01 4.142650e+01 4.762991e+01 5.664662e+01 3.731292e+01 3.967880e+01 4.590690e+01 3.474257e+01 2.480354e+01 5.063299e+01 2.245663e+00 2.330228e+00 4.465995e+00 4.217381e+00 7.695633e+00 4.821813e+00 6.010374e+00 4.405067e+00 4.631760e+00 5.485286e+00 3.121415e+00 2.761799e+00 3.566140e+00 6.585482e-01 5.740831e-01 6.206497e-01 7.928686e-01 1.016959e+00 8.414600e-01 1.006390e+00 9.064651e-01 8.023992e-01 8.313838e-01 7.529057e-01 6.402308e-01 5.038233e-01 8.991756e-02 1.052136e-01 1.961530e-01 1.765343e-01 3.895759e-01 1.732112e-01 2.394177e-01 1.859370e-01 1.980917e-01 2.131062e-01 1.505033e-01 1.187265e-01 1.393642e-01
<GCONST> 1.346670e+02
<MIXTURE> 2 3.036939e-01
<MEAN> 52
 -4.562942e-01 5.277403e+00 4.046053e+00 7.995762e-01 1.877113e-01 3.457614e+00 -3.381283e+00 -5.636173e+00 -5.067154e+00 -2.599329e+00 -5.766207e+00 -4.270829e+00 5.874800e+01 -7.663620e-01 -3.941744e-01 -4.909546e-01 2.095377e-01 6.636409e-01 1.077931e-01 6.180081e-01 4.012311e-01 4.943155e-01 9.612131e-02 2.801192e-01 3.155900e-01 -9.026311e-01 -4.624761e-02 -3.431382e-01 -2.741992e-01 -4.488581e-01 -3.880765e-01 -2.105784e-01 -2.289302e-01 -2.106866e-02 2.382299e-03 1.497212e-01 7.102470e-02 3.038302e-02 1.583387e-01 4.254648e-02 4.969000e-02 4.112817e-02 2.196389e-02 -7.073531e-02 -1.044367e-01 -1.008664e-01 -8.889635e-02 -4.771511e-02 -1.984612e-03 -3.267860e-02 -2.683480e-02 3.766419e-02
<VARIANCE> 52
 9.821882e+00 1.483005e+01 1.690804e+01 2.479642e+01 2.422867e+01 2.923510e+01 4.359383e+01 3.657291e+01 2.399039e+01 2.679152e+01 2.720173e+01 2.121277e+01 1.118245e+01 4.977405e-01 1.019755e+00 8.437965e-01 1.609447e+00 2.037208e+00 2.069028e+00 2.364312e+00 2.476583e+00 2.157514e+00 2.080001e+00 1.540700e+00 1.776938e+00 3.700276e-01 6.899945e-02 1.567810e-01 1.533425e-01 2.489560e-01 3.125777e-01 4.646967e-01 4.185082e-01 4.469784e-01 3.616836e-01 3.637874e-01 3.217990e-01 3.302175e-01 3.425582e-02 1.462564e-02 3.265583e-02 3.626678e-02 6.040705e-02 7.909966e-02 9.553397e-02 9.369037e-02 9.742139e-02 8.046426e-02 9.226754e-02 6.970428e-02 7.984991e-02 7.508465e-03
<GCONST> 8.273327e+01
<MIXTURE> 3 3.932946e-01
<MEAN> 52
 -6.407864e+00 -2.056264e+00 -3.492360e+00 -6.527269e+00 -3.057138e+00 -5.299838e-01 -5.220609e+00 -3.525576e+00 -4.049772e+00 -2.288824e+00 -2.944716e+00 -2.603206e+00 5.449517e+01 -5.279568e-01 -5.788842e-01 -6.545812e-01 -4.699061e-01 -4.428627e-01 -4.771224e-01 -9.929482e-02 1.264123e-02 5.241036e-01 4.443548e-01 3.360033e-01 2.777193e-01 -4.338731e-01 1.794040e-01 1.584687e-01 1.851126e-01 1.389525e-01 6.090569e-02 -1.945039e-02 -1.663580e-01 -1.833359e-01 -1.666659e-01 -1.069291e-01 -1.811655e-01 -8.076768e-02 1.491269e-01 7.006246e-03 3.089332e-02 4.857139e-02 9.868377e-02 7.802901e-02 7.213955e-02 4.552337e-02 8.177926e-03 1.557094e-02 -3.621106e-02 -2.182763e-02 -3.338872e-03 -1.720592e-02
<VARIANCE> 52
 1.497349e+01 1.880077e+01 1.810062e+01 2.887540e+01 1.757922e+01 2.399728e+01 4.147677e+01 2.384706e+01 2.784793e+01 2.476877e+01 1.954652e+01 1.797511e+01 1.634704e+01 4.947051e-01 8.784168e-01 1.156464e+00 1.543803e+00 1.679774e+00 2.149834e+00 2.620803e+00 2.316417e+00 2.420887e+00 2.241472e+00 1.722338e+00 1.757396e+00 2.119259e-01 6.966700e-02 1.400210e-01 1.650241e-01 2.253731e-01 3.232601e-01 4.107051e-01 5.247325e-01 4.127640e-01 4.015801e-01 4.073209e-01 2.726921e-01 3.330715e-01 2.911534e-02 1.785582e-02 3.580346e-02 4.140516e-02 5.199849e-02 7.602324e-02 8.793993e-02 1.149550e-01 8.853187e-02 9.759022e-02 8.996966e-02 7.067213e-02 8.087619e-02 6.128701e-03
<GCONST> 8.238098e+01
<TRANSP> 12
 0.000000e+00 1.000000e+00 0.000000e+00 0.000000e+00 0.000000e+00 0.000000e+00 0.000000e+00 0.000000e+00 0.000000e+00 0.000000e+00 0.000000e+00 0.000000e+00
 0.000000e+00 7.874928e-01 2.125073e-01 0.000000e+00 0.000000e+00 0.000000e+00 0.000000e+00 0.000000e+00 0.000000e+00 0.000000e+00 0.000000e+00 0.000000e+00
 0.000000e+00 0.000000e+00 8.393371e-01 1.606629e-01 0.000000e+00 0.000000e+00 0.000000e+00 0.000000e+00 0.000000e+00 0.000000e+00 0.000000e+00 0.000000e+00
 0.000000e+00 0.000000e+00 0.000000e+00 8.380908e-01 1.619092e-01 0.000000e+00 0.000000e+00 0.000000e+00 0.000000e+00 0.000000e+00 0.000000e+00 0.000000e+00
 0.000000e+00 0.000000e+00 0.000000e+00 0.000000e+00 7.502618e-01 2.497382e-01 0.000000e+00 0.000000e+00 0.000000e+00 0.000000e+00 0.000000e+00 0.000000e+00
 0.000000e+00 0.000000e+00 0.000000e+00 0.000000e+00 0.000000e+00 7.389500e-01 2.610501e-01 0.000000e+00 0.000000e+00 0.000000e+00 0.000000e+00 0.000000e+00
 0.000000e+00 0.000000e+00 0.000000e+00 0.000000e+00 0.000000e+00 0.000000e+00 7.274322e-01 2.725678e-01 0.000000e+00 0.000000e+00 0.000000e+00 0.000000e+00
 0.000000e+00 0.000000e+00 0.000000e+00 0.000000e+00 0.000000e+00 0.000000e+00 0.000000e+00 7.965084e-01 2.034916e-01 0.000000e+00 0.000000e+00 0.000000e+00
 0.000000e+00 0.000000e+00 0.000000e+00 0.000000e+00 0.000000e+00 0.000000e+00 0.000000e+00 0.000000e+00 8.405972e-01 1.594029e-01 0.000000e+00 0.000000e+00
 0.000000e+00 0.000000e+00 0.000000e+00 0.000000e+00 0.000000e+00 0.000000e+00 0.000000e+00 0.000000e+00 0.000000e+00 7.982360e-01 2.017641e-01 0.000000e+00
 0.000000e+00 0.000000e+00 0.000000e+00 0.000000e+00 0.000000e+00 0.000000e+00 0.000000e+00 0.000000e+00 0.000000e+00 0.000000e+00 8.144726e-01 1.855274e-01
 0.000000e+00 0.000000e+00 0.000000e+00 0.000000e+00 0.000000e+00 0.000000e+00 0.000000e+00 0.000000e+00 0.000000e+00 0.000000e+00 0.000000e+00 0.000000e+00
<ENDHMM>
