~o
<STREAMINFO> 1 13
<VECSIZE> 13<NULLD><MFCC_0><DIAGC>
~h "dd"
<BEGINHMM>
<NUMSTATES> 6
<STATE> 2
<MEAN> 13
 -6.274947e+00 2.570582e+00 9.028792e+00 -5.321836e+00 -1.536741e+01 -2.405925e+00 -1.051760e+01 -7.026934e+00 -9.987418e+00 -3.250282e+00 -1.466441e+00 -3.517749e+00 6.935934e+01
<VARIANCE> 13
 2.670805e+01 2.460330e+01 7.888511e+01 9.316722e+01 6.791603e+01 4.905966e+01 9.082436e+01 5.775183e+01 5.939965e+01 5.975533e+01 1.035805e+02 4.888275e+01 3.592691e+01
<GCONST> 7.624484e+01
<STATE> 3
<MEAN> 13
 1.789803e+00 5.729955e+00 6.709283e+00 4.851407e+00 -1.176404e+01 -2.157011e+00 -7.234678e+00 -1.102392e+01 -8.706805e+00 3.064211e+00 -4.816262e+00 -5.775379e+00 6.543115e+01
<VARIANCE> 13
 1.030723e+01 1.730070e+01 1.922254e+01 3.227272e+01 4.502161e+01 3.752969e+01 3.978386e+01 3.567120e+01 4.313465e+01 3.995527e+01 3.649691e+01 3.542736e+01 1.766368e+01
<GCONST> 6.768470e+01
<STATE> 4
<MEAN> 13
 2.609906e-01 -1.035540e+00 -3.999621e+00 -1.215676e+01 -7.676510e+00 -1.627437e+00 -1.388068e+01 -6.058752e+00 -7.653729e+00 -3.676482e+00 -4.362108e+00 -5.236373e+00 6.853866e+01
<VARIANCE> 13
 1.554575e+01 3.036691e+01 4.416076e+01 5.222148e+01 5.031991e+01 1.007191e+02 6.515100e+01 8.093021e+01 1.013954e+02 7.620546e+01 8.173566e+01 4.803696e+01 7.251662e+01
<GCONST> 7.640564e+01
<STATE> 5
<MEAN> 13
 -4.768236e-01 3.730930e+00 3.803411e+00 -9.326950e-01 -5.394178e+00 1.689172e+00 -4.791408e+00 -7.529956e+00 -5.092468e+00 -2.377331e-01 -4.744655e+00 -3.434023e+00 6.328559e+01
<VARIANCE> 13
 2.621511e+01 2.140841e+01 3.150863e+01 3.353255e+01 4.221546e+01 4.025128e+01 4.909912e+01 4.811999e+01 4.507154e+01 4.298612e+01 2.717739e+01 2.514517e+01 4.167020e+01
<GCONST> 7.021673e+01
<TRANSP> 6
 0.000000e+00 1.000000e+00 0.000000e+00 0.000000e+00 0.000000e+00 0.000000e+00
 0.000000e+00 8.970410e-01 1.029590e-01 0.000000e+00 0.000000e+00 0.000000e+00
 0.000000e+00 0.000000e+00 8.926611e-01 1.073389e-01 0.000000e+00 0.000000e+00
 0.000000e+00 0.000000e+00 0.000000e+00 9.297476e-01 7.025240e-02 0.000000e+00
 0.000000e+00 0.000000e+00 0.000000e+00 0.000000e+00 9.074650e-01 9.253494e-02
 0.000000e+00 0.000000e+00 0.000000e+00 0.000000e+00 0.000000e+00 0.000000e+00
<ENDHMM>
