~o
<STREAMINFO> 1 13
<VECSIZE> 13<NULLD><MFCC_0><DIAGC>
~h "lx"
<BEGINHMM>
<NUMSTATES> 6
<STATE> 2
<MEAN> 13
 -3.961919e+00 4.676143e+00 1.137931e+01 -4.672582e+00 -1.300193e+01 -3.009645e+00 -1.111062e+01 -5.902234e+00 -9.796011e+00 -1.606193e+00 -1.196949e+00 -3.594992e+00 6.985857e+01
<VARIANCE> 13
 1.427496e+01 3.243062e+01 4.691024e+01 9.155271e+01 5.842944e+01 6.415086e+01 8.015426e+01 7.003690e+01 4.622978e+01 5.270103e+01 8.199681e+01 3.829105e+01 3.767323e+01
<GCONST> 7.473631e+01
<STATE> 3
<MEAN> 13
 -2.450319e+01 9.956551e+00 2.654453e+00 -3.157769e+00 -2.427951e+00 -4.159019e+00 -4.503459e-01 -5.989092e+00 -3.725352e+00 -2.153470e+00 -2.206286e+00 -1.091938e+00 6.947501e+01
<VARIANCE> 13
 4.730811e+01 2.844643e+01 4.692717e+01 3.428715e+01 2.502217e+01 2.880593e+01 3.786011e+01 3.712224e+01 2.470180e+01 2.570703e+01 2.595182e+01 2.078321e+01 2.046420e+01
<GCONST> 6.807164e+01
<STATE> 4
<MEAN> 13
 -9.145747e+00 3.506152e+00 1.544818e+01 -9.135908e+00 -1.476939e+01 -4.539184e+00 -1.735742e+01 -8.430447e+00 -1.327152e+01 -4.120173e+00 -3.023296e+00 -3.750777e+00 7.108351e+01
<VARIANCE> 13
 1.547322e+01 2.617290e+01 4.274779e+01 9.009776e+01 2.802540e+01 4.043748e+01 4.550505e+01 6.814242e+01 2.553131e+01 4.684187e+01 7.853201e+01 3.487228e+01 2.884360e+01
<GCONST> 7.158851e+01
<STATE> 5
<MEAN> 13
 -5.432663e+00 2.832026e+00 1.046668e+01 5.968715e-01 -9.242626e+00 -2.977706e+00 -7.559541e+00 -6.176266e+00 -5.391429e+00 -5.180637e+00 -6.765268e-01 -2.497234e+00 6.471093e+01
<VARIANCE> 13
 1.503550e+01 3.050285e+01 6.560618e+01 3.547130e+01 7.449091e+01 6.264403e+01 4.392902e+01 3.832585e+01 2.832433e+01 5.695919e+01 3.669721e+01 2.691669e+01 7.595775e+01
<GCONST> 7.226156e+01
<TRANSP> 6
 0.000000e+00 1.000000e+00 0.000000e+00 0.000000e+00 0.000000e+00 0.000000e+00
 0.000000e+00 9.417827e-01 5.821736e-02 0.000000e+00 0.000000e+00 0.000000e+00
 0.000000e+00 0.000000e+00 9.120809e-01 8.791913e-02 0.000000e+00 0.000000e+00
 0.000000e+00 0.000000e+00 0.000000e+00 9.093400e-01 9.065998e-02 0.000000e+00
 0.000000e+00 0.000000e+00 0.000000e+00 0.000000e+00 8.810775e-01 1.189225e-01
 0.000000e+00 0.000000e+00 0.000000e+00 0.000000e+00 0.000000e+00 0.000000e+00
<ENDHMM>
