~o <VecSize> 13 <MFCC_0> 
~h "rx" 
<BeginHMM> 
<NumStates> 6 
<State> 2  
<Mean> 13 
0.0 0.0 0.0 0.0 0.0 0.0 0.0 0.0 0.0 0.0 0.0 0.0 0.0 
<Variance> 13 
1.0 1.0 1.0 1.0 1.0 1.0 1.0 1.0 1.0 1.0 1.0 1.0 1.0 
<State> 3  
<Mean> 13 
0.0 0.0 0.0 0.0 0.0 0.0 0.0 0.0 0.0 0.0 0.0 0.0 0.0 
<Variance> 13
1.0 1.0 1.0 1.0 1.0 1.0 1.0 1.0 1.0 1.0 1.0 1.0 1.0 
<State> 4  
<Mean> 13 
0.0 0.0 0.0 0.0 0.0 0.0 0.0 0.0 0.0 0.0 0.0 0.0 0.0 
<Variance> 13 
1.0 1.0 1.0 1.0 1.0 1.0 1.0 1.0 1.0 1.0 1.0 1.0 1.0 
<State> 5 
<Mean> 13
0.0 0.0 0.0 0.0 0.0 0.0 0.0 0.0 0.0 0.0 0.0 0.0 0.0 
<Variance> 13 
1.0 1.0 1.0 1.0 1.0 1.0 1.0 1.0 1.0 1.0 1.0 1.0 1.0 
<TransP> 6 
0.0 1.0 0.0 0.0 0.0 0.0 
0.0 0.5 0.5 0.0 0.0 0.0 
0.0 0.0 0.5 0.5 0.0 0.0 
0.0 0.0 0.0 0.5 0.5 0.0 
0.0 0.0 0.0 0.0 0.5 0.5 
0.0 0.0 0.0 0.0 0.0 0.0 
<EndHMM>
