~o
<STREAMINFO> 1 26
<VECSIZE> 26<NULLD><MFCC_D_0><DIAGC>
~h "lx"
<BEGINHMM>
<NUMSTATES> 12
<STATE> 2
<MEAN> 26
 -3.857572e+00 2.550951e+00 1.222103e+01 -1.233860e+00 -8.268081e+00 -5.699753e+00 -1.060007e+01 -3.369180e+00 -8.126942e+00 -2.441649e+00 -1.842422e+00 -1.398903e+00 6.576632e+01 2.089721e-01 -2.556646e-02 1.719284e+00 -8.036196e-01 -2.183549e+00 -5.883427e-02 -6.840386e-01 2.426150e-01 -8.208305e-01 1.284481e-01 9.491876e-01 1.086442e-01 2.262915e+00
<VARIANCE> 26
 1.402360e+01 3.043043e+01 5.247825e+01 6.719893e+01 7.582076e+01 4.983507e+01 5.980013e+01 5.124869e+01 4.422016e+01 4.001242e+01 4.998639e+01 2.966872e+01 5.665498e+01 2.060435e+00 3.196958e+00 3.908355e+00 4.307265e+00 4.680688e+00 4.553565e+00 4.769508e+00 4.353302e+00 3.199164e+00 3.911127e+00 3.804964e+00 2.972486e+00 1.797328e+00
<GCONST> 1.134308e+02
<STATE> 3
<MEAN> 26
 -3.611253e+00 3.132865e+00 1.521986e+01 -5.287835e+00 -1.561010e+01 -5.323346e-01 -1.078512e+01 -4.043076e+00 -1.099965e+01 -5.058625e-01 3.960228e+00 -4.124057e+00 7.275871e+01 4.509041e-02 6.505089e-01 -4.174532e-01 -1.988343e-01 4.799712e-01 4.239420e-01 1.244867e-01 -7.045568e-01 -2.551730e-01 4.208430e-01 -2.578240e-01 -5.235548e-01 -1.730508e-01
<VARIANCE> 26
 1.239709e+01 2.663028e+01 4.820790e+01 7.864285e+01 3.666860e+01 6.356814e+01 5.595233e+01 6.327692e+01 5.050653e+01 4.766409e+01 3.473504e+01 3.685386e+01 1.193740e+01 3.777589e-01 7.281916e-01 1.186870e+00 1.506343e+00 1.571879e+00 2.374143e+00 2.201777e+00 2.104556e+00 2.163805e+00 1.648853e+00 1.762906e+00 1.638024e+00 2.798271e-01
<GCONST> 9.837089e+01
<STATE> 4
<MEAN> 26
 -4.239991e+00 7.409592e+00 9.145249e+00 -9.978113e+00 -1.240832e+01 -3.541838e+00 -1.399629e+01 -1.024869e+01 -1.154453e+01 7.903963e-02 -6.171713e+00 -3.812327e+00 6.850039e+01 -7.739908e-01 1.333449e+00 -7.692753e-01 8.525319e-01 1.041580e+00 -6.969534e-01 1.119342e+00 -4.229735e-01 5.526117e-01 -6.792446e-01 -8.551960e-02 4.330056e-01 -3.605440e-01
<VARIANCE> 26
 1.458987e+01 2.260176e+01 3.680606e+01 1.107480e+02 4.199168e+01 4.250034e+01 9.435530e+01 5.961487e+01 3.509970e+01 6.085575e+01 9.984302e+01 3.923379e+01 2.733229e+01 2.827057e+00 1.602609e+00 2.466533e+00 3.304846e+00 3.667306e+00 2.952284e+00 4.398247e+00 2.657290e+00 2.767845e+00 2.404568e+00 3.144783e+00 2.722775e+00 4.882938e-01
<GCONST> 1.090416e+02
<STATE> 5
<MEAN> 26
 -1.627981e+01 1.459075e+01 6.460827e+00 1.460443e-02 -2.956995e+00 -4.488233e+00 -3.806771e-01 -7.907969e+00 -6.225623e+00 -3.046937e+00 -1.619483e+00 -1.682897e+00 6.981579e+01 -4.287718e+00 1.695864e-01 -1.865732e+00 3.277898e-01 1.938446e+00 1.208105e-01 1.428583e+00 8.955625e-01 1.604185e+00 2.591549e-03 -4.241521e-01 4.362251e-01 -5.921345e-02
<VARIANCE> 26
 4.873195e+01 1.688156e+01 3.056167e+01 4.058504e+01 3.884840e+01 3.219914e+01 4.336565e+01 4.239777e+01 2.966547e+01 3.198776e+01 3.448277e+01 2.327907e+01 1.980283e+01 1.798846e+00 4.322246e+00 2.542233e+00 4.035760e+00 4.135163e+00 3.214824e+00 4.387633e+00 3.224303e+00 3.037762e+00 3.294506e+00 2.993346e+00 2.668653e+00 4.647724e-01
<GCONST> 1.060291e+02
<STATE> 6
<MEAN> 26
 -2.896610e+01 8.924751e+00 -8.721737e-01 -5.746936e+00 -2.672433e+00 -5.255417e+00 -1.838627e+00 -5.320064e+00 -3.652306e+00 -6.408657e-01 -1.306473e+00 -8.294374e-01 6.947160e+01 -4.156334e-01 -8.265100e-01 -6.641517e-02 -6.577771e-01 -2.847444e-01 -4.934540e-02 -1.796008e-01 1.214191e-01 4.034594e-02 1.024676e-01 1.248662e-02 1.040869e-01 -1.019332e-01
<VARIANCE> 26
 1.106359e+01 1.973060e+01 3.060557e+01 2.891251e+01 1.862783e+01 2.952307e+01 4.344780e+01 3.531239e+01 2.730271e+01 2.153152e+01 2.510921e+01 1.779464e+01 1.881799e+01 1.824604e+00 1.036436e+00 2.537231e+00 1.640830e+00 1.693663e+00 1.769530e+00 1.650774e+00 1.750266e+00 1.998589e+00 1.913952e+00 1.752187e+00 1.601238e+00 2.387973e-01
<GCONST> 9.417834e+01
<STATE> 7
<MEAN> 26
 -2.114514e+01 8.339829e+00 6.785824e+00 -4.426884e+00 -5.049782e+00 -6.109622e+00 -3.833716e+00 -7.068980e+00 -5.884676e+00 -3.153103e+00 -2.220389e+00 -9.668045e-01 6.942001e+01 4.404512e+00 -9.113941e-02 3.526706e+00 5.318450e-01 -2.357228e+00 -9.480548e-01 -2.916584e+00 -1.319267e+00 -1.962017e+00 -1.233242e+00 1.369222e-01 -1.186988e-01 8.742241e-01
<VARIANCE> 26
 4.786248e+01 2.439813e+01 4.429271e+01 2.714647e+01 3.372572e+01 3.486703e+01 4.619406e+01 4.181061e+01 2.963575e+01 2.481194e+01 2.035893e+01 1.904642e+01 2.193446e+01 1.724230e+00 2.874110e+00 3.246739e+00 3.580358e+00 3.428568e+00 3.024831e+00 3.225351e+00 3.007034e+00 3.005215e+00 2.312830e+00 2.970735e+00 1.996609e+00 7.528036e-01
<GCONST> 1.043240e+02
<STATE> 8
<MEAN> 26
 -1.004849e+01 3.716949e+00 1.549265e+01 -5.665228e+00 -1.377414e+01 -6.321317e+00 -1.493624e+01 -9.811947e+00 -1.209031e+01 -5.312001e+00 -7.738703e-01 -4.136891e-01 7.343674e+01 1.605990e+00 -1.681590e+00 1.542903e+00 -5.376401e-01 -1.714025e+00 6.806731e-01 -2.061962e+00 2.553008e-01 -9.671019e-01 -4.142732e-01 6.143726e-01 -3.759469e-01 6.985362e-01
<VARIANCE> 26
 1.365934e+01 2.736962e+01 3.507831e+01 5.998649e+01 2.917785e+01 3.863534e+01 4.643302e+01 6.805923e+01 3.607750e+01 4.304988e+01 4.097786e+01 4.521007e+01 1.715369e+01 1.771733e+00 1.213785e+00 2.482287e+00 1.964957e+00 3.604008e+00 2.586898e+00 3.600767e+00 2.184562e+00 2.473214e+00 2.459662e+00 3.043616e+00 2.537533e+00 6.171730e-01
<GCONST> 1.041735e+02
<STATE> 9
<MEAN> 26
 -8.643218e+00 1.096954e+00 1.829035e+01 -9.036176e+00 -1.628309e+01 -4.883941e+00 -1.732740e+01 -8.144958e+00 -1.355168e+01 -5.214765e+00 1.289758e-01 -3.044159e+00 7.301549e+01 2.073202e-01 -4.688893e-02 5.631632e-02 -1.353087e-01 -2.078947e-01 1.822077e-01 -5.157102e-02 1.199775e-01 -6.142127e-03 1.333581e-01 7.635559e-02 -1.763893e-01 -1.946074e-01
<VARIANCE> 26
 1.353580e+01 2.508961e+01 3.536494e+01 8.470968e+01 2.451852e+01 3.883222e+01 3.483303e+01 4.198470e+01 3.936655e+01 4.540734e+01 7.570405e+01 2.639910e+01 1.902045e+01 1.111711e-01 2.420807e-01 4.323546e-01 5.545226e-01 5.703905e-01 6.325984e-01 7.941303e-01 6.130652e-01 5.706698e-01 7.696619e-01 5.803859e-01 5.155359e-01 1.207977e-01
<GCONST> 8.287290e+01
<STATE> 10
<MEAN> 26
 -5.546999e+00 3.531896e+00 1.465278e+01 -4.087533e+00 -1.492630e+01 -6.135917e+00 -1.401942e+01 -7.607637e+00 -1.115705e+01 -4.225198e+00 -8.944631e-01 -2.982109e+00 6.869868e+01 5.085281e-01 3.627796e-01 -8.798283e-01 9.048746e-01 1.031084e+00 -2.639365e-01 9.979335e-01 1.871520e-01 5.104091e-01 2.588817e-01 -6.497473e-01 2.039678e-02 -1.290755e+00
<VARIANCE> 26
 1.275476e+01 2.882391e+01 3.545405e+01 8.698964e+01 4.671783e+01 7.456339e+01 6.332636e+01 5.443569e+01 4.670712e+01 4.966432e+01 5.957694e+01 3.004171e+01 2.628377e+01 7.138272e-01 1.027872e+00 1.336694e+00 2.147922e+00 2.891097e+00 2.172505e+00 2.817038e+00 2.203208e+00 2.208296e+00 1.924940e+00 2.406435e+00 1.494951e+00 9.825549e-01
<GCONST> 1.036530e+02
<STATE> 11
<MEAN> 26
 -6.860913e+00 1.467731e+00 6.824763e+00 -3.160295e+00 -6.768388e+00 -3.935557e+00 -8.017994e+00 -6.523048e+00 -6.411721e+00 -2.886097e+00 -1.966766e+00 -2.351301e+00 5.874498e+01 -5.515295e-01 -8.847927e-01 -1.101791e+00 -5.290427e-01 3.274108e-01 2.132418e-01 3.817631e-01 2.643336e-01 4.250609e-01 2.587907e-01 2.902664e-01 2.058899e-01 -6.133865e-01
<VARIANCE> 26
 1.616722e+01 2.799282e+01 4.577047e+01 5.017314e+01 4.925138e+01 4.509403e+01 4.803384e+01 4.114812e+01 3.423203e+01 2.594670e+01 3.846618e+01 2.142212e+01 4.078162e+01 9.368799e-01 1.344096e+00 2.452038e+00 2.677187e+00 4.286693e+00 2.611890e+00 3.125836e+00 2.830686e+00 2.551015e+00 2.340075e+00 3.041586e+00 1.806288e+00 1.852733e+00
<GCONST> 1.049603e+02
<TRANSP> 12
 0.000000e+00 1.000000e+00 0.000000e+00 0.000000e+00 0.000000e+00 0.000000e+00 0.000000e+00 0.000000e+00 0.000000e+00 0.000000e+00 0.000000e+00 0.000000e+00
 0.000000e+00 8.061562e-01 1.938438e-01 0.000000e+00 0.000000e+00 0.000000e+00 0.000000e+00 0.000000e+00 0.000000e+00 0.000000e+00 0.000000e+00 0.000000e+00
 0.000000e+00 0.000000e+00 8.617117e-01 1.382883e-01 0.000000e+00 0.000000e+00 0.000000e+00 0.000000e+00 0.000000e+00 0.000000e+00 0.000000e+00 0.000000e+00
 0.000000e+00 0.000000e+00 0.000000e+00 7.907223e-01 2.092777e-01 0.000000e+00 0.000000e+00 0.000000e+00 0.000000e+00 0.000000e+00 0.000000e+00 0.000000e+00
 0.000000e+00 0.000000e+00 0.000000e+00 0.000000e+00 7.350243e-01 2.649757e-01 0.000000e+00 0.000000e+00 0.000000e+00 0.000000e+00 0.000000e+00 0.000000e+00
 0.000000e+00 0.000000e+00 0.000000e+00 0.000000e+00 0.000000e+00 8.364784e-01 1.635217e-01 0.000000e+00 0.000000e+00 0.000000e+00 0.000000e+00 0.000000e+00
 0.000000e+00 0.000000e+00 0.000000e+00 0.000000e+00 0.000000e+00 0.000000e+00 6.685144e-01 3.314856e-01 0.000000e+00 0.000000e+00 0.000000e+00 0.000000e+00
 0.000000e+00 0.000000e+00 0.000000e+00 0.000000e+00 0.000000e+00 0.000000e+00 0.000000e+00 6.463755e-01 3.536245e-01 0.000000e+00 0.000000e+00 0.000000e+00
 0.000000e+00 0.000000e+00 0.000000e+00 0.000000e+00 0.000000e+00 0.000000e+00 0.000000e+00 0.000000e+00 8.617102e-01 1.382898e-01 0.000000e+00 0.000000e+00
 0.000000e+00 0.000000e+00 0.000000e+00 0.000000e+00 0.000000e+00 0.000000e+00 0.000000e+00 0.000000e+00 0.000000e+00 8.243886e-01 1.756114e-01 0.000000e+00
 0.000000e+00 0.000000e+00 0.000000e+00 0.000000e+00 0.000000e+00 0.000000e+00 0.000000e+00 0.000000e+00 0.000000e+00 0.000000e+00 8.050702e-01 1.949298e-01
 0.000000e+00 0.000000e+00 0.000000e+00 0.000000e+00 0.000000e+00 0.000000e+00 0.000000e+00 0.000000e+00 0.000000e+00 0.000000e+00 0.000000e+00 0.000000e+00
<ENDHMM>
