~o
<STREAMINFO> 1 26
<VECSIZE> 26<NULLD><MFCC_D_0><DIAGC>
~h "rx"
<BEGINHMM>
<NUMSTATES> 12
<STATE> 2
<MEAN> 26
 1.784448e+00 -1.738337e+00 1.762510e+00 1.281667e+00 -6.649590e+00 -5.541219e+00 -1.809539e+01 -8.154045e+00 -3.087636e+00 -1.185110e+00 -5.136773e+00 -3.476266e+00 6.612169e+01 3.016309e-01 -1.161059e+00 5.101569e-01 -3.352708e-01 -1.308031e+00 -5.742475e-01 -1.635037e+00 1.099974e+00 2.879605e-01 -2.664453e-01 1.790256e-01 8.829544e-02 1.820919e+00
<VARIANCE> 26
 1.623332e+01 4.377585e+01 3.585453e+01 5.256249e+01 6.171140e+01 6.561806e+01 7.841330e+01 6.944736e+01 5.397413e+01 3.896670e+01 4.059422e+01 3.475562e+01 4.259531e+01 2.153173e+00 2.699966e+00 2.484367e+00 4.297242e+00 4.774419e+00 4.717329e+00 5.773188e+00 5.987893e+00 4.011858e+00 2.889974e+00 3.500570e+00 2.773688e+00 2.131422e+00
<GCONST> 1.137223e+02
<STATE> 3
<MEAN> 26
 -1.393724e+00 -6.777327e+00 9.509658e+00 -2.887343e+00 -1.641950e+01 -7.261198e+00 -1.806894e+01 2.525437e+00 -5.325290e+00 -4.296695e+00 6.369215e-01 -2.870801e+00 7.466566e+01 -1.037101e+00 6.503195e-01 1.800413e+00 -4.659383e-01 -8.973773e-01 -1.721580e-01 1.238744e+00 2.550838e-01 -1.556212e+00 -3.134914e-01 1.121483e+00 2.011813e-01 3.649551e-01
<VARIANCE> 26
 1.064611e+01 4.410497e+01 4.078322e+01 5.129608e+01 3.152573e+01 3.659250e+01 5.378541e+01 4.472324e+01 6.268680e+01 3.775380e+01 4.330882e+01 4.160065e+01 1.142442e+01 3.654556e-01 9.337089e-01 1.133478e+00 1.967049e+00 1.589571e+00 1.875483e+00 1.790193e+00 3.397588e+00 1.887442e+00 2.319923e+00 1.925043e+00 1.327507e+00 4.502713e-01
<GCONST> 9.836153e+01
<STATE> 4
<MEAN> 26
 -7.034031e+00 -5.188265e-01 1.543914e+01 -7.869848e+00 -1.657568e+01 -6.129998e+00 -1.506307e+01 -4.502419e+00 -1.231207e+01 -2.399111e+00 -1.901269e+00 -2.218104e+00 7.208298e+01 -8.868860e-01 2.146898e+00 3.028770e-01 3.999648e-01 1.411803e+00 7.603296e-02 8.130793e-01 -1.079244e+00 3.223731e-01 2.343093e-01 -3.742049e-01 2.865344e-01 -7.795947e-01
<VARIANCE> 26
 1.207595e+01 3.990142e+01 5.286520e+01 9.971436e+01 4.955455e+01 4.802902e+01 4.239179e+01 6.566051e+01 4.887909e+01 5.397981e+01 9.757530e+01 3.953590e+01 3.164321e+01 8.276230e-01 1.265342e+00 2.901064e+00 2.356999e+00 3.138051e+00 2.417448e+00 3.495525e+00 2.756261e+00 3.410096e+00 3.210811e+00 2.134811e+00 2.364391e+00 4.079584e-01
<GCONST> 1.072050e+02
<STATE> 5
<MEAN> 26
 -1.481274e+01 1.146167e+01 1.119342e+01 -3.562269e-01 -4.141106e+00 -6.408319e+00 -4.262042e+00 -4.720292e+00 -4.607158e+00 -2.188501e+00 -8.687623e-01 4.978167e-01 6.926500e+01 -3.946682e+00 1.616371e+00 -2.484838e+00 -1.204731e-02 2.794843e+00 6.537331e-01 2.575360e+00 3.428769e-01 1.695071e+00 7.814401e-01 -3.784546e-01 3.215672e-01 -5.110058e-01
<VARIANCE> 26
 3.639803e+01 2.073912e+01 3.247481e+01 2.512317e+01 4.111316e+01 3.927161e+01 4.218062e+01 3.910482e+01 2.942174e+01 3.223723e+01 2.696968e+01 2.391139e+01 1.911047e+01 1.029589e+00 4.399355e+00 3.318255e+00 4.472137e+00 3.765370e+00 2.899347e+00 3.642602e+00 3.222531e+00 3.295146e+00 3.387985e+00 2.950920e+00 2.109491e+00 5.152491e-01
<GCONST> 1.048241e+02
<STATE> 6
<MEAN> 26
 -2.782429e+01 8.472975e+00 7.455655e-01 -6.597856e+00 -3.748880e+00 -6.439762e+00 -2.770849e+00 -3.693613e+00 -2.601566e+00 -2.799836e-02 -8.289804e-01 3.101184e-01 6.855585e+01 -3.866240e-01 -7.660725e-01 -3.906441e-01 -6.388457e-01 -3.970940e-01 -2.133113e-02 -7.690885e-02 -1.392174e-01 -1.332405e-02 3.163619e-02 -4.475256e-02 -9.581505e-02 -2.033687e-01
<VARIANCE> 26
 1.024699e+01 2.126101e+01 3.223582e+01 3.008094e+01 2.377524e+01 4.750901e+01 3.661973e+01 2.735558e+01 2.474294e+01 2.647973e+01 2.145772e+01 1.876665e+01 1.496230e+01 2.653894e+00 1.036432e+00 2.892868e+00 1.883808e+00 1.729139e+00 1.685116e+00 1.575608e+00 1.866822e+00 1.689393e+00 1.883342e+00 1.720717e+00 1.398807e+00 2.282019e-01
<GCONST> 9.458727e+01
<STATE> 7
<MEAN> 26
 -1.495749e+01 7.108657e+00 9.610422e+00 -5.132873e+00 -8.088488e+00 -4.839219e+00 -5.576959e+00 -5.968695e+00 -6.038084e+00 -2.179617e+00 -1.160792e+00 -1.067323e+00 6.828330e+01 4.371451e+00 -2.279884e-01 2.528339e+00 -1.088531e-01 -2.248868e+00 3.532312e-01 -1.803493e+00 -5.284644e-01 -1.665235e+00 -4.100737e-01 4.261150e-01 -5.328409e-01 7.884408e-01
<VARIANCE> 26
 6.854292e+01 2.600637e+01 5.004133e+01 3.745985e+01 4.982460e+01 4.278092e+01 4.336761e+01 4.303444e+01 3.912686e+01 2.751537e+01 3.028782e+01 2.168139e+01 2.328811e+01 2.296088e+00 2.731845e+00 3.628945e+00 5.577677e+00 3.972384e+00 4.310791e+00 3.305315e+00 3.766294e+00 3.308752e+00 4.109847e+00 3.663095e+00 2.694147e+00 1.072410e+00
<GCONST> 1.097950e+02
<STATE> 8
<MEAN> 26
 -5.196935e+00 3.358768e+00 1.565909e+01 -9.779979e+00 -1.616061e+01 2.298570e-01 -9.670197e+00 -5.728233e+00 -1.062299e+01 -4.265194e-02 3.122937e+00 -5.444003e+00 7.227869e+01 6.459367e-01 -3.587529e-01 -4.778194e-01 -4.716204e-01 2.533478e-01 1.092006e+00 -1.902039e-01 -1.239618e-01 4.901975e-02 7.989813e-01 -2.575564e-01 -1.119336e+00 -1.397416e-01
<VARIANCE> 26
 1.157401e+01 1.754174e+01 2.147440e+01 4.575787e+01 3.799933e+01 5.254100e+01 3.957789e+01 4.916122e+01 3.241530e+01 4.837325e+01 3.683723e+01 3.412529e+01 1.046778e+01 3.827066e-01 7.206438e-01 1.005885e+00 2.137398e+00 2.122464e+00 2.484154e+00 1.977347e+00 1.779036e+00 1.763715e+00 1.808014e+00 2.157410e+00 1.674832e+00 3.681796e-01
<GCONST> 9.584612e+01
<STATE> 9
<MEAN> 26
 -3.213959e+00 2.894075e+00 8.022308e+00 -9.524919e+00 -1.024548e+01 -2.405795e+00 -1.356970e+01 -8.023883e+00 -8.940166e+00 -1.314151e+00 -5.299820e+00 -6.025778e+00 6.700716e+01 7.560248e-01 -1.803063e-01 -1.035334e+00 1.773430e+00 7.757283e-01 -1.230277e+00 5.886228e-01 2.336815e-01 8.361693e-02 -5.350519e-01 -3.943970e-01 2.278121e-01 -8.551894e-01
<VARIANCE> 26
 1.469803e+01 2.813562e+01 4.492879e+01 9.711030e+01 3.774607e+01 7.560613e+01 8.037498e+01 6.298035e+01 5.197786e+01 7.467172e+01 6.941281e+01 4.725004e+01 3.636649e+01 4.397597e-01 8.907665e-01 1.149989e+00 2.126482e+00 1.871798e+00 2.721393e+00 2.672860e+00 2.264983e+00 2.589778e+00 2.773989e+00 2.374355e+00 2.380719e+00 3.518719e-01
<GCONST> 1.046748e+02
<STATE> 10
<MEAN> 26
 6.468885e-01 3.943859e+00 6.087026e+00 1.814805e+00 -6.687243e+00 -4.066796e+00 -6.519710e+00 -7.409673e+00 -7.452899e+00 -1.275503e+00 -3.961639e+00 -5.180331e+00 6.477817e+01 -1.298674e-01 -1.051211e-01 -1.464366e-01 3.508543e-01 7.112527e-01 4.331654e-01 -6.224813e-02 4.461508e-02 6.539022e-01 -8.419818e-02 -4.354682e-01 1.965135e-01 -6.428678e-01
<VARIANCE> 26
 8.596649e+00 2.256308e+01 3.250416e+01 3.850452e+01 3.752911e+01 4.559778e+01 4.531167e+01 4.683796e+01 5.239079e+01 5.358963e+01 4.659935e+01 3.899175e+01 2.783831e+01 6.142357e-01 9.839215e-01 1.014154e+00 1.591451e+00 1.939147e+00 1.882685e+00 2.653631e+00 3.464408e+00 2.604697e+00 2.405760e+00 2.320277e+00 1.777667e+00 7.230817e-01
<GCONST> 1.004778e+02
<STATE> 11
<MEAN> 26
 -5.615414e+00 5.579646e-01 2.598647e+00 -1.800509e+00 -3.124411e+00 -1.179465e+00 -4.793507e+00 -3.187934e+00 -2.404613e+00 -1.628461e+00 -3.310275e+00 -3.004343e+00 5.727673e+01 -7.140252e-01 -1.023769e+00 -1.027165e+00 -9.163486e-01 -5.586003e-01 -3.986580e-01 -1.367718e-01 2.132601e-01 4.866134e-01 1.955460e-01 3.846094e-01 3.529389e-01 -4.778682e-01
<VARIANCE> 26
 1.768106e+01 2.197535e+01 3.963081e+01 3.532043e+01 3.667335e+01 3.767714e+01 4.622909e+01 3.854945e+01 3.313036e+01 2.837087e+01 2.206266e+01 2.066856e+01 3.365077e+01 6.699711e-01 1.096658e+00 1.453729e+00 2.133390e+00 2.098672e+00 2.328503e+00 2.687034e+00 2.784295e+00 2.443785e+00 2.068421e+00 2.051127e+00 1.825880e+00 6.924151e-01
<GCONST> 9.918805e+01
<TRANSP> 12
 0.000000e+00 1.000000e+00 0.000000e+00 0.000000e+00 0.000000e+00 0.000000e+00 0.000000e+00 0.000000e+00 0.000000e+00 0.000000e+00 0.000000e+00 0.000000e+00
 0.000000e+00 8.264481e-01 1.735519e-01 0.000000e+00 0.000000e+00 0.000000e+00 0.000000e+00 0.000000e+00 0.000000e+00 0.000000e+00 0.000000e+00 0.000000e+00
 0.000000e+00 0.000000e+00 7.917576e-01 2.082424e-01 0.000000e+00 0.000000e+00 0.000000e+00 0.000000e+00 0.000000e+00 0.000000e+00 0.000000e+00 0.000000e+00
 0.000000e+00 0.000000e+00 0.000000e+00 7.792677e-01 2.207323e-01 0.000000e+00 0.000000e+00 0.000000e+00 0.000000e+00 0.000000e+00 0.000000e+00 0.000000e+00
 0.000000e+00 0.000000e+00 0.000000e+00 0.000000e+00 7.168733e-01 2.831266e-01 0.000000e+00 0.000000e+00 0.000000e+00 0.000000e+00 0.000000e+00 0.000000e+00
 0.000000e+00 0.000000e+00 0.000000e+00 0.000000e+00 0.000000e+00 8.504110e-01 1.495890e-01 0.000000e+00 0.000000e+00 0.000000e+00 0.000000e+00 0.000000e+00
 0.000000e+00 0.000000e+00 0.000000e+00 0.000000e+00 0.000000e+00 0.000000e+00 7.609233e-01 2.390767e-01 0.000000e+00 0.000000e+00 0.000000e+00 0.000000e+00
 0.000000e+00 0.000000e+00 0.000000e+00 0.000000e+00 0.000000e+00 0.000000e+00 0.000000e+00 7.464504e-01 2.535496e-01 0.000000e+00 0.000000e+00 0.000000e+00
 0.000000e+00 0.000000e+00 0.000000e+00 0.000000e+00 0.000000e+00 0.000000e+00 0.000000e+00 0.000000e+00 7.890041e-01 2.109959e-01 0.000000e+00 0.000000e+00
 0.000000e+00 0.000000e+00 0.000000e+00 0.000000e+00 0.000000e+00 0.000000e+00 0.000000e+00 0.000000e+00 0.000000e+00 8.228477e-01 1.771522e-01 0.000000e+00
 0.000000e+00 0.000000e+00 0.000000e+00 0.000000e+00 0.000000e+00 0.000000e+00 0.000000e+00 0.000000e+00 0.000000e+00 0.000000e+00 7.784488e-01 2.215512e-01
 0.000000e+00 0.000000e+00 0.000000e+00 0.000000e+00 0.000000e+00 0.000000e+00 0.000000e+00 0.000000e+00 0.000000e+00 0.000000e+00 0.000000e+00 0.000000e+00
<ENDHMM>
