~o
<STREAMINFO> 1 52
<VECSIZE> 52<NULLD><MFCC_D_A_T_0><DIAGC>
~h "lx"
<BEGINHMM>
<NUMSTATES> 12
<STATE> 2
<NUMMIXES> 3
<MIXTURE> 1 4.968653e-01
<MEAN> 52
 -3.488950e+00 2.525309e+00 1.469182e+01 -4.663292e-01 -1.045616e+01 -6.219945e+00 -1.055198e+01 -2.457391e+00 -9.074488e+00 -2.124099e+00 5.855392e-01 -1.094731e+00 6.906372e+01 -4.105128e-01 -7.780994e-01 1.091468e+00 -1.348334e+00 -2.663689e+00 1.290083e-01 -5.663349e-02 8.158802e-01 -7.858046e-01 1.285464e-01 1.727242e+00 3.730527e-01 2.176516e+00 -1.331284e-01 -3.718366e-02 -2.606822e-01 -2.263302e-01 -6.082471e-03 4.221575e-01 -7.666698e-04 -6.251216e-02 9.355674e-02 2.870526e-02 1.572322e-02 -1.440617e-01 -2.820176e-01 1.479177e-01 2.495412e-01 -3.383908e-02 1.976591e-01 3.975426e-01 3.395090e-03 -6.182138e-02 -1.706300e-01 6.459554e-02 2.025303e-02 -2.786566e-01 -1.062246e-01 -2.396419e-01
<VARIANCE> 52
 1.304233e+01 2.787349e+01 3.919771e+01 4.967316e+01 5.864863e+01 4.531273e+01 5.889501e+01 5.395282e+01 3.881556e+01 3.977643e+01 4.009196e+01 2.828073e+01 3.050795e+01 1.210971e+00 1.843763e+00 2.714561e+00 3.614484e+00 4.158672e+00 3.876024e+00 3.856499e+00 3.963394e+00 2.947414e+00 2.974086e+00 2.714864e+00 2.749337e+00 1.517282e+00 3.133983e-01 5.271590e-01 5.102267e-01 5.597082e-01 1.082082e+00 5.076832e-01 7.690532e-01 7.847826e-01 4.908665e-01 6.405263e-01 7.159501e-01 5.152756e-01 3.563069e-01 5.692818e-02 7.859013e-02 1.054761e-01 1.233065e-01 1.797959e-01 1.470324e-01 1.784179e-01 1.602823e-01 1.104618e-01 1.416259e-01 1.227581e-01 1.216834e-01 5.128816e-02
<GCONST> 1.203585e+02
<MIXTURE> 2 3.153911e-01
<MEAN> 52
 -5.003816e+00 2.234445e+00 4.733387e+00 3.701759e-01 -1.627069e+00 -3.032903e+00 -8.137107e+00 -4.340121e+00 -4.468821e+00 -3.483621e+00 -4.679072e+00 -2.089571e+00 5.659650e+01 1.508659e+00 1.251422e+00 3.109352e+00 1.117958e-01 -1.173091e+00 -1.333420e+00 -2.061165e+00 -8.547775e-01 -1.320422e+00 -4.882121e-01 -5.744453e-01 -7.877067e-02 2.539570e+00 -2.758708e-01 -4.504870e-01 8.597647e-02 -6.273360e-01 -7.095199e-01 -2.327063e-01 7.471977e-02 1.765129e-01 -1.807708e-01 1.677360e-01 2.312984e-01 2.368311e-01 5.565319e-01 -2.341409e-01 -1.977929e-01 -3.252992e-01 -9.518857e-02 2.409382e-02 2.079522e-01 3.068921e-01 1.522362e-01 1.380830e-01 1.346882e-01 1.133724e-01 4.126815e-02 -1.934144e-01
<VARIANCE> 52
 2.043066e+01 2.967732e+01 5.478351e+01 3.307164e+01 3.301812e+01 3.967420e+01 5.007359e+01 4.155849e+01 3.519645e+01 3.794467e+01 3.136194e+01 1.985124e+01 2.922554e+01 1.337568e+00 2.863671e+00 3.930500e+00 4.724978e+00 4.159462e+00 3.893955e+00 4.084689e+00 4.796282e+00 3.981943e+00 3.922666e+00 3.543654e+00 2.696767e+00 2.543705e+00 3.908466e-01 6.227826e-01 6.932865e-01 4.634441e-01 5.874103e-01 7.047201e-01 8.925300e-01 8.423499e-01 6.545560e-01 8.476421e-01 5.485995e-01 4.022153e-01 2.883602e-01 6.246548e-02 1.267454e-01 1.535143e-01 1.293578e-01 1.693008e-01 1.742307e-01 1.760306e-01 2.022791e-01 1.803966e-01 1.981238e-01 1.279767e-01 1.232012e-01 9.234861e-02
<GCONST> 1.247278e+02
<MIXTURE> 3 1.877437e-01
<MEAN> 52
 -6.680404e+00 -2.373741e+00 1.085913e+01 -1.769661e+01 -1.410448e+01 -1.268331e+01 -1.382734e+01 -7.896957e+00 -1.323190e+01 -1.194360e+00 -1.208445e+01 -7.114797e-01 6.787382e+01 -5.098240e-01 -4.571210e-01 1.485515e+00 -2.844992e+00 -2.359316e+00 3.839332e-01 1.812290e-01 -7.200748e-01 -3.216597e-01 2.868851e+00 -1.142906e+00 7.240508e-02 2.733941e+00 -2.209544e-01 2.180116e-01 -6.662142e-01 3.809536e-01 3.385847e-01 9.154893e-01 -5.720250e-02 -3.394675e-03 6.988178e-01 1.052258e-02 1.280050e-01 8.539005e-02 -5.802915e-01 1.386389e-01 2.223004e-01 -9.362976e-02 2.722041e-01 3.343410e-01 -1.120802e-01 -3.138574e-01 2.563281e-03 1.247863e-03 -5.278409e-01 3.481184e-02 1.577220e-02 -2.841421e-01
<VARIANCE> 52
 1.074278e+01 2.638290e+01 4.166541e+01 5.870261e+01 5.084299e+01 1.972952e+01 5.067576e+01 4.603234e+01 1.905592e+01 6.001530e+01 2.872178e+01 4.013118e+01 3.027342e+01 9.831703e-01 1.842468e+00 4.264536e+00 4.061003e+00 3.758876e+00 5.298163e+00 4.529478e+00 2.217415e+00 4.168142e+00 4.433133e+00 2.198620e+00 3.452721e+00 2.649189e+00 2.294231e-01 4.879013e-01 5.508640e-01 6.588913e-01 9.718877e-01 6.166638e-01 1.624577e+00 5.748114e-01 7.644635e-01 1.604025e+00 3.912797e-01 7.117795e-01 4.235839e-01 3.933444e-02 8.062679e-02 1.682409e-01 1.475558e-01 1.418040e-01 2.250162e-01 2.210503e-01 1.134494e-01 2.118130e-01 2.088500e-01 8.664254e-02 1.370002e-01 8.458561e-02
<GCONST> 1.235294e+02
<STATE> 3
<NUMMIXES> 3
<MIXTURE> 1 5.318639e-01
<MEAN> 52
 -3.987380e+00 2.859338e+00 1.698371e+01 -3.247768e+00 -1.840410e+01 -1.059758e+00 -1.200657e+01 -1.295655e+00 -1.006667e+01 -2.740667e+00 5.368620e+00 -1.733173e+00 7.365927e+01 8.880451e-02 9.418297e-01 -2.974794e-01 -8.765422e-01 1.130545e-01 1.294636e+00 -2.666507e-01 -8.107522e-01 1.924787e-01 2.676193e-01 -3.723247e-02 -8.190511e-01 -6.430452e-02 9.759192e-02 1.923961e-01 -4.284995e-01 2.350320e-01 8.100394e-01 -1.767448e-01 1.679403e-01 -3.047522e-01 9.148122e-02 1.509088e-01 -4.929216e-01 -1.655287e-01 -3.909501e-01 -1.059710e-02 -1.237203e-01 4.790360e-02 8.919654e-02 -1.645706e-01 -1.733550e-01 9.484171e-02 1.044875e-01 -9.374948e-02 -4.214485e-03 9.227355e-02 9.900615e-02 1.306336e-01
<VARIANCE> 52
 9.612206e+00 2.690404e+01 2.391954e+01 4.172881e+01 2.973040e+01 5.552974e+01 5.826739e+01 5.072314e+01 4.309282e+01 4.767294e+01 2.514780e+01 3.491921e+01 1.269552e+01 3.504939e-01 9.033132e-01 1.346727e+00 1.118300e+00 2.818513e+00 2.041593e+00 2.664972e+00 2.307191e+00 2.510664e+00 1.906979e+00 2.372963e+00 1.868203e+00 4.072583e-01 9.372599e-02 2.183728e-01 2.294602e-01 3.073687e-01 4.304715e-01 5.227672e-01 5.312830e-01 4.368877e-01 4.844201e-01 4.048606e-01 4.367443e-01 3.942413e-01 1.370824e-01 1.792330e-02 3.570056e-02 5.117820e-02 4.223052e-02 1.177268e-01 8.425105e-02 1.030220e-01 8.235305e-02 8.850785e-02 8.608710e-02 8.627933e-02 7.483847e-02 1.836276e-02
<GCONST> 9.370119e+01
<MIXTURE> 2 2.359703e-01
<MEAN> 52
 -9.027839e+00 4.012155e-01 1.152668e+01 -2.436215e+01 -1.649311e+01 -6.114687e+00 -1.806324e+01 -1.197233e+01 -9.188550e+00 3.617518e+00 -1.632021e+01 1.301275e+00 7.234249e+01 2.636694e-02 1.523425e+00 -3.024814e-01 -6.296467e-01 1.400475e+00 1.109862e+00 -2.366680e+00 -2.893040e-01 9.413459e-01 -9.595276e-01 -7.184561e-01 7.030948e-01 -2.944701e-01 2.549466e-01 1.611724e-02 -2.261320e-01 4.807309e-01 5.908859e-01 -4.412778e-01 -3.531070e-02 2.293319e-01 -1.745091e-01 -6.130875e-01 1.698555e-01 -1.136309e-01 -4.323983e-01 1.174132e-03 -2.284583e-01 8.661229e-02 -4.844151e-02 -2.674875e-01 -1.690363e-01 3.041058e-01 -4.597368e-03 -1.558165e-01 2.645151e-01 1.780925e-02 -1.206836e-01 1.932646e-01
<VARIANCE> 52
 5.505737e+00 1.604440e+01 1.201845e+01 2.464395e+01 2.730925e+01 1.745751e+01 3.545913e+01 2.775853e+01 2.987088e+01 3.277399e+01 2.614263e+01 3.383193e+01 1.063883e+01 3.301778e-01 4.460182e-01 1.234319e+00 1.226682e+00 1.989430e+00 1.893970e+00 2.481791e+00 2.449640e+00 2.474780e+00 2.396460e+00 1.293041e+00 1.725909e+00 4.059152e-01 7.269681e-02 2.757665e-01 2.273150e-01 2.383694e-01 4.912754e-01 3.903506e-01 6.248243e-01 3.125767e-01 4.955574e-01 6.457725e-01 2.558372e-01 3.861012e-01 1.503360e-01 1.869342e-02 2.838082e-02 4.817581e-02 4.931429e-02 7.362564e-02 1.002005e-01 1.010699e-01 7.731690e-02 1.221947e-01 1.116414e-01 5.851465e-02 6.574878e-02 2.187494e-02
<GCONST> 8.566731e+01
<MIXTURE> 3 2.321658e-01
<MEAN> 52
 -6.376065e+00 7.880662e-02 2.294266e+01 -1.528161e+01 -1.191151e+01 1.708290e+00 -1.251491e+01 -4.795322e+00 -1.412978e+01 4.512726e+00 2.985173e+00 -3.042275e+00 7.204606e+01 1.891102e-01 8.500217e-01 -2.784808e-01 -3.607940e-02 9.659561e-01 4.523796e-01 -3.235986e-01 -1.083260e+00 -6.378459e-01 6.592227e-01 -9.588868e-02 -6.617283e-01 -5.220637e-01 1.038728e-01 8.362543e-02 -3.458387e-01 3.605669e-01 6.855388e-02 -2.396843e-01 9.642458e-02 -1.406274e-02 3.491141e-02 -8.775416e-02 3.505681e-02 5.978717e-02 -1.235512e-01 -4.934570e-02 -7.279307e-02 3.077073e-02 -4.189848e-02 -1.284364e-01 -5.487595e-02 5.865414e-02 1.263382e-01 4.726866e-02 -9.754998e-02 3.422281e-02 9.797832e-02 9.872764e-02
<VARIANCE> 52
 8.823433e+00 2.097667e+01 1.712022e+01 6.185163e+01 2.912989e+01 2.186668e+01 2.059845e+01 2.311857e+01 2.491983e+01 3.528718e+01 1.445687e+01 2.948558e+01 9.555733e+00 2.064119e-01 2.008290e-01 8.050030e-01 8.366836e-01 4.802055e-01 1.074314e+00 7.252383e-01 7.654631e-01 9.047716e-01 6.124837e-01 6.467043e-01 6.958030e-01 1.183432e-01 3.073380e-02 1.087996e-01 8.471421e-02 1.476566e-01 1.463055e-01 1.194417e-01 1.498750e-01 1.906323e-01 1.375430e-01 1.920402e-01 9.482860e-02 1.537676e-01 4.223093e-02 8.685707e-03 2.228998e-02 1.413815e-02 3.393069e-02 2.094273e-02 3.119185e-02 2.818128e-02 3.320106e-02 3.470220e-02 2.963296e-02 2.412546e-02 3.262465e-02 7.980257e-03
<GCONST> 4.904918e+01
<STATE> 4
<NUMMIXES> 3
<MIXTURE> 1 2.943859e-01
<MEAN> 52
 -2.279936e+00 5.111810e+00 6.326523e+00 -8.112867e+00 -1.371096e+01 -5.159132e+00 -1.508732e+01 -8.836483e+00 -1.183542e+01 -1.452388e+00 -8.965501e+00 -4.957312e+00 6.880364e+01 -1.531699e-01 9.489248e-01 -6.846688e-01 6.686034e-01 1.997199e-01 -4.720555e-02 5.067007e-01 -8.525716e-01 -6.680629e-03 -5.710578e-01 -8.746549e-02 5.176376e-02 -4.359838e-01 -5.884517e-01 2.782907e-01 9.658016e-02 1.884220e-01 2.441482e-01 -1.715010e-02 3.169002e-01 6.732036e-04 2.690868e-01 -2.459414e-01 2.779059e-01 1.510716e-01 5.939715e-02 -2.208836e-01 -5.716053e-02 -2.193835e-02 9.018032e-03 1.258567e-01 1.673247e-02 9.539055e-02 1.464593e-01 8.992443e-02 7.964145e-02 3.853296e-02 -3.172432e-02 5.801648e-02
<VARIANCE> 52
 1.517674e+01 2.049646e+01 3.387243e+01 1.363410e+02 4.700845e+01 3.815683e+01 1.020615e+02 9.567131e+01 3.978656e+01 8.836938e+01 1.297659e+02 4.154273e+01 2.231125e+01 1.513926e+00 1.537452e+00 3.076195e+00 3.279054e+00 3.478193e+00 2.718750e+00 3.633978e+00 3.418703e+00 3.124163e+00 3.649980e+00 4.423677e+00 3.113135e+00 5.077091e-01 2.853291e-01 3.275487e-01 4.215253e-01 7.724912e-01 7.182981e-01 5.570964e-01 8.535370e-01 6.589378e-01 6.122164e-01 6.380226e-01 7.842452e-01 6.656865e-01 8.521230e-02 3.107466e-02 6.721745e-02 1.222736e-01 1.455799e-01 1.631252e-01 1.470656e-01 1.896518e-01 1.407216e-01 1.399903e-01 1.545769e-01 1.818421e-01 1.337202e-01 2.337573e-02
<GCONST> 1.206939e+02
<MIXTURE> 2 2.791130e-01
<MEAN> 52
 -5.485579e+00 2.612059e+00 6.990959e+00 -2.163954e+01 -9.165811e+00 -7.848072e+00 -2.468474e+01 -9.626169e+00 -9.549903e+00 -2.300822e+00 -1.870643e+01 1.282344e+00 6.811325e+01 4.532008e-01 -6.158483e-03 -5.937765e-01 7.005295e-01 2.205792e-01 -3.845249e-01 -1.135547e-01 -1.546995e-01 -1.957286e-01 -4.677791e-01 -2.374230e-01 -4.983561e-01 -4.786938e-01 -7.511230e-02 1.605942e-02 -2.699214e-02 7.176325e-02 -2.436904e-01 -7.282304e-03 2.276990e-01 -1.429152e-01 -5.408804e-02 3.028665e-02 1.024889e-01 -5.672765e-02 1.505356e-02 -6.574596e-02 9.536493e-02 -9.191569e-03 -1.598791e-03 6.880484e-03 5.397996e-02 -2.407914e-02 -3.091648e-02 3.974073e-02 -4.262945e-02 4.565642e-02 3.316056e-02 1.026205e-02
<VARIANCE> 52
 1.069190e+01 1.286412e+01 1.352205e+01 5.628936e+01 4.510273e+01 2.432637e+01 2.214087e+01 5.370530e+01 2.595157e+01 4.884474e+01 3.743648e+01 3.198286e+01 2.060174e+01 2.856151e-01 7.166942e-01 6.641376e-01 1.353015e+00 1.489590e+00 1.277321e+00 2.007754e+00 1.856760e+00 1.602794e+00 1.695791e+00 1.332995e+00 1.153132e+00 1.322695e-01 4.234602e-02 1.673054e-01 1.396699e-01 2.438375e-01 2.031631e-01 2.661583e-01 4.000947e-01 2.965359e-01 3.025433e-01 3.395076e-01 3.401550e-01 2.375437e-01 2.164760e-02 1.105270e-02 1.948583e-02 3.006680e-02 6.337595e-02 4.078683e-02 5.858056e-02 8.871584e-02 6.506580e-02 6.429739e-02 7.870342e-02 7.849599e-02 5.129593e-02 4.596679e-03
<GCONST> 7.405664e+01
<MIXTURE> 3 4.265011e-01
<MEAN> 52
 -2.448185e+00 5.899896e+00 1.160459e+01 -3.804091e+00 -1.304899e+01 -6.298392e-01 -9.430172e+00 -7.471850e+00 -9.701883e+00 -2.450807e-01 3.279056e+00 -5.178318e+00 7.154603e+01 2.580136e-02 3.703126e-01 -6.764449e-01 4.077638e-01 5.170338e-01 -5.044159e-01 5.630085e-01 -2.460585e-01 -3.954033e-01 2.119605e-01 -1.981144e-01 -2.218067e-01 -1.597418e-01 -2.656029e-01 1.273904e-01 4.088346e-02 1.605930e-01 -3.173460e-02 -2.592115e-01 2.944999e-01 1.254567e-01 2.884077e-02 -1.151673e-01 -1.343397e-02 2.361608e-01 3.897954e-02 -1.306805e-01 1.016506e-01 -6.702387e-05 -2.576190e-02 7.883769e-02 8.004167e-02 2.096108e-02 -1.486331e-02 1.126251e-01 -3.054883e-02 -2.017037e-02 4.014380e-02 3.072799e-05
<VARIANCE> 52
 9.874371e+00 2.305276e+01 4.123954e+01 5.559718e+01 3.259072e+01 8.488921e+01 6.174468e+01 6.195345e+01 5.750140e+01 4.836966e+01 3.356574e+01 3.298544e+01 1.310220e+01 4.211823e-01 5.641159e-01 1.133248e+00 1.495767e+00 1.164998e+00 1.809696e+00 1.798169e+00 1.546504e+00 1.860145e+00 1.691337e+00 1.602669e+00 1.459809e+00 1.887030e-01 8.646952e-02 1.604515e-01 2.130529e-01 2.583312e-01 3.362569e-01 4.257490e-01 3.997416e-01 3.568821e-01 4.602888e-01 2.940286e-01 3.164591e-01 2.526954e-01 3.233441e-02 1.593071e-02 2.760785e-02 4.804409e-02 5.445582e-02 8.194683e-02 8.231852e-02 7.771645e-02 7.654414e-02 8.491288e-02 6.604599e-02 7.601696e-02 6.086458e-02 8.740910e-03
<GCONST> 8.548641e+01
<STATE> 5
<NUMMIXES> 3
<MIXTURE> 1 3.695313e-01
<MEAN> 52
 -5.705078e+00 1.027805e+01 1.116429e+01 -2.686745e+00 -1.015766e+01 -2.967468e+00 -5.234289e+00 -8.573496e+00 -1.065399e+01 -5.660022e-01 2.199632e+00 -3.363250e+00 7.090761e+01 -2.702675e+00 2.435390e+00 -1.267377e+00 1.193308e+00 2.514457e+00 -1.192127e+00 2.558481e+00 -1.145435e-01 1.553916e+00 -8.108870e-01 -7.839400e-01 1.323483e+00 -3.096484e-01 -9.845213e-01 -7.717842e-02 -3.610884e-01 6.154433e-02 5.271983e-01 2.322948e-01 4.821948e-02 3.652519e-01 4.266008e-01 -2.720243e-02 -2.146205e-01 -2.731975e-02 -9.331375e-03 1.290932e-01 -4.145918e-01 -6.545591e-03 -2.282917e-01 -3.248650e-01 1.554134e-01 -3.552079e-01 1.294491e-02 -2.011462e-01 1.445170e-01 7.824408e-02 -2.170085e-01 3.134334e-02
<VARIANCE> 52
 1.072193e+01 1.957776e+01 2.588325e+01 4.750141e+01 3.499585e+01 4.154842e+01 5.529726e+01 4.966423e+01 4.253377e+01 3.552906e+01 3.016986e+01 3.488641e+01 1.519364e+01 1.632115e+00 1.494056e+00 2.933440e+00 3.486204e+00 4.406640e+00 2.820967e+00 2.667411e+00 4.527181e+00 3.686719e+00 3.465056e+00 2.610183e+00 2.358086e+00 4.287802e-01 1.769817e-01 4.272657e-01 3.202717e-01 3.512899e-01 5.556760e-01 4.658640e-01 6.120014e-01 5.156285e-01 4.959303e-01 4.556883e-01 4.559946e-01 4.030695e-01 6.619945e-02 5.655679e-02 5.560279e-02 8.372404e-02 9.018347e-02 1.763631e-01 1.157742e-01 1.042522e-01 1.561010e-01 1.299611e-01 1.219655e-01 1.077594e-01 8.685087e-02 1.481862e-02
<GCONST> 1.071235e+02
<MIXTURE> 2 4.567050e-01
<MEAN> 52
 -1.764307e+01 1.503736e+01 5.459194e+00 5.328898e-01 -1.881595e+00 -3.858785e+00 -6.706684e-01 -7.446586e+00 -5.385050e+00 -3.593826e+00 -2.656216e+00 -1.792721e+00 6.955592e+01 -4.519540e+00 -1.670992e-01 -1.757603e+00 4.470664e-01 2.131816e+00 6.541306e-01 1.534830e+00 1.265138e+00 1.713799e+00 2.318935e-01 -1.431710e-01 4.155491e-01 5.331265e-02 2.656180e-01 -9.397570e-01 -1.752403e-01 -8.236778e-01 -8.496929e-01 2.341018e-02 -7.713086e-01 -5.917795e-02 -2.712054e-01 3.261155e-01 1.417577e-01 -1.424432e-01 2.799012e-02 5.061232e-01 8.579997e-02 1.655219e-01 -6.492349e-02 -3.017187e-01 -1.910652e-01 -1.161681e-01 -2.293742e-01 -2.168301e-01 -6.950054e-02 4.435718e-02 -1.749071e-02 -2.424300e-02
<VARIANCE> 52
 3.291153e+01 1.691117e+01 3.613738e+01 3.658884e+01 3.106836e+01 2.851773e+01 3.921441e+01 3.400521e+01 2.797396e+01 3.299244e+01 3.319561e+01 2.462119e+01 1.920052e+01 1.768809e+00 2.697482e+00 2.489424e+00 2.710572e+00 2.963173e+00 3.049273e+00 4.050312e+00 2.859352e+00 2.990942e+00 3.220309e+00 3.426604e+00 2.707178e+00 5.213482e-01 4.460271e-01 3.085926e-01 4.009760e-01 4.139140e-01 6.264027e-01 5.329201e-01 4.924803e-01 5.226718e-01 5.871800e-01 5.668223e-01 5.390095e-01 5.422509e-01 8.295321e-02 5.702856e-02 1.003259e-01 9.218316e-02 8.589718e-02 1.389251e-01 1.074446e-01 1.453646e-01 9.708805e-02 1.266041e-01 1.344187e-01 1.141984e-01 1.214854e-01 1.850920e-02
<GCONST> 1.096518e+02
<MIXTURE> 3 1.737637e-01
<MEAN> 52
 -1.077555e+01 1.144425e+01 1.621928e+00 -1.235115e+01 -1.210334e+01 -9.853138e+00 -1.981332e+01 -1.806025e+01 -1.035738e+01 -1.021465e+01 -1.244727e+01 -4.456935e+00 6.605792e+01 -4.109053e+00 1.600677e+00 -1.026704e+00 3.516969e+00 9.704288e-01 3.696056e-01 3.545019e+00 6.291541e-01 1.122536e+00 -5.358371e-01 2.278250e+00 -1.179887e+00 4.588358e-01 -7.267555e-01 -6.221949e-01 -5.679247e-02 1.175293e-01 6.773417e-01 5.531279e-01 6.812359e-01 9.035262e-01 4.932217e-01 7.839646e-01 7.616217e-02 3.303549e-01 2.389130e-01 4.128996e-01 -2.374984e-01 3.264935e-02 -5.068107e-01 -1.053136e-01 3.122881e-02 -4.359463e-01 -6.378072e-02 -8.939119e-02 1.620878e-01 -2.368318e-01 2.408766e-01 -7.450910e-02
<VARIANCE> 52
 3.006634e+01 1.974748e+01 2.487605e+01 5.705637e+01 2.184773e+01 3.428211e+01 3.589776e+01 4.029649e+01 2.089852e+01 2.844099e+01 2.770932e+01 4.033783e+01 2.330488e+01 1.758900e+00 2.154893e+00 1.665594e+00 4.224660e+00 5.118005e+00 5.290146e+00 3.104941e+00 3.273700e+00 2.209816e+00 4.404788e+00 3.670053e+00 3.454122e+00 5.178208e-01 4.377985e-01 3.233857e-01 3.403047e-01 9.435543e-01 5.492702e-01 5.605395e-01 7.615702e-01 3.370315e-01 4.037189e-01 4.889626e-01 7.184851e-01 8.659513e-01 8.881291e-02 7.113376e-02 8.385088e-02 6.232335e-02 1.315930e-01 1.954096e-01 2.004747e-01 1.536436e-01 1.418165e-01 1.015437e-01 1.743492e-01 1.831076e-01 1.398365e-01 1.817088e-02
<GCONST> 1.138777e+02
<STATE> 6
<NUMMIXES> 3
<MIXTURE> 1 2.577120e-01
<MEAN> 52
 -2.629669e+01 1.065469e+01 -6.846812e-01 -2.095366e+00 -2.280284e+00 -4.400856e+00 -5.709581e-01 -6.194998e+00 -2.752733e+00 -2.121524e+00 -1.613022e+00 -1.498142e+00 6.962634e+01 -2.349747e+00 -1.711661e+00 -1.884498e+00 -1.852977e+00 -9.393759e-01 -4.966174e-01 -3.682192e-01 -1.396884e-01 3.858118e-01 5.195951e-01 3.629141e-01 3.871100e-01 5.779601e-02 1.078555e+00 -1.828054e-02 5.250289e-01 -1.672405e-01 -4.606363e-01 -1.180388e-01 -3.276127e-01 -2.307329e-01 -4.105396e-01 -1.989258e-02 2.978287e-02 -3.781164e-02 -1.915617e-02 1.276952e-01 3.549678e-01 2.886725e-01 3.964979e-01 3.419568e-01 8.086203e-02 2.153990e-01 7.741955e-02 6.624401e-02 -1.336126e-01 -9.635787e-02 -2.691941e-02 -9.480890e-03
<VARIANCE> 52
 1.127570e+01 2.118581e+01 3.721852e+01 3.429364e+01 2.641306e+01 3.218365e+01 4.362212e+01 4.280429e+01 2.667990e+01 3.280807e+01 3.059560e+01 2.525073e+01 1.509878e+01 1.691154e+00 9.129107e-01 1.499731e+00 1.183560e+00 1.598175e+00 1.946584e+00 2.158963e+00 1.958663e+00 2.253705e+00 2.103309e+00 2.196253e+00 1.970756e+00 2.455519e-01 1.619988e-01 3.352897e-01 4.182308e-01 4.634069e-01 5.767380e-01 4.849789e-01 5.547793e-01 3.901469e-01 4.450799e-01 4.162858e-01 4.347599e-01 4.219533e-01 6.466898e-02 6.298085e-02 4.625580e-02 5.856533e-02 5.131511e-02 7.658698e-02 9.911958e-02 1.086056e-01 8.686183e-02 1.188920e-01 9.932323e-02 1.041314e-01 1.087850e-01 1.202542e-02
<GCONST> 9.580708e+01
<MIXTURE> 2 6.127993e-01
<MEAN> 52
 -2.970408e+01 8.381599e+00 -2.311540e+00 -6.555385e+00 -3.113617e+00 -4.318011e+00 -3.006765e+00 -5.440244e+00 -3.108627e+00 -7.369145e-01 -2.005970e+00 -1.061955e+00 6.915056e+01 -1.116986e-01 -5.071354e-01 2.765738e-01 -2.878107e-01 4.336683e-02 1.875060e-01 1.618422e-01 3.048769e-01 1.324615e-01 1.672192e-01 1.849724e-02 9.050091e-02 -1.661571e-01 7.044038e-01 1.954050e-01 5.641952e-01 1.543614e-01 -1.513642e-01 -1.226657e-01 -2.542866e-01 -2.223984e-01 -2.627224e-01 -2.261122e-01 -1.156440e-01 -7.610627e-02 -7.553049e-04 2.350933e-02 -8.574123e-03 2.500573e-02 -1.887768e-03 -8.747622e-02 -6.387560e-02 -1.185511e-01 -7.428215e-02 -6.387278e-02 -4.971856e-02 1.131452e-02 9.008971e-03 6.445513e-02
<VARIANCE> 52
 8.714252e+00 1.588247e+01 3.463985e+01 2.202706e+01 1.620640e+01 3.089579e+01 4.035476e+01 3.290010e+01 2.737831e+01 2.290010e+01 2.504936e+01 1.580879e+01 1.708773e+01 7.903510e-01 6.532867e-01 1.300653e+00 1.079363e+00 1.379508e+00 1.538264e+00 1.664385e+00 1.803183e+00 1.953942e+00 2.091263e+00 1.762455e+00 1.543653e+00 2.073356e-01 2.707021e-01 1.830378e-01 3.101123e-01 3.296182e-01 3.859604e-01 4.163846e-01 4.456295e-01 4.681111e-01 4.486533e-01 4.094590e-01 3.835277e-01 3.263689e-01 4.545711e-02 4.746059e-02 3.440990e-02 4.832872e-02 5.343352e-02 8.149540e-02 9.278165e-02 1.013015e-01 8.659873e-02 1.075146e-01 1.014410e-01 9.522443e-02 8.651502e-02 1.260476e-02
<GCONST> 8.693703e+01
<MIXTURE> 3 1.294887e-01
<MEAN> 52
 -2.373659e+01 8.286747e+00 -6.868768e-01 -1.029399e+01 -9.961707e+00 -6.352133e+00 -9.738233e+00 -1.291411e+01 -5.715478e+00 -3.312793e+00 -4.549091e+00 -1.663308e+00 6.681548e+01 3.490871e+00 -1.646717e-01 2.018352e+00 -2.523967e+00 -2.739028e+00 -2.251729e+00 -3.598068e+00 -3.228950e+00 -2.906881e+00 -1.620438e+00 -2.211806e+00 -5.111146e-01 6.966064e-01 5.672032e-02 -4.674968e-01 2.979837e-01 -5.014681e-01 2.580539e-01 1.604771e-01 -5.840661e-02 2.373730e-01 -1.275749e-01 -1.479904e-02 -6.135193e-01 -1.016942e-01 3.533125e-01 -4.800963e-01 -8.528019e-02 -1.589488e-01 2.146027e-01 4.540161e-01 3.474428e-01 5.060604e-01 5.162919e-01 3.961766e-01 2.693358e-01 2.517111e-01 8.879326e-02 -8.713483e-02
<VARIANCE> 52
 4.360783e+01 1.876035e+01 2.933696e+01 2.495015e+01 4.527510e+01 5.172396e+01 7.420103e+01 6.482995e+01 4.721994e+01 3.102665e+01 2.962547e+01 2.082783e+01 2.406457e+01 1.115677e+00 1.474828e+00 1.716642e+00 2.381311e+00 2.007930e+00 3.050014e+00 3.824431e+00 2.286448e+00 2.503192e+00 2.131869e+00 3.089020e+00 3.008476e+00 7.211813e-01 8.617259e-01 2.527067e-01 3.515564e-01 4.247768e-01 1.009164e+00 9.444882e-01 1.324430e+00 1.305128e+00 9.182989e-01 6.502009e-01 5.397263e-01 3.847068e-01 8.865270e-02 4.305083e-02 7.171755e-02 6.998456e-02 9.270643e-02 8.933951e-02 1.317903e-01 1.374287e-01 1.124139e-01 1.057425e-01 8.902423e-02 1.307138e-01 9.839600e-02 3.114420e-02
<GCONST> 1.121127e+02
<STATE> 7
<NUMMIXES> 3
<MIXTURE> 1 1.588978e-01
<MEAN> 52
 -1.090038e+01 2.486805e+00 1.587619e+01 -2.363075e+00 -1.299832e+01 -9.359263e+00 -1.025357e+01 -9.011020e+00 -8.791518e+00 -5.468284e+00 7.417129e-01 1.115186e+00 7.533129e+01 3.753119e+00 -2.836127e+00 3.777284e+00 2.818296e-01 -3.009025e+00 -2.947067e-01 -3.376998e+00 -6.733798e-01 -1.107135e+00 -1.731783e+00 1.489444e+00 9.699758e-01 1.777059e+00 -1.110505e+00 1.294608e-02 -8.307186e-01 -4.821128e-01 3.132554e-01 3.990355e-01 3.517199e-01 2.520742e-01 1.371431e-01 2.706752e-01 1.034417e-01 -1.303217e-01 -3.261775e-01 -3.969281e-01 3.825025e-01 -3.957030e-01 -6.302378e-02 3.769015e-01 9.936357e-02 4.863399e-01 1.237706e-01 1.160867e-01 2.540475e-01 -2.497919e-01 -2.076716e-01 -2.877701e-01
<VARIANCE> 52
 1.277794e+01 3.122041e+01 2.119938e+01 3.137405e+01 1.696482e+01 2.111049e+01 4.899324e+01 1.669333e+01 3.452048e+01 2.904031e+01 1.143348e+01 1.743593e+01 4.339724e+00 2.263240e+00 1.090427e+00 3.046174e+00 2.122504e+00 1.963933e+00 2.906197e+00 9.936048e-01 1.912945e+00 2.048202e+00 2.242148e+00 1.303071e+00 2.055808e+00 6.711743e-01 2.533291e-01 5.547031e-01 3.124020e-01 1.711403e-01 4.445236e-01 3.718216e-01 3.068265e-01 2.211805e-01 2.958786e-01 3.041221e-01 2.076853e-01 2.807054e-01 1.018462e-01 8.925430e-02 4.057986e-02 8.046895e-02 5.255169e-02 7.648814e-02 1.062302e-01 3.579247e-02 5.801508e-02 7.806654e-02 7.581019e-02 4.801280e-02 7.324588e-02 2.312002e-02
<GCONST> 8.804456e+01
<MIXTURE> 2 5.398419e-01
<MEAN> 52
 -2.501896e+01 7.099813e+00 4.068446e+00 -4.992951e+00 -2.761632e+00 -4.395957e+00 -8.156128e-01 -4.914806e+00 -4.053551e+00 -1.748035e+00 -2.215083e+00 -1.167065e+00 6.908998e+01 4.040494e+00 3.628204e-01 3.676510e+00 1.156329e+00 -1.341069e+00 -7.333313e-01 -1.983848e+00 -8.485827e-01 -1.483040e+00 -1.120821e+00 9.665838e-02 -1.316299e-01 6.050063e-01 9.857516e-01 -1.638068e-01 6.514529e-01 2.096063e-01 -7.873803e-01 -1.293593e-01 -9.225010e-01 -2.943434e-01 -4.764367e-01 -2.866121e-01 3.823364e-01 6.067798e-02 4.460762e-01 -5.551441e-01 -2.651120e-01 -4.703049e-01 -2.795228e-01 2.005902e-02 1.604169e-01 1.374631e-01 1.574980e-01 1.752266e-01 1.539282e-01 6.012548e-02 1.455000e-02 -5.125924e-02
<VARIANCE> 52
 2.085610e+01 2.149425e+01 3.731003e+01 2.100972e+01 2.037252e+01 2.719526e+01 3.269883e+01 2.864131e+01 2.644773e+01 2.326002e+01 2.026806e+01 1.815205e+01 1.127400e+01 2.263872e+00 2.723776e+00 2.544346e+00 1.890519e+00 3.027834e+00 2.308190e+00 2.247417e+00 2.039209e+00 2.173048e+00 1.819103e+00 1.952285e+00 1.448417e+00 6.609051e-01 4.070360e-01 3.669281e-01 5.003906e-01 3.253113e-01 3.639694e-01 4.891484e-01 3.745883e-01 3.046667e-01 5.252339e-01 4.374929e-01 3.992448e-01 4.091007e-01 7.434161e-02 7.200606e-02 8.353671e-02 7.112887e-02 5.426415e-02 1.439105e-01 8.831700e-02 1.052297e-01 8.218144e-02 8.617323e-02 8.146041e-02 9.260920e-02 7.354525e-02 2.638294e-02
<GCONST> 9.824278e+01
<MIXTURE> 3 3.012602e-01
<MEAN> 52
 -1.663039e+01 2.828115e+00 7.229804e+00 -2.106679e+01 -1.161343e+01 -1.009482e+01 -1.651083e+01 -1.861255e+01 -1.208925e+01 -6.889217e+00 -1.495212e+01 -2.466785e+00 7.117223e+01 2.431853e-01 -1.364175e+00 1.822187e+00 -2.135621e+00 1.106908e+00 5.486710e-02 -4.214524e-01 4.560921e-01 -5.520295e-01 2.187773e-01 -1.737430e+00 1.222979e-01 7.339395e-01 -6.241783e-01 3.042312e-01 -4.468237e-01 5.844935e-01 3.835677e-01 3.151757e-01 5.247217e-01 4.963215e-01 5.315588e-01 3.673767e-01 6.377248e-01 1.763431e-01 -2.089350e-01 2.125746e-01 1.787271e-01 -1.122399e-01 1.077859e-01 -3.248008e-01 -1.696222e-01 -1.778901e-01 -2.781072e-01 -9.059422e-02 -1.338275e-01 9.043425e-02 -3.356330e-02 -5.615782e-02
<VARIANCE> 52
 6.922443e+00 1.130279e+01 2.117883e+01 2.358799e+01 2.503653e+01 1.327143e+01 2.187894e+01 3.706750e+01 2.329618e+01 1.416183e+01 2.187205e+01 3.774247e+01 1.496810e+01 1.015014e+00 1.497839e+00 1.965522e+00 2.144384e+00 1.897257e+00 2.190043e+00 2.379397e+00 1.719751e+00 1.127006e+00 1.612129e+00 2.056866e+00 1.698668e+00 2.567991e-01 2.776215e-01 1.687519e-01 2.985742e-01 2.772683e-01 6.355459e-01 3.569142e-01 5.888027e-01 4.331261e-01 2.768391e-01 2.777112e-01 2.375573e-01 3.052265e-01 4.127972e-02 3.742484e-02 6.610782e-02 7.226479e-02 8.425060e-02 6.995804e-02 7.438679e-02 9.224779e-02 7.696673e-02 5.222268e-02 6.189854e-02 8.813433e-02 5.335812e-02 1.351676e-02
<GCONST> 8.556129e+01
<STATE> 8
<NUMMIXES> 3
<MIXTURE> 1 2.976236e-01
<MEAN> 52
 -8.602062e+00 2.324816e+00 1.813572e+01 -4.411997e+00 -1.531529e+01 -4.637672e+00 -1.583127e+01 -7.374952e+00 -1.231197e+01 -5.961392e+00 1.581329e+00 -1.576277e+00 7.407491e+01 7.346226e-01 -1.095007e+00 8.399051e-01 -4.363558e-01 -1.249246e+00 9.537506e-01 -1.435122e+00 4.782636e-01 -5.763561e-01 -1.300419e-01 8.160201e-01 -5.580330e-01 2.988220e-01 -8.099895e-01 4.433265e-01 -7.939118e-01 2.276762e-02 7.409753e-01 -3.157678e-02 9.180272e-01 1.280876e-01 4.322132e-01 2.489779e-01 -2.565780e-01 -1.227795e-01 -3.495482e-01 2.623346e-01 1.449727e-01 1.562135e-01 1.401082e-01 3.179686e-02 -1.975807e-01 1.569112e-02 -1.332123e-01 -4.143603e-02 -5.807877e-02 -1.118316e-01 6.429555e-02 -5.333074e-03
<VARIANCE> 52
 1.160603e+01 2.332845e+01 2.363516e+01 4.454343e+01 2.640478e+01 3.988529e+01 3.756244e+01 4.937562e+01 4.018377e+01 4.522812e+01 2.846939e+01 2.820471e+01 1.318644e+01 5.141428e-01 8.498806e-01 1.206126e+00 1.326879e+00 1.862885e+00 1.559618e+00 1.961113e+00 1.360883e+00 1.536339e+00 1.981530e+00 1.362231e+00 1.382803e+00 2.001706e-01 2.109339e-01 1.590751e-01 2.636695e-01 2.345988e-01 3.036683e-01 3.855176e-01 2.948320e-01 3.806958e-01 3.231062e-01 3.377857e-01 2.954641e-01 2.987410e-01 6.326555e-02 3.366036e-02 4.743401e-02 4.233387e-02 4.220680e-02 9.128803e-02 6.020040e-02 8.804642e-02 5.698998e-02 6.126022e-02 6.677371e-02 6.222509e-02 5.651993e-02 1.559545e-02
<GCONST> 8.472788e+01
<MIXTURE> 2 4.890758e-01
<MEAN> 52
 -1.745223e+01 2.132705e+00 1.058921e+01 -2.721437e+01 -7.820063e+00 -1.119052e+01 -1.624928e+01 -1.639709e+01 -1.037519e+01 -4.541541e+00 -1.823959e+01 -8.832499e-01 7.277614e+01 1.715998e-01 -6.808268e-02 6.099221e-02 -1.745494e-01 -5.242700e-02 9.421429e-02 -2.893489e-02 1.684705e-01 1.028331e-01 1.772248e-01 -1.021243e-01 -2.551129e-03 -1.223058e-01 4.202320e-02 9.704490e-03 -7.695556e-02 9.248053e-02 -9.378254e-02 2.650037e-02 6.876580e-04 -4.408538e-02 2.486678e-02 -4.744771e-02 5.305649e-02 -3.483640e-02 -7.133935e-02 1.081023e-02 -1.525056e-02 1.992501e-02 -3.339946e-02 7.966394e-03 -1.162983e-02 -4.795196e-03 -5.470155e-03 -1.486881e-02 -1.792458e-02 -2.778300e-02 2.462191e-03 1.697503e-03
<VARIANCE> 52
 1.043342e+01 8.153552e+00 1.032921e+01 1.840559e+01 8.863028e+00 1.512742e+01 2.407002e+01 1.991152e+01 1.928888e+01 1.840621e+01 1.606317e+01 8.885492e+00 5.210833e+00 1.101655e-01 1.620661e-01 2.653109e-01 4.414233e-01 3.868629e-01 4.603640e-01 6.224737e-01 6.010734e-01 4.866863e-01 4.764989e-01 5.831041e-01 3.486072e-01 1.035712e-01 2.037866e-02 3.449777e-02 5.464566e-02 8.722743e-02 8.288997e-02 8.165532e-02 1.250432e-01 1.120891e-01 9.247828e-02 9.909928e-02 1.156753e-01 6.665627e-02 6.614311e-03 4.889597e-03 1.031397e-02 1.577315e-02 2.378262e-02 1.847970e-02 2.020900e-02 2.900055e-02 2.601612e-02 2.177427e-02 2.286319e-02 3.170709e-02 1.583697e-02 2.076672e-03
<GCONST> 2.392491e+01
<MIXTURE> 3 2.133006e-01
<MEAN> 52
 -1.198293e+01 9.341357e+00 1.417718e+01 -1.771157e+00 -9.006824e+00 -6.963058e+00 -9.075429e+00 -8.934155e+00 -9.798151e+00 -5.628518e+00 -6.630987e-01 -1.275332e+00 7.189527e+01 3.913369e+00 -1.009882e+00 3.020062e+00 2.122140e-01 -3.353529e+00 -6.406383e-02 -3.582577e+00 -5.892769e-01 -2.149080e+00 -7.001973e-01 1.227957e+00 -2.500326e-01 1.141475e+00 -8.477454e-01 -5.941665e-01 -7.603845e-01 -3.969990e-01 -2.276057e-02 4.764991e-01 1.842794e-01 4.561258e-01 3.326790e-01 3.262600e-01 1.728809e-01 -1.057440e-01 -6.244109e-02 -4.753176e-01 1.364098e-01 -3.210990e-01 -9.865551e-03 4.732704e-01 1.253239e-02 4.876752e-01 1.152457e-01 2.660512e-01 8.122640e-02 -1.981574e-01 -2.278586e-03 -1.880529e-01
<VARIANCE> 52
 1.605810e+01 1.993221e+01 1.863527e+01 1.906495e+01 3.825822e+01 3.162391e+01 3.302126e+01 3.612587e+01 2.223450e+01 2.762822e+01 2.026026e+01 1.728581e+01 1.279015e+01 1.995429e+00 1.928627e+00 3.466962e+00 2.627597e+00 2.364861e+00 3.494315e+00 3.149411e+00 3.301791e+00 3.607403e+00 2.899455e+00 2.346743e+00 2.034773e+00 4.924482e-01 3.350969e-01 2.015660e-01 3.014850e-01 1.926235e-01 5.660977e-01 3.471894e-01 5.512820e-01 3.666676e-01 3.445590e-01 3.305105e-01 4.123268e-01 2.959817e-01 7.454854e-02 8.544412e-02 6.023511e-02 1.106347e-01 7.315488e-02 8.789781e-02 1.295209e-01 1.170412e-01 1.147674e-01 1.247845e-01 9.652869e-02 1.111325e-01 8.892063e-02 1.859530e-02
<GCONST> 9.990269e+01
<STATE> 9
<NUMMIXES> 3
<MIXTURE> 1 4.278823e-01
<MEAN> 52
 -7.666233e+00 3.466710e+00 1.730672e+01 -3.757858e+00 -1.534184e+01 -5.688209e+00 -1.509890e+01 -7.817721e+00 -1.156077e+01 -6.542600e+00 2.760749e+00 -2.229781e+00 7.322061e+01 3.019932e-01 -1.056178e-01 -1.060224e-01 7.900173e-02 -2.067530e-01 -5.275311e-02 9.375261e-02 2.247354e-01 7.258578e-02 1.528044e-01 -3.046087e-03 -1.965153e-01 -2.808226e-01 -2.248195e-02 1.354632e-01 -2.042497e-01 1.437480e-01 3.022121e-01 -8.748866e-02 2.892632e-01 2.545056e-02 1.110908e-01 1.295043e-01 -2.323431e-01 3.222303e-02 -2.076349e-01 9.401806e-02 -2.286625e-02 4.504771e-02 2.393071e-02 4.757806e-03 2.717132e-02 -6.680739e-02 -2.315183e-02 -2.402929e-02 -3.235775e-02 -8.364866e-03 2.062979e-02 -1.669571e-02
<VARIANCE> 52
 1.089767e+01 2.932071e+01 4.018167e+01 5.043510e+01 5.033236e+01 7.593301e+01 4.328187e+01 4.970931e+01 4.931668e+01 5.172963e+01 2.713580e+01 2.953990e+01 1.283119e+01 2.424949e-01 4.943090e-01 8.008855e-01 8.930036e-01 9.519480e-01 1.141454e+00 1.297448e+00 1.087920e+00 9.626032e-01 1.059740e+00 9.333205e-01 7.355690e-01 2.314970e-01 8.465315e-02 1.172191e-01 1.550835e-01 1.858003e-01 2.938198e-01 2.199993e-01 3.372428e-01 2.194122e-01 2.404088e-01 2.132034e-01 2.337175e-01 1.692527e-01 6.688652e-02 2.463264e-02 2.338259e-02 4.201214e-02 3.881485e-02 6.631114e-02 4.537781e-02 7.159030e-02 5.427350e-02 4.875297e-02 4.244436e-02 4.567627e-02 3.492791e-02 1.329130e-02
<GCONST> 7.352273e+01
<MIXTURE> 2 2.249640e-01
<MEAN> 52
 -1.335269e+01 1.120914e+00 8.838720e+00 -2.501817e+01 -1.273524e+01 -6.998306e+00 -1.926723e+01 -1.296933e+01 -1.127280e+01 -5.235940e+00 -1.730119e+01 -4.438137e+00 6.835296e+01 4.726491e-01 7.160827e-02 -3.671110e-01 2.396336e-01 -3.364968e-01 9.478304e-02 -2.708382e-02 -2.368861e-02 1.385981e-01 -2.199826e-01 4.636961e-02 1.424656e-01 -6.395581e-01 9.371795e-02 7.314604e-02 -9.144270e-02 2.872008e-01 -2.064056e-03 -7.083435e-02 1.161774e-02 -1.788750e-02 -3.088399e-02 -9.931997e-03 1.432716e-01 8.058030e-02 -1.615677e-01 -3.527572e-03 -1.653038e-02 1.137397e-02 6.203426e-02 5.687675e-02 6.268790e-03 1.056688e-02 4.151935e-02 -1.237535e-02 1.167927e-02 3.453810e-02 -1.467622e-02 -7.770622e-03
<VARIANCE> 52
 1.557229e+01 1.850788e+01 1.628282e+01 2.147664e+01 3.505219e+01 2.606294e+01 5.383791e+01 2.665628e+01 1.792895e+01 1.876031e+01 2.803873e+01 2.607106e+01 2.528628e+01 2.812245e-01 4.648878e-01 6.218679e-01 1.171641e+00 9.530200e-01 1.170234e+00 1.148467e+00 1.030317e+00 9.911653e-01 1.252820e+00 1.181136e+00 6.547912e-01 3.184040e-01 4.065543e-02 7.354514e-02 1.253283e-01 2.256150e-01 1.609930e-01 2.224680e-01 2.596012e-01 1.990001e-01 1.705229e-01 2.169660e-01 2.490643e-01 1.213704e-01 3.116856e-02 1.120532e-02 1.833147e-02 2.219766e-02 4.439246e-02 4.499343e-02 5.223478e-02 6.685138e-02 4.933355e-02 4.493574e-02 5.372301e-02 5.289810e-02 3.216565e-02 5.416492e-03
<GCONST> 6.282439e+01
<MIXTURE> 3 3.471538e-01
<MEAN> 52
 -7.922870e+00 4.355133e-01 2.055058e+01 -8.189902e+00 -1.661651e+01 -5.040030e+00 -1.734380e+01 -7.641116e+00 -1.443402e+01 -5.001545e+00 3.249616e+00 -2.153412e+00 7.416052e+01 1.491072e-01 4.741269e-02 9.998636e-02 -1.496117e-01 -1.750753e-01 1.847960e-01 3.207254e-03 2.236312e-02 -1.043288e-01 1.700688e-01 1.097363e-01 -1.616851e-01 -2.276810e-01 5.387810e-03 4.893755e-02 -7.769661e-02 5.689567e-02 2.719732e-02 -8.131248e-02 9.897818e-02 -2.067056e-02 2.333956e-02 2.001009e-02 -2.822440e-02 5.182752e-03 -5.236465e-02 2.364839e-02 -1.602572e-02 8.289284e-03 6.561980e-03 -1.135552e-03 -4.580521e-03 -1.104174e-02 1.244658e-02 2.965808e-05 -1.879884e-03 -7.919171e-03 -3.592852e-03 -7.553180e-03
<VARIANCE> 52
 1.184551e+01 2.503648e+01 2.183498e+01 4.875869e+01 2.160155e+01 3.793742e+01 1.839280e+01 3.882312e+01 4.005659e+01 5.030904e+01 2.942367e+01 1.746393e+01 8.855279e+00 4.362298e-02 1.275911e-01 2.194171e-01 2.465696e-01 3.359520e-01 3.686119e-01 4.796411e-01 3.573108e-01 3.388343e-01 4.520566e-01 3.773118e-01 3.500243e-01 5.970505e-02 8.530678e-03 1.865820e-02 3.305743e-02 5.219495e-02 5.595474e-02 6.116753e-02 7.829032e-02 7.333377e-02 6.753994e-02 1.015581e-01 6.663962e-02 5.845629e-02 7.431068e-03 3.131096e-03 6.578777e-03 9.468981e-03 1.113811e-02 1.388998e-02 1.476882e-02 2.359446e-02 1.611805e-02 1.747269e-02 2.202717e-02 1.681844e-02 1.447722e-02 2.658045e-03
<GCONST> 1.905937e+01
<STATE> 10
<NUMMIXES> 3
<MIXTURE> 1 4.084411e-01
<MEAN> 52
 -4.954447e+00 3.417626e+00 1.700599e+01 -4.247443e+00 -1.488309e+01 -4.658120e+00 -1.341296e+01 -5.724376e+00 -1.134865e+01 -1.490896e+00 1.297846e+00 -2.784301e+00 6.797749e+01 2.128552e-01 6.176444e-01 -1.120757e+00 8.984462e-01 1.089168e+00 1.849223e-01 9.814456e-01 -1.492055e-01 5.893237e-01 3.293542e-01 -6.605572e-01 -1.128680e-01 -1.363089e+00 -5.673773e-02 -1.049235e-01 -1.436608e-01 1.245856e-01 2.447587e-01 5.515414e-02 1.147503e-01 2.549569e-03 1.369432e-01 -1.544194e-01 -2.538748e-02 8.186501e-02 -1.604317e-01 -3.283911e-02 -1.243722e-01 3.343469e-02 -1.217731e-01 -7.993788e-02 -1.110205e-02 -8.206906e-02 3.024897e-02 -2.812463e-02 -1.461760e-02 7.166493e-02 1.328761e-02 6.755321e-02
<VARIANCE> 52
 7.013840e+00 2.544318e+01 2.138724e+01 5.604916e+01 3.191553e+01 6.814850e+01 6.178517e+01 4.288628e+01 5.697923e+01 4.175333e+01 2.031483e+01 2.525856e+01 2.080350e+01 3.299926e-01 1.001388e+00 8.625751e-01 1.703039e+00 1.146335e+00 1.536885e+00 2.602681e+00 1.576785e+00 1.708726e+00 1.955761e+00 1.424658e+00 1.331935e+00 3.527995e-01 6.482540e-02 2.038151e-01 2.062834e-01 3.310922e-01 3.169027e-01 3.170810e-01 4.815251e-01 3.200843e-01 3.182521e-01 2.634659e-01 3.261122e-01 2.752129e-01 8.067946e-02 1.454281e-02 3.638478e-02 3.629020e-02 6.676137e-02 5.276882e-02 6.304493e-02 1.094446e-01 6.709082e-02 6.866437e-02 7.513922e-02 5.952381e-02 5.610891e-02 9.963404e-03
<GCONST> 8.417141e+01
<MIXTURE> 2 3.132560e-01
<MEAN> 52
 -9.836376e+00 2.693044e+00 6.032878e+00 -1.674860e+01 -1.236391e+01 -8.346908e+00 -1.777580e+01 -1.441107e+01 -1.061318e+01 -4.978723e+00 -1.284067e+01 -6.887070e-03 6.269079e+01 4.478180e-01 -1.530407e-01 -9.351442e-01 2.264075e+00 8.721561e-01 -4.678112e-02 9.847702e-01 7.712982e-01 5.871609e-01 -3.311765e-01 1.315893e+00 3.195482e-02 -1.687433e+00 -2.229283e-01 -2.239155e-01 -4.917892e-02 -5.161191e-02 3.366171e-01 1.460094e-01 3.538471e-01 3.605746e-01 2.306889e-01 1.637895e-01 1.339153e-01 -6.143478e-02 1.205442e-02 -3.885989e-02 -2.498738e-02 6.412274e-02 -2.234337e-01 -8.317895e-02 4.343352e-02 -5.126299e-02 -3.098549e-02 -3.908854e-03 1.159315e-01 -1.024210e-01 3.510207e-02 1.250349e-01
<VARIANCE> 52
 1.264627e+01 2.716918e+01 2.653588e+01 4.597266e+01 3.995348e+01 3.659387e+01 3.794097e+01 4.658546e+01 3.136727e+01 5.738542e+01 4.194443e+01 6.280130e+01 4.186775e+01 1.197043e+00 1.835140e+00 1.777274e+00 2.245406e+00 2.487709e+00 3.584216e+00 3.980204e+00 3.153841e+00 3.180535e+00 3.318904e+00 2.875320e+00 2.872601e+00 7.175364e-01 1.544065e-01 2.773433e-01 2.813711e-01 5.238052e-01 3.287212e-01 6.180887e-01 5.291614e-01 4.911199e-01 5.228816e-01 6.427298e-01 5.120851e-01 4.646065e-01 1.347380e-01 4.557889e-02 6.851251e-02 6.705763e-02 8.822303e-02 9.200007e-02 1.422440e-01 1.471751e-01 1.369695e-01 1.381351e-01 1.511627e-01 1.211913e-01 1.059518e-01 2.321901e-02
<GCONST> 1.097482e+02
<MIXTURE> 3 2.783028e-01
<MEAN> 52
 -4.057549e+00 4.374543e+00 1.295460e+01 2.701608e+00 -1.202613e+01 -4.445134e+00 -9.086385e+00 -6.143871e+00 -9.380554e+00 -5.069536e+00 3.170831e-01 -4.297143e+00 6.731734e+01 8.194817e-01 8.329117e-02 -1.645488e+00 9.718398e-01 3.048767e+00 -2.641562e-01 1.753770e+00 7.148975e-01 9.298022e-01 4.225501e-01 -1.973028e+00 1.339640e-01 -2.250219e+00 -3.040442e-01 -1.342458e-01 -5.218645e-02 -4.659824e-01 5.639813e-02 2.348687e-01 -2.594464e-01 -7.129715e-02 9.914362e-02 -2.521458e-02 5.579753e-02 7.213014e-02 9.015317e-02 -1.402385e-01 -8.496456e-02 1.746222e-01 -1.925748e-01 -5.767335e-01 5.061473e-02 -2.492455e-01 -1.100504e-01 -1.402059e-01 -2.358044e-02 4.025487e-01 -2.367211e-02 3.497980e-01
<VARIANCE> 52
 1.407407e+01 2.640605e+01 2.484562e+01 3.262366e+01 6.160756e+01 5.192939e+01 5.217702e+01 4.448866e+01 3.593167e+01 3.777133e+01 3.490256e+01 2.050099e+01 3.820915e+01 1.241779e+00 1.381914e+00 2.435005e+00 3.022025e+00 2.950278e+00 3.222297e+00 3.889578e+00 3.198050e+00 3.212479e+00 2.211620e+00 1.857118e+00 2.264308e+00 1.148150e+00 2.476186e-01 3.016278e-01 2.816378e-01 3.653049e-01 1.115459e+00 3.817573e-01 5.599984e-01 5.217652e-01 3.892509e-01 3.003045e-01 6.339446e-01 2.861713e-01 4.241663e-01 6.325448e-02 5.259051e-02 6.345697e-02 1.157096e-01 1.272227e-01 1.310104e-01 1.547964e-01 1.403539e-01 1.240168e-01 9.438359e-02 9.025036e-02 8.767970e-02 4.800184e-02
<GCONST> 1.097484e+02
<STATE> 11
<NUMMIXES> 3
<MIXTURE> 1 2.744736e-01
<MEAN> 52
 -4.829944e+00 2.162834e+00 1.026985e+01 -1.168490e+00 -8.707983e+00 -5.643073e+00 -1.065618e+01 -6.357942e+00 -8.782621e+00 -4.030351e+00 -4.084054e+00 -3.229571e+00 6.553059e+01 -6.762635e-01 -2.517961e-01 1.634428e-02 -1.085482e+00 -4.220215e-01 3.179452e-01 2.140618e-01 2.236097e-01 -9.760965e-02 6.184771e-01 6.074173e-01 8.868995e-02 6.370039e-01 -1.777657e-01 -6.143219e-02 2.779313e-01 -3.140580e-01 -9.113959e-01 2.712050e-01 -1.328887e-01 -5.738626e-02 -1.054316e-01 1.650029e-02 5.026689e-01 -1.763577e-03 5.675576e-01 1.739898e-01 6.213122e-02 -2.658568e-02 1.662115e-01 7.707608e-02 -1.281715e-02 1.930515e-02 8.709721e-03 5.990651e-02 -8.535832e-02 -1.066304e-01 -1.852950e-02 -1.513126e-01
<VARIANCE> 52
 2.303902e+01 3.667377e+01 6.773606e+01 8.209950e+01 5.138889e+01 4.278994e+01 6.257048e+01 6.554034e+01 4.712650e+01 4.557221e+01 4.507613e+01 2.619131e+01 5.321440e+01 1.922638e+00 1.174079e+00 2.480202e+00 2.655004e+00 5.224312e+00 2.334526e+00 2.988022e+00 3.584180e+00 3.567191e+00 2.669416e+00 4.307211e+00 1.789233e+00 2.108644e+00 3.810588e-01 3.649677e-01 6.297072e-01 6.355976e-01 1.021800e+00 6.325779e-01 8.245355e-01 8.230971e-01 8.810408e-01 8.018098e-01 8.784547e-01 4.611675e-01 4.880882e-01 7.948261e-02 5.863827e-02 1.117588e-01 1.170653e-01 2.487347e-01 1.057380e-01 1.404026e-01 1.647587e-01 1.754207e-01 1.464277e-01 1.991002e-01 7.918353e-02 8.283418e-02
<GCONST> 1.251872e+02
<MIXTURE> 2 3.351253e-01
<MEAN> 52
 -8.747357e+00 1.344251e+00 3.815545e+00 -3.183302e+00 -2.811204e+00 -9.631272e-01 -5.184440e+00 -4.828325e+00 -3.963603e+00 -2.501026e+00 -3.476785e+00 -2.476010e+00 5.629553e+01 -7.190867e-01 -1.600663e+00 -1.753095e+00 -4.528902e-01 2.806462e-01 2.902806e-01 7.462519e-01 7.525132e-01 1.013244e+00 6.944032e-01 7.752673e-01 5.178093e-01 -1.100770e+00 5.619087e-02 4.830089e-03 1.683319e-01 -4.023671e-01 -6.109121e-01 -3.116172e-01 -4.689226e-01 -3.135106e-01 -3.234900e-01 -5.527735e-02 5.355162e-02 1.084153e-01 3.219676e-01 1.069988e-01 2.174643e-01 1.227639e-01 1.733472e-01 8.350394e-02 -2.004568e-02 -1.310339e-02 -9.464262e-02 -1.038103e-01 -1.121241e-01 -1.404500e-01 -8.165129e-02 1.194841e-02
<VARIANCE> 52
 1.602061e+01 1.837120e+01 5.759959e+01 3.625061e+01 2.991553e+01 2.845277e+01 3.194651e+01 2.598936e+01 2.189262e+01 2.767037e+01 2.820510e+01 1.721794e+01 2.560698e+01 5.576120e-01 9.120790e-01 1.446240e+00 2.482701e+00 2.595302e+00 3.128450e+00 3.605581e+00 2.835349e+00 2.361958e+00 2.596897e+00 2.104071e+00 1.859449e+00 4.978570e-01 1.326041e-01 2.627779e-01 2.535522e-01 4.232646e-01 3.912412e-01 3.722552e-01 4.285149e-01 4.270037e-01 4.436125e-01 5.605217e-01 5.073258e-01 3.189406e-01 8.365258e-02 2.422317e-02 4.080157e-02 5.419854e-02 7.916633e-02 1.140192e-01 1.227542e-01 1.329255e-01 1.143009e-01 1.151611e-01 1.316141e-01 7.613257e-02 7.381483e-02 1.672485e-02
<GCONST> 9.650690e+01
<MIXTURE> 3 3.904012e-01
<MEAN> 52
 -9.226005e+00 -1.480076e+00 3.607502e+00 -7.686734e+00 -8.714837e+00 -5.793637e+00 -9.717963e+00 -8.552458e+00 -6.627978e+00 -2.160487e+00 -1.145177e+00 -2.927953e-01 5.544074e+01 -9.548075e-03 -4.230565e-01 -5.951955e-01 6.850506e-02 2.017058e-01 5.450923e-02 1.039319e-01 4.514585e-02 4.934255e-02 -4.626678e-02 -3.889696e-02 -7.771040e-02 -5.019769e-01 5.936718e-02 1.790620e-01 1.579938e-01 1.084474e-01 7.160065e-02 2.220651e-02 2.109486e-02 8.202470e-02 -2.136926e-02 -1.864709e-02 -8.601663e-02 -5.959375e-02 1.285918e-01 -3.145426e-02 -1.724492e-02 -3.747179e-02 -1.202100e-04 2.510166e-02 2.548551e-02 5.348524e-02 3.342824e-02 6.248622e-02 2.649913e-02 4.267675e-02 2.553172e-02 -2.473245e-02
<VARIANCE> 52
 1.118857e+01 1.642467e+01 4.073492e+01 2.402068e+01 4.038912e+01 3.493287e+01 3.719282e+01 3.169802e+01 3.794346e+01 1.912381e+01 3.794733e+01 2.045536e+01 1.181955e+01 2.180476e-01 5.623976e-01 8.877146e-01 1.346600e+00 1.171591e+00 1.597785e+00 1.825722e+00 2.006715e+00 1.678596e+00 1.620538e+00 1.450473e+00 1.378917e+00 1.025778e-01 6.342807e-02 1.258917e-01 1.944115e-01 2.364006e-01 2.384439e-01 3.225515e-01 3.828861e-01 3.856299e-01 4.027463e-01 3.346899e-01 2.764666e-01 2.748265e-01 2.493597e-02 1.048317e-02 2.515513e-02 3.677318e-02 5.796909e-02 5.440370e-02 7.108750e-02 8.403112e-02 8.657055e-02 8.133538e-02 7.896752e-02 6.509926e-02 6.202881e-02 5.794276e-03
<GCONST> 7.588527e+01
<TRANSP> 12
 0.000000e+00 1.000000e+00 0.000000e+00 0.000000e+00 0.000000e+00 0.000000e+00 0.000000e+00 0.000000e+00 0.000000e+00 0.000000e+00 0.000000e+00 0.000000e+00
 0.000000e+00 8.088718e-01 1.911282e-01 0.000000e+00 0.000000e+00 0.000000e+00 0.000000e+00 0.000000e+00 0.000000e+00 0.000000e+00 0.000000e+00 0.000000e+00
 0.000000e+00 0.000000e+00 7.717889e-01 2.282111e-01 0.000000e+00 0.000000e+00 0.000000e+00 0.000000e+00 0.000000e+00 0.000000e+00 0.000000e+00 0.000000e+00
 0.000000e+00 0.000000e+00 0.000000e+00 8.556767e-01 1.443233e-01 0.000000e+00 0.000000e+00 0.000000e+00 0.000000e+00 0.000000e+00 0.000000e+00 0.000000e+00
 0.000000e+00 0.000000e+00 0.000000e+00 0.000000e+00 7.925320e-01 2.074680e-01 0.000000e+00 0.000000e+00 0.000000e+00 0.000000e+00 0.000000e+00 0.000000e+00
 0.000000e+00 0.000000e+00 0.000000e+00 0.000000e+00 0.000000e+00 8.704098e-01 1.295902e-01 0.000000e+00 0.000000e+00 0.000000e+00 0.000000e+00 0.000000e+00
 0.000000e+00 0.000000e+00 0.000000e+00 0.000000e+00 0.000000e+00 0.000000e+00 6.645294e-01 3.354706e-01 0.000000e+00 0.000000e+00 0.000000e+00 0.000000e+00
 0.000000e+00 0.000000e+00 0.000000e+00 0.000000e+00 0.000000e+00 0.000000e+00 0.000000e+00 7.961873e-01 2.038127e-01 0.000000e+00 0.000000e+00 0.000000e+00
 0.000000e+00 0.000000e+00 0.000000e+00 0.000000e+00 0.000000e+00 0.000000e+00 0.000000e+00 0.000000e+00 8.667169e-01 1.332831e-01 0.000000e+00 0.000000e+00
 0.000000e+00 0.000000e+00 0.000000e+00 0.000000e+00 0.000000e+00 0.000000e+00 0.000000e+00 0.000000e+00 0.000000e+00 7.938876e-01 2.061125e-01 0.000000e+00
 0.000000e+00 0.000000e+00 0.000000e+00 0.000000e+00 0.000000e+00 0.000000e+00 0.000000e+00 0.000000e+00 0.000000e+00 0.000000e+00 8.072910e-01 1.927090e-01
 0.000000e+00 0.000000e+00 0.000000e+00 0.000000e+00 0.000000e+00 0.000000e+00 0.000000e+00 0.000000e+00 0.000000e+00 0.000000e+00 0.000000e+00 0.000000e+00
<ENDHMM>
