~o
<STREAMINFO> 1 52
<VECSIZE> 52<NULLD><MFCC_D_A_T_0><DIAGC>
~h "sil"
<BEGINHMM>
<NUMSTATES> 12
<STATE> 2
<NUMMIXES> 3
<MIXTURE> 1 2.021719e-01
<MEAN> 52
 -1.090590e+01 -4.811981e-01 -2.575996e+00 -5.868675e+00 3.162795e+00 -3.534596e+00 -3.019008e+00 1.856710e+00 8.214540e-01 2.761936e+00 -2.804055e+00 -5.080616e+00 5.905467e+01 1.378949e+00 -9.179255e-01 -4.458031e-01 9.606142e-01 -5.212959e-01 -1.033258e-01 1.004538e+00 5.080906e-01 3.493353e-01 1.472519e-01 -5.095278e-01 -1.079944e+00 4.607345e-01 5.883532e-02 -9.828095e-02 -6.145165e-02 -3.853249e-03 -2.027239e-01 6.028431e-02 4.834188e-02 -2.639866e-02 -1.965948e-01 -1.340763e-01 -1.574426e-02 7.683370e-02 5.533688e-02 -8.278515e-02 5.126252e-02 5.528053e-02 -9.134215e-02 8.266670e-02 3.409895e-02 -1.000742e-01 -1.035001e-01 -7.813554e-02 1.586731e-02 8.577209e-02 1.330431e-01 -9.026372e-02
<VARIANCE> 52
 3.951116e+01 2.623600e+01 1.720710e+01 2.563514e+01 4.094379e+01 3.750838e+01 2.873005e+01 3.535348e+01 2.498410e+01 3.239376e+01 2.202754e+01 2.471368e+01 1.912829e+01 4.145446e+00 1.842894e+00 1.814062e+00 2.401973e+00 3.061026e+00 2.678804e+00 2.806292e+00 2.145410e+00 3.560388e+00 4.331415e+00 2.914678e+00 2.062434e+00 1.068617e+00 4.364662e-01 2.824988e-01 2.722260e-01 3.259263e-01 3.789426e-01 5.747147e-01 4.975342e-01 4.173569e-01 6.417835e-01 6.099237e-01 4.031124e-01 3.521007e-01 2.114524e-01 9.695601e-02 6.479830e-02 6.461595e-02 8.811887e-02 1.264988e-01 1.312917e-01 1.318118e-01 7.976327e-02 1.379946e-01 1.408397e-01 9.327742e-02 6.503808e-02 4.788138e-02
<GCONST> 1.077786e+02
<MIXTURE> 2 4.252098e-01
<MEAN> 52
 -9.026928e+00 -3.003335e+00 -3.192384e+00 -5.589846e+00 -4.731153e+00 -3.375120e+00 -3.882722e+00 -3.254293e+00 -3.242352e+00 -1.565154e+00 -1.966669e+00 -1.498513e+00 5.352114e+01 -1.643674e-01 -1.942117e-01 -3.103143e-01 -1.256433e-01 -6.992535e-02 -2.022318e-01 -4.549667e-02 -1.578245e-01 3.430032e-01 5.472871e-02 2.630094e-01 4.990260e-03 -2.111812e-01 2.333772e-01 3.237876e-01 3.699853e-01 4.002075e-01 3.658195e-01 2.909673e-01 5.790612e-02 3.810415e-02 1.368467e-02 -7.778955e-02 -9.021867e-02 -1.046030e-01 1.623680e-01 -5.644122e-02 -9.204929e-02 -8.124853e-02 -4.943545e-02 -3.747836e-03 2.088217e-02 4.108415e-02 7.401448e-02 1.924815e-03 -4.369564e-03 -1.699874e-02 2.650701e-02 -4.262565e-02
<VARIANCE> 52
 8.913659e+00 8.855773e+00 1.683207e+01 1.779922e+01 1.569607e+01 1.797865e+01 1.981724e+01 2.313728e+01 2.440323e+01 2.154063e+01 1.990557e+01 1.686876e+01 1.407572e+01 3.691938e-01 6.837828e-01 1.020940e+00 1.460142e+00 1.786581e+00 1.947599e+00 1.989193e+00 1.846526e+00 1.750568e+00 2.158968e+00 1.645801e+00 1.449636e+00 1.822018e-01 6.816427e-02 1.329073e-01 2.002906e-01 2.338154e-01 2.718642e-01 2.945533e-01 4.288463e-01 3.953152e-01 4.160978e-01 3.948686e-01 3.500751e-01 2.466478e-01 3.892983e-02 1.630896e-02 2.910700e-02 4.316754e-02 6.221750e-02 8.267258e-02 8.581223e-02 9.607617e-02 8.731385e-02 8.149850e-02 1.025197e-01 8.113991e-02 6.574038e-02 8.678955e-03
<GCONST> 7.657065e+01
<MIXTURE> 3 3.726182e-01
<MEAN> 52
 -1.076480e+01 -6.592798e-01 -2.748722e+00 -3.030073e+00 2.288290e+00 -1.688040e+00 -2.982675e+00 -1.525244e+00 -2.218302e+00 8.478465e-01 -1.786026e+00 -2.799058e+00 5.793708e+01 -6.798745e-02 -6.558443e-02 1.381304e-02 2.677460e-01 9.281163e-02 -4.251922e-02 -2.306117e-01 -1.875971e-01 -2.032061e-01 -4.225532e-01 -3.801244e-02 2.654677e-01 -1.744345e-01 -2.245085e-02 -8.791009e-02 -4.864413e-02 -6.298280e-02 -9.689494e-02 8.472041e-03 3.559580e-02 8.913890e-02 1.068293e-01 2.959581e-02 -1.958526e-02 -9.291061e-02 -1.819547e-02 -6.901107e-04 -6.521132e-03 -3.058796e-02 -1.063958e-02 -6.791019e-03 2.727197e-02 4.391002e-02 1.548490e-02 3.510413e-02 3.168728e-02 3.275662e-02 -1.548686e-02 1.444004e-02
<VARIANCE> 52
 4.475008e+01 1.658989e+01 1.301644e+01 2.195710e+01 3.663806e+01 3.420862e+01 1.981730e+01 2.147159e+01 2.372724e+01 3.100637e+01 1.982590e+01 2.747783e+01 2.266833e+01 5.129483e-01 4.944961e-01 6.720577e-01 6.716723e-01 9.776437e-01 1.654269e+00 1.622872e+00 1.562019e+00 1.588858e+00 1.626684e+00 1.140418e+00 1.496818e+00 3.398208e-01 7.586232e-02 7.807939e-02 1.122058e-01 1.039617e-01 1.281124e-01 2.578153e-01 3.077501e-01 1.704750e-01 2.592562e-01 3.043927e-01 1.927999e-01 2.154511e-01 3.252625e-02 9.157698e-03 1.708134e-02 1.894506e-02 2.065293e-02 2.403523e-02 3.960762e-02 4.978842e-02 3.141892e-02 4.180136e-02 4.677490e-02 3.277364e-02 3.961882e-02 6.979961e-03
<GCONST> 6.373339e+01
<STATE> 3
<NUMMIXES> 3
<MIXTURE> 1 2.389844e-01
<MEAN> 52
 -9.434697e+00 -3.041268e+00 -4.663718e+00 -1.922442e+00 -9.246376e-02 -8.426075e-01 -2.675878e+00 -1.594931e+00 -4.441588e-01 -6.424595e-01 -1.826017e+00 -2.241877e+00 5.446377e+01 -3.357033e-01 -1.905760e-01 -1.987482e-01 1.133083e-01 -7.395654e-02 -1.024317e-01 -1.433184e-01 -2.203296e-01 -1.519671e-01 -1.509156e-01 1.152205e-01 1.706899e-01 1.543436e-01 5.829938e-02 2.435340e-02 1.328395e-01 -2.631976e-02 -4.146452e-02 -1.947581e-02 4.834780e-03 4.960679e-02 -2.878515e-02 5.892422e-02 1.975445e-02 3.556725e-02 -7.112107e-02 3.381321e-02 -3.873299e-03 1.961695e-02 -2.803075e-02 4.692332e-03 -7.645701e-03 2.792360e-02 5.747366e-02 4.127202e-02 3.605356e-03 -2.270421e-02 -1.127612e-02 -3.675748e-02
<VARIANCE> 52
 1.476535e+01 9.077466e+00 1.866696e+01 1.909385e+01 2.595968e+01 2.058288e+01 2.218281e+01 2.453747e+01 2.003199e+01 1.955066e+01 2.079884e+01 1.982738e+01 2.266715e+01 1.416200e+00 8.333355e-01 1.883259e+00 1.652140e+00 1.898358e+00 1.838625e+00 2.195108e+00 2.171994e+00 1.758075e+00 1.695203e+00 2.171097e+00 1.400491e+00 8.753673e-01 2.716991e-01 1.464097e-01 3.552644e-01 3.474890e-01 3.636505e-01 3.516004e-01 4.027245e-01 4.537091e-01 3.719739e-01 3.416855e-01 4.385584e-01 2.775846e-01 1.562261e-01 6.240373e-02 3.350860e-02 8.897869e-02 8.401284e-02 7.923307e-02 8.687913e-02 1.052881e-01 1.058684e-01 7.939716e-02 7.967863e-02 1.042898e-01 6.324911e-02 3.404108e-02
<GCONST> 9.111714e+01
<MIXTURE> 2 3.831717e-01
<MEAN> 52
 -8.382707e+00 -2.947736e+00 -3.103321e+00 -3.636327e+00 -2.325413e+00 -1.730117e+00 -3.116431e+00 -1.641947e+00 -9.550407e-01 -1.419001e+00 -1.679890e+00 -9.595172e-01 5.117751e+01 -5.857260e-03 -7.922515e-02 -1.381161e-01 -2.481148e-01 -4.014890e-01 -7.074686e-01 -4.695647e-01 -6.711361e-02 1.053131e-01 2.063409e-01 2.331649e-01 2.398219e-01 -8.658210e-02 -2.919339e-02 -4.329012e-03 1.847851e-03 2.474163e-02 -2.313543e-02 -1.372220e-02 -4.116671e-03 -5.607862e-02 -4.918151e-02 -3.245008e-02 -3.382454e-02 2.469158e-02 2.623314e-02 -2.239789e-03 7.269206e-03 1.353020e-02 5.321257e-02 8.753131e-02 1.474151e-01 9.803320e-02 2.306635e-02 -1.671941e-02 -4.983308e-02 -5.632284e-02 -4.062654e-02 6.930111e-03
<VARIANCE> 52
 4.194500e+00 4.936209e+00 7.755335e+00 1.165434e+01 1.406679e+01 1.614478e+01 1.666778e+01 1.675511e+01 1.610081e+01 1.597657e+01 1.760825e+01 1.340919e+01 6.142207e+00 1.806264e-01 3.533253e-01 4.452336e-01 6.953767e-01 8.170153e-01 6.076442e-01 9.702050e-01 1.176559e+00 1.427501e+00 1.328658e+00 1.457535e+00 1.043179e+00 5.811523e-02 3.554878e-02 6.631988e-02 9.581257e-02 1.508544e-01 2.100935e-01 2.310308e-01 2.589721e-01 2.417095e-01 2.718947e-01 2.695385e-01 3.006695e-01 2.138751e-01 1.542731e-02 8.730205e-03 1.603007e-02 2.126338e-02 3.338745e-02 4.018702e-02 2.767829e-02 4.616269e-02 5.629470e-02 6.670460e-02 6.022686e-02 6.943596e-02 4.403365e-02 3.159740e-03
<GCONST> 4.915717e+01
<MIXTURE> 3 3.778439e-01
<MEAN> 52
 -8.406905e+00 -2.844580e+00 -2.800556e+00 -3.361965e+00 -2.733262e+00 -1.743014e+00 -3.018476e+00 -2.092530e+00 -1.297641e+00 -1.626915e+00 -1.861253e+00 -7.303805e-01 5.118894e+01 6.815384e-02 3.101464e-03 3.835839e-02 2.834617e-01 5.377773e-01 8.010564e-01 5.508671e-01 2.463208e-01 7.064787e-02 -1.338835e-01 -2.154675e-01 -1.082057e-01 -7.552212e-02 -1.480410e-02 1.274471e-02 -1.989818e-02 -3.059801e-02 3.239825e-02 -7.997052e-03 -3.158117e-03 5.078896e-02 4.483934e-03 -1.348313e-02 -1.359232e-02 -3.503501e-02 3.814117e-02 -2.527191e-02 -1.923886e-02 -3.449827e-02 -7.086350e-02 -1.241970e-01 -1.915038e-01 -1.235143e-01 -4.368360e-02 -5.975594e-03 3.374839e-02 5.664245e-02 3.690531e-02 -2.288326e-04
<VARIANCE> 52
 4.422152e+00 5.899215e+00 9.204533e+00 1.123884e+01 1.355256e+01 1.447116e+01 1.729877e+01 1.849571e+01 1.953124e+01 1.628901e+01 1.714476e+01 1.403305e+01 7.965413e+00 1.569440e-01 3.482319e-01 5.228037e-01 7.142770e-01 9.078314e-01 6.419029e-01 1.109410e+00 1.270505e+00 1.429883e+00 1.367538e+00 1.396944e+00 1.144811e+00 7.313921e-02 3.952559e-02 6.608669e-02 1.098533e-01 1.564685e-01 2.136522e-01 2.383119e-01 2.649784e-01 2.672041e-01 2.846365e-01 2.838085e-01 3.067273e-01 2.252016e-01 1.517291e-02 8.663350e-03 1.628086e-02 2.551369e-02 3.531197e-02 4.446455e-02 3.134159e-02 5.529353e-02 6.313945e-02 6.742978e-02 6.574123e-02 6.909487e-02 5.046732e-02 3.626262e-03
<GCONST> 5.245177e+01
<STATE> 4
<NUMMIXES> 3
<MIXTURE> 1 1.601489e-01
<MEAN> 52
 -1.462043e+00 -5.778543e+00 -5.682292e+00 -1.971001e+00 8.934920e-01 -8.500966e-01 2.551944e+00 8.665531e-01 -1.761663e+00 4.551975e+00 -4.597572e+00 -9.788573e+00 6.114751e+01 -1.792725e-01 4.664466e-01 7.389887e-02 2.809458e-01 3.171579e-01 5.995508e-01 -1.943402e-01 -7.515984e-01 -1.398060e-01 -1.863019e-01 2.139899e-01 4.716415e-01 -5.422466e-01 -2.324223e-01 1.796869e-01 5.247505e-02 -5.876097e-02 1.363262e-02 4.761486e-03 -1.802698e-01 4.048486e-02 1.250734e-01 -7.003551e-02 4.746857e-02 1.450972e-01 -8.164211e-02 6.132091e-02 -7.500791e-02 -6.121923e-03 -1.190234e-02 -6.868312e-02 -4.856535e-02 5.207557e-02 7.461341e-02 7.279939e-03 1.641398e-02 -4.372335e-02 -3.606458e-02 3.604146e-02
<VARIANCE> 52
 2.726509e+00 1.264758e+01 1.030519e+01 1.612752e+01 3.617377e+01 2.924318e+01 3.200688e+01 2.008049e+01 3.556644e+01 2.185080e+01 1.966864e+01 1.429656e+01 1.214738e+01 5.082047e-01 7.254910e-01 6.122776e-01 8.100613e-01 1.444258e+00 1.164264e+00 2.334421e+00 1.747511e+00 1.899835e+00 1.394583e+00 1.122207e+00 9.762686e-01 2.948400e-01 5.907210e-02 1.330602e-01 1.414685e-01 1.912780e-01 2.656229e-01 2.080625e-01 4.670434e-01 3.553623e-01 4.108100e-01 2.905613e-01 2.671697e-01 1.584174e-01 3.302336e-02 1.590210e-02 2.018010e-02 2.858295e-02 4.548713e-02 6.158357e-02 5.314217e-02 1.102542e-01 9.827392e-02 9.888615e-02 5.704337e-02 5.520337e-02 3.804930e-02 9.005995e-03
<GCONST> 6.968010e+01
<MIXTURE> 2 4.479112e-01
<MEAN> 52
 -9.526384e+00 -3.016393e+00 -3.438369e+00 -3.184633e+00 -1.728315e+00 -3.374626e+00 -3.804964e+00 -1.221960e+00 -7.327523e-01 -1.069581e+00 -2.360190e+00 -1.109139e+00 5.379494e+01 7.491806e-03 6.445311e-03 -9.799447e-02 -2.431942e-01 -3.030789e-01 -3.897285e-01 -8.505728e-01 -8.843612e-01 -7.322538e-01 -5.435957e-01 -1.894934e-02 1.813885e-01 1.985109e-02 -1.735366e-02 1.291465e-02 -6.458919e-02 -1.510240e-02 2.659369e-02 1.261011e-01 -2.332054e-03 2.940604e-02 1.840204e-02 -1.026274e-02 5.306892e-02 -3.816758e-02 7.020426e-02 -2.598313e-02 -1.305076e-02 1.424769e-02 3.381707e-02 5.058454e-02 8.445501e-02 1.811194e-01 2.020043e-01 1.784788e-01 1.219391e-01 1.443344e-02 -2.026215e-02 -6.825125e-03
<VARIANCE> 52
 1.187429e+01 8.440034e+00 1.116733e+01 1.745526e+01 2.453677e+01 3.192931e+01 2.603861e+01 3.228715e+01 2.300676e+01 2.145205e+01 1.693381e+01 1.978598e+01 3.736092e+01 4.117251e-01 4.694438e-01 7.469609e-01 7.908760e-01 1.065204e+00 1.386954e+00 1.178809e+00 1.425466e+00 1.637615e+00 1.645844e+00 1.485803e+00 1.807697e+00 1.662590e-01 7.663437e-02 9.642402e-02 1.501557e-01 1.489727e-01 2.227985e-01 3.088409e-01 3.737028e-01 4.064037e-01 3.979622e-01 3.628259e-01 3.053811e-01 3.353189e-01 3.251093e-02 1.616924e-02 2.394640e-02 3.459049e-02 3.727897e-02 4.729112e-02 7.415806e-02 6.049245e-02 6.466437e-02 8.283134e-02 8.312276e-02 7.264441e-02 8.338562e-02 6.919078e-03
<GCONST> 7.173431e+01
<MIXTURE> 3 3.919400e-01
<MEAN> 52
 -9.441975e+00 -3.075638e+00 -4.019060e+00 -2.214614e+00 2.551608e-01 -8.650803e-01 -3.001783e+00 -1.090387e+00 -7.292021e-01 -4.396504e-01 -9.019726e-01 -7.087178e-01 5.515185e+01 6.367934e-02 5.273190e-03 5.283548e-01 -7.837316e-02 -1.372778e-01 1.519361e-01 9.453911e-01 1.219432e+00 5.845157e-01 1.158114e-01 -2.342760e-01 1.304796e-01 -2.625228e-01 4.485446e-02 -6.422767e-02 6.898441e-02 -5.683354e-02 -1.605915e-01 -2.880762e-01 -8.074211e-03 7.132138e-02 -7.999687e-02 -9.606253e-02 -1.876097e-01 -1.551954e-01 -4.834089e-02 -5.003520e-02 -3.328548e-02 -1.294344e-01 -5.118796e-03 1.934795e-02 -4.247576e-02 -2.254080e-01 -2.789240e-01 -1.341410e-01 -5.739325e-02 7.921340e-02 2.092701e-02 5.961080e-02
<VARIANCE> 52
 1.540996e+01 1.269786e+01 1.299925e+01 2.226451e+01 2.840344e+01 2.963911e+01 3.238763e+01 2.805762e+01 2.309325e+01 2.233338e+01 1.797797e+01 2.036199e+01 3.839365e+01 6.727034e-01 6.829193e-01 9.060238e-01 1.167274e+00 1.558386e+00 2.116100e+00 1.718364e+00 1.225060e+00 2.218033e+00 1.553825e+00 1.769708e+00 1.619919e+00 4.722233e-01 1.354747e-01 1.319327e-01 2.196433e-01 2.288019e-01 3.105237e-01 3.953750e-01 4.996096e-01 5.034949e-01 4.443482e-01 2.743306e-01 3.395316e-01 3.011974e-01 9.684314e-02 2.692810e-02 3.379025e-02 4.114731e-02 5.077588e-02 7.440450e-02 9.202029e-02 8.408981e-02 5.442482e-02 1.035219e-01 7.632484e-02 8.210533e-02 7.512411e-02 1.978090e-02
<GCONST> 8.400581e+01
<STATE> 5
<NUMMIXES> 3
<MIXTURE> 1 1.282250e-01
<MEAN> 52
 -9.392956e+00 -1.135337e+01 -8.727851e+00 -2.058671e+00 1.127766e+01 7.743106e+00 2.389830e+00 -6.222366e+00 -3.938581e+00 -3.509497e+00 5.281680e+00 4.659551e+00 6.349834e+01 4.688578e-01 5.426187e-01 -3.534218e-02 -3.367808e-01 -8.337066e-01 9.676751e-01 1.062684e-01 -7.019008e-01 -7.543746e-01 6.231172e-01 3.688040e-01 1.017507e+00 -1.247359e+00 -5.415502e-03 1.127563e+00 7.631101e-01 -7.688090e-02 -1.801700e+00 -1.431082e+00 -8.023716e-01 5.458106e-01 2.013870e-01 2.306174e-01 -9.343708e-01 -8.152505e-01 -1.135549e+00 -1.204855e-01 -1.295246e-01 3.005779e-02 1.796186e-02 9.186232e-02 -2.813715e-01 -3.448432e-02 1.517033e-01 1.880691e-01 -1.304219e-01 -5.892429e-02 -2.323435e-01 2.231994e-01
<VARIANCE> 52
 1.083272e+01 1.356872e+01 1.490313e+01 1.625452e+01 3.502815e+01 2.669322e+01 2.544246e+01 2.814347e+01 3.182717e+01 2.176344e+01 2.122292e+01 2.989077e+01 4.210475e+01 5.091618e-01 3.635655e+00 2.224566e+00 7.905121e-01 1.039147e+01 7.240254e+00 4.504788e+00 2.551412e+00 2.065388e+00 1.933328e+00 4.167928e+00 3.246999e+00 4.578310e+00 2.613359e-01 3.762663e-01 2.452320e-01 2.188737e-01 8.459144e-01 7.111189e-01 6.677487e-01 5.822291e-01 6.620525e-01 4.712090e-01 4.369971e-01 6.213006e-01 6.345835e-01 3.211204e-02 1.866376e-01 1.034909e-01 4.334978e-02 5.173768e-01 3.502015e-01 2.250749e-01 1.108525e-01 1.076834e-01 9.788555e-02 1.944825e-01 1.715357e-01 2.324861e-01
<GCONST> 1.146959e+02
<MIXTURE> 2 4.586903e-01
<MEAN> 52
 -8.737775e+00 -3.335015e+00 -3.262881e+00 -3.896648e+00 -2.692605e+00 -2.698214e+00 -3.706937e+00 -2.545042e+00 -2.246123e+00 -2.529069e+00 -2.609202e+00 -1.581523e+00 5.435341e+01 -2.898080e-01 -2.002093e-01 -1.377106e-02 -1.697052e-01 -4.945013e-01 -6.348938e-01 -1.078501e-01 5.248820e-01 2.652026e-01 -2.378659e-01 -3.542964e-01 -4.000361e-01 -6.361463e-02 -5.425467e-02 -2.162745e-01 -1.607696e-01 8.903540e-02 3.746385e-01 2.303244e-01 1.173742e-01 -3.380229e-03 9.560340e-02 1.110825e-01 2.267845e-01 1.600230e-01 2.575672e-01 5.423760e-02 3.061016e-02 -7.150591e-03 2.774068e-02 1.094770e-01 1.533596e-01 2.706875e-02 -1.141932e-01 -6.306291e-02 5.349777e-02 9.129884e-02 1.251689e-01 9.713889e-03
<VARIANCE> 52
 1.114620e+01 9.956425e+00 1.033929e+01 1.612160e+01 1.939174e+01 2.414080e+01 2.185526e+01 2.481085e+01 2.359069e+01 2.331313e+01 1.738268e+01 1.814035e+01 1.491661e+01 3.848863e-01 7.846337e-01 9.284754e-01 7.920114e-01 1.410369e+00 1.790693e+00 1.708199e+00 1.732188e+00 1.468421e+00 1.457013e+00 1.405893e+00 1.193112e+00 4.276158e-01 9.946834e-02 2.542333e-01 1.552300e-01 1.868528e-01 4.487360e-01 4.369355e-01 4.268993e-01 4.217667e-01 4.311072e-01 3.852274e-01 2.851846e-01 3.084418e-01 1.605101e-01 1.810751e-02 4.246614e-02 4.340106e-02 3.976867e-02 7.968564e-02 9.245262e-02 8.434591e-02 7.386263e-02 7.395721e-02 8.087315e-02 6.631216e-02 5.988616e-02 3.029631e-02
<GCONST> 7.925712e+01
<MIXTURE> 3 4.130847e-01
<MEAN> 52
 -9.420170e+00 -4.391511e+00 -3.746606e+00 -1.250406e+00 3.073395e-01 -9.575298e-01 -2.576673e+00 -1.532238e+00 -1.517678e+00 -9.715925e-01 -1.432257e+00 -6.172566e-01 5.435880e+01 -4.195144e-01 -3.218931e-01 -5.051301e-02 1.603907e-02 5.156219e-01 6.590847e-02 1.607453e-01 2.226689e-02 4.598263e-02 -2.981295e-01 2.461478e-01 6.328682e-02 6.274609e-01 -7.274849e-03 -5.569230e-02 -6.388065e-02 -7.466321e-02 8.736712e-02 1.261783e-01 1.074518e-01 -6.115402e-02 -4.184767e-02 -4.255572e-02 8.810990e-02 6.495228e-02 5.409557e-02 4.250640e-02 3.775956e-02 2.236941e-03 -2.183515e-02 -1.139204e-01 -1.378562e-02 -2.827541e-02 -9.511909e-03 -1.958035e-02 4.645898e-02 -1.366911e-02 2.108765e-02 -1.195478e-01
<VARIANCE> 52
 1.590651e+01 2.415182e+01 1.609274e+01 1.637922e+01 2.592302e+01 2.768591e+01 2.137423e+01 1.924213e+01 2.493094e+01 2.110098e+01 2.322315e+01 2.010165e+01 4.269400e+01 1.778549e+00 4.222555e+00 2.186960e+00 1.424080e+00 6.526555e+00 5.782257e+00 3.129937e+00 3.082355e+00 3.492469e+00 2.175376e+00 3.724928e+00 3.028886e+00 3.795753e+00 2.637804e-01 4.804127e-01 2.511075e-01 2.099884e-01 5.549412e-01 7.461886e-01 4.854079e-01 4.445778e-01 5.518401e-01 4.216782e-01 5.426413e-01 4.593358e-01 5.085827e-01 8.015706e-02 2.131687e-01 9.465814e-02 5.624639e-02 3.037910e-01 2.561845e-01 1.574829e-01 1.340935e-01 1.630254e-01 1.063747e-01 1.910936e-01 1.502827e-01 2.012737e-01
<GCONST> 1.148199e+02
<STATE> 6
<NUMMIXES> 3
<MIXTURE> 1 2.681348e-01
<MEAN> 52
 -1.232905e+01 -4.170140e+00 -2.939801e+00 -4.301530e+00 -2.075824e+00 -3.194586e+00 -2.412549e+00 -3.327459e-01 -1.864233e+00 -1.715814e+00 -1.327547e-01 -1.866405e-01 5.649853e+01 -5.413602e-01 7.829985e-02 -2.285164e-01 -8.636638e-01 -9.284995e-01 -1.031530e+00 -9.198318e-01 -8.006336e-01 -5.342630e-01 -1.345804e-01 8.995530e-02 -9.137723e-02 7.972663e-02 1.224816e-01 -2.073746e-02 1.170619e-02 5.592688e-02 -5.156117e-02 3.562298e-02 -1.397582e-01 -1.410957e-01 -4.065264e-02 -1.749645e-01 -2.062349e-01 -6.180341e-02 -2.755428e-02 9.261788e-02 9.238640e-03 7.273856e-02 1.779218e-01 1.829898e-01 2.064074e-01 2.019637e-01 1.906782e-01 1.089692e-01 2.273192e-02 -1.774164e-02 2.381963e-02 -1.171578e-02
<VARIANCE> 52
 1.365960e+01 1.957121e+01 1.966331e+01 1.972940e+01 1.867890e+01 2.863356e+01 2.984677e+01 3.173550e+01 3.085991e+01 3.182372e+01 2.459895e+01 1.878554e+01 1.854311e+01 6.318132e-01 1.005963e+00 1.519556e+00 1.009886e+00 1.595368e+00 1.797839e+00 1.763545e+00 2.402766e+00 1.819365e+00 2.948323e+00 1.836404e+00 1.515355e+00 7.289041e-01 1.337127e-01 1.649016e-01 2.320377e-01 2.530211e-01 2.989881e-01 4.389561e-01 4.037215e-01 5.368787e-01 4.721892e-01 6.130027e-01 4.038717e-01 3.069237e-01 9.037777e-02 2.239850e-02 3.805046e-02 5.993770e-02 4.087367e-02 7.484045e-02 8.418308e-02 8.374207e-02 1.042250e-01 8.784959e-02 1.429247e-01 9.151750e-02 7.235432e-02 2.471554e-02
<GCONST> 8.913602e+01
<MIXTURE> 2 3.707781e-01
<MEAN> 52
 -1.110050e+01 -4.105657e+00 -3.039688e+00 -3.397873e+00 -2.188888e+00 -2.946600e+00 -2.689143e+00 -4.074298e-01 -1.443717e+00 -3.193973e+00 -2.802542e+00 -8.636049e-01 5.566965e+01 6.964761e-02 8.654932e-02 1.672932e-02 1.901201e-01 2.718862e-01 4.410927e-01 6.759893e-01 7.455959e-01 7.778618e-01 1.173134e+00 6.356508e-01 1.626949e-01 -5.098140e-02 1.556737e-02 5.520556e-03 -5.039984e-02 -1.543930e-01 -1.399671e-01 -6.488382e-02 -1.584048e-01 -1.977623e-01 -6.222338e-02 1.400274e-01 2.194224e-01 7.223769e-02 -1.781651e-02 -2.854628e-02 -1.210865e-03 -5.479923e-03 -5.205949e-02 -7.305054e-02 -9.421194e-02 -1.481991e-01 -1.605316e-01 -1.720989e-01 -2.586783e-01 -1.513122e-01 -3.625711e-02 -1.236333e-03
<VARIANCE> 52
 1.443451e+01 1.711301e+01 1.412550e+01 2.198270e+01 1.514347e+01 2.064515e+01 2.339367e+01 2.825967e+01 2.583875e+01 2.231457e+01 2.022555e+01 1.785559e+01 1.545674e+01 3.644106e-01 5.599213e-01 6.685102e-01 8.996999e-01 1.107348e+00 1.091658e+00 1.480818e+00 1.644707e+00 1.782394e+00 1.409633e+00 1.176480e+00 1.365664e+00 2.042017e-01 8.203897e-02 1.212742e-01 1.545690e-01 1.911511e-01 2.233676e-01 2.720796e-01 3.323689e-01 3.538517e-01 4.294860e-01 3.922129e-01 2.686006e-01 2.469252e-01 4.817714e-02 1.469685e-02 2.678570e-02 3.311283e-02 4.113561e-02 5.433716e-02 5.127563e-02 6.973847e-02 7.611615e-02 8.180239e-02 6.646935e-02 5.530067e-02 6.217846e-02 9.175125e-03
<GCONST> 7.109048e+01
<MIXTURE> 3 3.610871e-01
<MEAN> 52
 -1.180352e+01 -4.634377e+00 -3.395101e+00 -4.945394e+00 -4.519089e+00 -4.671522e+00 -5.246745e+00 -2.191274e+00 -3.218899e+00 -3.381164e+00 -1.922811e+00 -7.472989e-01 5.654025e+01 9.052271e-02 1.049956e-01 7.758668e-02 3.593307e-01 3.752667e-01 3.685487e-01 1.428182e-01 -5.287055e-02 -3.722380e-01 -8.365670e-01 -7.271628e-01 -1.798732e-02 -9.075948e-02 6.835678e-02 5.850356e-02 2.315282e-02 1.114767e-01 2.074755e-01 2.161039e-01 2.278735e-01 1.290806e-01 1.904360e-01 2.149899e-01 9.052610e-02 3.836374e-02 -1.756840e-02 -2.671077e-02 -6.394685e-03 -2.115732e-02 -8.373687e-02 -1.061524e-01 -9.877781e-02 -2.324031e-02 2.057113e-02 9.185721e-02 1.919604e-01 1.438226e-01 -3.893932e-03 4.586590e-03
<VARIANCE> 52
 1.305715e+01 1.804460e+01 1.333354e+01 1.970609e+01 2.035022e+01 2.057428e+01 2.453248e+01 2.539974e+01 2.471318e+01 2.377133e+01 2.227137e+01 1.765436e+01 1.213294e+01 5.041371e-01 5.675162e-01 7.067776e-01 6.856472e-01 1.102870e+00 1.316563e+00 1.193776e+00 1.411044e+00 1.599247e+00 1.274634e+00 1.240402e+00 1.305018e+00 2.709190e-01 8.804645e-02 1.089484e-01 1.677237e-01 1.766046e-01 2.639027e-01 2.864682e-01 2.868351e-01 3.309162e-01 3.079106e-01 4.142522e-01 3.203430e-01 2.428608e-01 4.446877e-02 2.133768e-02 2.523809e-02 3.570733e-02 3.407262e-02 5.194292e-02 6.741887e-02 6.036830e-02 6.991493e-02 7.329069e-02 6.441182e-02 5.890238e-02 5.891472e-02 1.012177e-02
<GCONST> 7.092552e+01
<STATE> 7
<NUMMIXES> 3
<MIXTURE> 1 1.280349e-01
<MEAN> 52
 -1.124143e+01 -1.651068e+00 -6.757352e-01 -2.770952e+00 -2.220935e+00 -2.347402e+00 -2.663716e+00 -1.102447e+00 -1.103441e+00 -2.408995e+00 -2.912911e-01 2.283979e-01 5.700211e+01 2.646263e-01 8.717758e-02 7.784474e-01 4.551814e-01 -3.230999e-01 5.599677e-02 6.706818e-02 5.230682e-01 4.063166e-01 4.947374e-01 4.570948e-01 5.554688e-02 3.052061e-01 9.596011e-02 -9.401128e-02 -1.013127e-01 -6.564409e-02 1.578816e-03 -2.912324e-02 -1.033076e-01 -3.060739e-02 -6.966672e-02 5.156862e-02 -4.592971e-03 -6.454762e-02 -5.258910e-02 -3.391065e-02 1.257357e-03 -9.103365e-02 -7.482970e-02 1.664693e-02 -3.831173e-02 -4.295427e-02 -1.124981e-01 -8.476458e-02 -1.205282e-01 -3.182413e-02 1.260339e-02 -9.337324e-03
<VARIANCE> 52
 2.420695e+01 2.328834e+01 4.923811e+01 2.556003e+01 3.815080e+01 2.609888e+01 2.428604e+01 3.667441e+01 3.551926e+01 2.474152e+01 3.783368e+01 2.282154e+01 6.060115e+01 1.883781e+00 1.222408e+00 2.638983e+00 1.729109e+00 3.344181e+00 4.089809e+00 2.371315e+00 2.690885e+00 3.280375e+00 2.011376e+00 3.080735e+00 2.286457e+00 1.517509e+00 3.109445e-01 1.353116e-01 4.892466e-01 3.433471e-01 5.615463e-01 4.970295e-01 3.529091e-01 4.701091e-01 6.175748e-01 4.415819e-01 5.953692e-01 4.260372e-01 2.018183e-01 7.720682e-02 4.502534e-02 9.268686e-02 8.441027e-02 1.403715e-01 1.821824e-01 9.481501e-02 1.206497e-01 1.583100e-01 9.228756e-02 1.406839e-01 1.142316e-01 4.203153e-02
<GCONST> 1.089866e+02
<MIXTURE> 2 3.752371e-01
<MEAN> 52
 -5.974172e+00 -4.781119e+00 -7.777689e+00 -8.834073e+00 -3.611846e+00 -1.222056e-01 -3.833329e+00 -2.219977e+00 -1.071036e+00 5.540401e-01 -2.981729e+00 -4.282271e+00 5.507979e+01 6.791878e-03 4.825696e-02 2.587364e-01 5.645838e-01 6.781051e-01 4.442092e-01 1.687657e-01 -1.739813e-01 -2.953815e-01 -2.228853e-01 -4.585853e-01 -1.796547e-01 -5.191137e-02 -4.896398e-02 1.474935e-02 9.512430e-02 6.737764e-02 -3.611477e-02 -9.366974e-02 -4.326652e-03 1.963058e-02 4.935556e-03 -9.826757e-02 -4.012135e-02 8.907504e-02 -9.311154e-03 -1.028985e-03 -1.217306e-02 -5.988793e-02 -1.166614e-01 -1.366294e-01 -9.765462e-02 -2.606110e-02 5.142944e-02 6.881784e-02 4.219221e-02 8.457239e-02 2.519187e-02 -2.742766e-03
<VARIANCE> 52
 4.375895e+00 8.909450e+00 1.905290e+01 2.885111e+01 1.470204e+01 2.346332e+01 2.143531e+01 1.961147e+01 1.927621e+01 3.147395e+01 2.706271e+01 2.003147e+01 1.460146e+01 2.262208e-01 4.521362e-01 6.399348e-01 6.814544e-01 6.978351e-01 1.383827e+00 1.284160e+00 1.465611e+00 1.448809e+00 1.886224e+00 1.278580e+00 1.607131e+00 6.197829e-02 3.484984e-02 7.397383e-02 1.382471e-01 1.801116e-01 2.258095e-01 2.860922e-01 2.683921e-01 3.048288e-01 3.053366e-01 3.843983e-01 2.989506e-01 2.964968e-01 1.126214e-02 7.800249e-03 1.615800e-02 3.040609e-02 3.044005e-02 3.583431e-02 6.385989e-02 6.059621e-02 7.502791e-02 6.949349e-02 9.152205e-02 5.543965e-02 7.490302e-02 2.292682e-03
<GCONST> 6.123798e+01
<MIXTURE> 3 4.967279e-01
<MEAN> 52
 -8.379749e+00 -4.077767e+00 -5.090574e+00 -6.073822e+00 -3.632647e+00 -2.089714e+00 -3.539728e+00 -1.990181e+00 -1.147347e+00 -8.154550e-01 -3.262589e+00 -2.372675e+00 5.443371e+01 6.980192e-02 -7.811093e-02 -3.425404e-01 -5.510507e-01 -6.644199e-01 -4.773315e-01 -3.989641e-01 -3.244777e-02 3.706143e-01 4.307363e-01 5.373157e-01 2.170099e-01 -1.341527e-01 1.008266e-02 2.048644e-02 1.174494e-02 3.171001e-02 5.128881e-02 5.833212e-02 -1.393409e-03 -3.594476e-02 -5.635072e-02 -3.623546e-02 2.018807e-02 5.789480e-03 1.089556e-02 -9.788125e-03 2.195818e-02 8.057797e-02 1.336811e-01 1.509650e-01 1.164257e-01 8.620597e-02 8.702409e-03 -7.735310e-02 -8.199215e-02 -1.283859e-01 -4.244356e-02 1.216118e-02
<VARIANCE> 52
 1.273829e+01 1.204292e+01 2.029338e+01 2.378382e+01 1.557754e+01 2.321970e+01 2.018576e+01 2.058778e+01 2.037700e+01 2.355690e+01 2.231524e+01 2.113882e+01 1.312756e+01 2.568118e-01 3.742865e-01 5.290878e-01 5.780644e-01 6.731907e-01 1.024028e+00 1.352340e+00 1.438683e+00 1.496758e+00 1.445863e+00 1.289955e+00 1.331347e+00 8.456178e-02 4.704564e-02 7.179058e-02 1.377714e-01 1.907011e-01 2.284602e-01 2.944787e-01 2.758314e-01 3.090189e-01 3.171887e-01 3.440697e-01 2.730453e-01 2.879109e-01 1.369996e-02 9.965053e-03 1.765628e-02 2.424453e-02 2.940847e-02 3.381292e-02 4.616266e-02 6.052456e-02 6.773630e-02 7.152898e-02 6.947672e-02 5.748292e-02 6.343435e-02 3.861788e-03
<GCONST> 6.135111e+01
<STATE> 8
<NUMMIXES> 3
<MIXTURE> 1 1.572908e-01
<MEAN> 52
 -1.287275e+01 -6.185036e+00 -2.916366e+00 -2.280018e+00 -2.943624e+00 -4.196103e+00 -4.329248e+00 3.181152e+00 4.671095e-01 -7.653348e-01 -6.247061e-01 -1.238137e+00 5.801486e+01 3.147225e-01 1.217945e-01 -5.771884e-02 -9.027316e-02 -3.297945e-02 1.557253e-01 -8.540413e-02 -7.286267e-02 -1.410696e-02 3.244169e-02 -5.209575e-04 -3.059187e-02 -2.793380e-01 3.100412e-02 4.733246e-02 -5.888323e-03 -4.393403e-03 1.052153e-01 1.236120e-01 9.130134e-04 -2.110339e-01 -1.393086e-01 -6.798847e-02 -6.635540e-02 -4.338399e-03 -2.450407e-03 -2.580995e-02 -1.348149e-02 1.387210e-02 1.698161e-02 -8.137506e-03 -1.628008e-02 5.779147e-03 -9.284805e-03 -6.474007e-03 -1.011700e-02 -1.765709e-02 -2.211314e-03 3.683193e-02
<VARIANCE> 52
 2.276140e+01 2.219598e+01 1.757132e+01 1.242701e+01 2.437823e+01 3.421172e+01 2.185690e+01 2.766524e+01 2.316845e+01 2.323876e+01 3.262074e+01 2.655666e+01 4.065052e+01 3.316382e-01 5.456575e-01 9.612115e-01 7.538723e-01 1.313793e+00 1.891264e+00 1.231383e+00 1.511084e+00 2.285229e+00 2.063520e+00 1.741867e+00 1.747212e+00 2.907140e-01 5.585678e-02 1.052631e-01 1.766195e-01 1.449189e-01 2.776966e-01 3.691018e-01 2.788343e-01 3.188856e-01 2.990055e-01 3.402246e-01 3.118681e-01 3.849826e-01 7.961982e-02 1.442232e-02 2.183371e-02 3.988480e-02 3.005614e-02 5.698115e-02 7.273152e-02 6.068990e-02 7.075565e-02 9.671611e-02 9.625360e-02 7.426319e-02 8.776353e-02 1.209413e-02
<GCONST> 7.771104e+01
<MIXTURE> 2 4.124723e-01
<MEAN> 52
 -9.754367e+00 -3.051229e+00 -3.669372e+00 -4.372591e+00 -2.902718e+00 -2.320534e+00 -3.924863e+00 -2.091600e+00 -1.278013e+00 -1.343856e+00 -2.420407e+00 -1.026240e+00 5.293830e+01 7.057075e-02 2.005657e-02 2.269187e-02 2.316352e-02 -1.075755e-01 -3.888831e-01 -7.111799e-01 -8.545495e-01 -6.014246e-01 -3.715417e-01 -2.010377e-01 -7.351652e-02 -9.164434e-02 -5.408496e-03 -1.026893e-02 1.833165e-03 2.725745e-03 -1.019456e-02 -7.049631e-04 3.339680e-02 8.785884e-03 9.321225e-03 3.021654e-02 3.938903e-02 -1.212969e-03 1.471070e-02 -3.256275e-04 4.435503e-03 -3.493723e-03 3.740027e-03 2.407155e-02 9.335982e-02 1.603386e-01 1.858545e-01 1.430933e-01 9.686719e-02 5.202956e-02 1.682738e-02 2.810464e-03
<VARIANCE> 52
 9.686330e+00 6.425857e+00 7.099950e+00 1.124080e+01 1.039997e+01 1.522647e+01 1.401100e+01 2.019806e+01 1.946657e+01 1.636057e+01 1.463208e+01 1.496699e+01 8.624434e+00 1.380666e-01 2.286923e-01 4.645365e-01 6.883875e-01 7.544106e-01 1.012223e+00 8.468035e-01 8.879482e-01 1.169688e+00 1.238679e+00 1.110027e+00 1.264122e+00 6.046185e-02 2.559095e-02 4.693616e-02 9.160893e-02 1.463747e-01 1.550286e-01 2.304272e-01 2.659008e-01 3.034887e-01 3.326248e-01 2.821085e-01 2.149569e-01 2.614029e-01 9.210110e-03 5.840340e-03 1.016343e-02 2.063799e-02 3.278614e-02 3.597429e-02 4.922082e-02 3.916222e-02 4.134969e-02 5.559807e-02 5.657354e-02 4.645994e-02 6.090406e-02 2.320940e-03
<GCONST> 4.654565e+01
<MIXTURE> 3 4.302369e-01
<MEAN> 52
 -9.612097e+00 -3.100912e+00 -3.833969e+00 -4.473943e+00 -2.991178e+00 -2.480513e+00 -4.235937e+00 -2.565764e+00 -9.534672e-01 -9.134676e-01 -1.982713e+00 -1.242554e+00 5.321025e+01 8.094086e-02 5.993641e-02 6.716106e-02 1.101536e-01 2.013893e-01 5.114359e-01 7.308449e-01 7.215930e-01 5.200313e-01 2.886935e-01 1.966480e-01 9.683557e-02 -1.036891e-01 -1.344441e-02 6.095510e-04 -8.558699e-03 -4.164445e-03 3.189900e-02 4.658810e-02 4.951399e-02 4.373108e-02 -5.581858e-02 -7.085243e-02 -4.640771e-02 -4.499250e-03 9.266373e-03 -2.247276e-03 -1.380560e-03 -9.848385e-03 -1.668207e-02 -4.250574e-02 -1.061627e-01 -1.735999e-01 -1.732086e-01 -1.171655e-01 -6.422343e-02 -3.855061e-02 -1.958182e-02 5.473397e-03
<VARIANCE> 52
 1.030190e+01 7.506038e+00 7.147852e+00 1.222189e+01 1.193359e+01 1.545399e+01 1.667134e+01 1.977923e+01 1.805566e+01 1.608054e+01 1.506383e+01 1.357158e+01 8.019293e+00 1.694283e-01 2.974592e-01 4.788904e-01 7.977934e-01 7.331609e-01 9.867891e-01 8.841997e-01 8.997167e-01 1.254423e+00 1.104057e+00 1.074155e+00 1.173678e+00 6.368273e-02 2.707832e-02 5.031458e-02 8.870602e-02 1.496099e-01 1.649641e-01 2.374477e-01 2.933771e-01 2.828282e-01 3.166168e-01 2.564001e-01 2.202321e-01 2.269945e-01 9.855988e-03 6.520624e-03 1.315865e-02 2.099649e-02 3.602592e-02 3.375716e-02 4.629861e-02 4.371388e-02 4.176562e-02 5.976155e-02 5.428741e-02 4.715041e-02 5.634174e-02 2.596446e-03
<GCONST> 4.806860e+01
<STATE> 9
<NUMMIXES> 3
<MIXTURE> 1 1.627286e-01
<MEAN> 52
 -5.340248e+00 8.945389e-01 2.762983e+00 -4.163953e+00 -7.595230e+00 -1.756752e+00 -5.393346e+00 -7.084942e+00 -2.824746e+00 -3.603187e+00 4.179549e-01 1.069030e-02 5.897360e+01 -9.006792e-02 -2.072261e-01 -2.601066e-01 1.771234e-01 1.378223e-01 3.184963e-01 1.535808e-01 4.482478e-03 3.634251e-01 -1.405955e-02 6.524343e-02 6.341077e-02 -2.471272e-01 -8.254582e-02 -8.251055e-02 2.490890e-02 1.105536e-01 9.979428e-02 4.988571e-02 9.792842e-02 3.338930e-02 -1.940403e-02 -9.142882e-04 -4.115320e-02 -1.058558e-02 5.358418e-02 2.219565e-02 1.790688e-02 3.242226e-02 -4.418804e-02 -4.092392e-02 -4.850795e-02 -6.786870e-02 -1.157377e-02 -7.562757e-02 -3.361191e-04 -5.243656e-02 -1.635439e-02 3.187128e-02
<VARIANCE> 52
 2.377585e+01 3.863020e+01 1.044531e+02 9.014744e+01 3.571337e+01 2.948431e+01 2.242282e+01 5.835683e+01 2.890218e+01 3.239848e+01 3.166007e+01 1.796227e+01 9.934372e+01 5.325997e-01 1.222862e+00 1.839940e+00 1.428053e+00 1.743739e+00 3.123584e+00 2.587114e+00 1.873349e+00 1.395048e+00 2.164838e+00 2.210162e+00 1.600107e+00 1.058383e+00 1.016119e-01 1.673037e-01 2.507701e-01 1.879752e-01 4.435197e-01 7.108686e-01 4.878285e-01 4.430436e-01 3.227018e-01 4.170249e-01 3.315916e-01 4.059655e-01 1.430599e-01 2.121252e-02 3.705489e-02 5.707605e-02 4.583625e-02 9.610088e-02 1.472701e-01 1.143306e-01 8.178129e-02 6.560285e-02 9.238861e-02 6.624842e-02 7.405090e-02 2.080983e-02
<GCONST> 9.760699e+01
<MIXTURE> 2 4.560540e-01
<MEAN> 52
 -1.018352e+01 -1.473721e+00 -3.113376e+00 -2.115986e+00 1.723213e-02 1.046228e+00 -2.218904e+00 -4.999061e-01 -5.013376e-01 -1.085696e+00 -7.816992e-01 4.324109e-01 4.536391e+01 2.368602e-02 2.125301e-01 2.582142e-01 3.383358e-01 3.203527e-01 1.773092e-01 8.783081e-02 1.031348e-01 9.408887e-03 1.782430e-01 1.891040e-01 1.214515e-01 2.713972e-02 3.778843e-03 -3.566592e-02 -4.389253e-02 -9.658360e-02 -1.136382e-01 -1.878998e-01 -5.730936e-02 -5.939149e-02 -6.590010e-02 -3.382530e-02 -1.069139e-01 -6.746846e-02 4.949691e-02 -4.609452e-05 -2.915126e-02 -4.535406e-02 -7.503048e-02 -7.695634e-02 -4.158940e-02 -2.529978e-02 -2.327547e-02 -1.340012e-02 -3.178198e-02 -4.968069e-02 -3.285638e-02 1.193588e-02
<VARIANCE> 52
 7.944328e+00 5.364792e+00 1.296124e+01 1.403568e+01 1.152982e+01 1.260670e+01 1.357799e+01 1.764112e+01 1.690339e+01 1.659368e+01 1.512752e+01 1.369290e+01 5.270243e+01 2.318722e-01 3.829503e-01 5.822519e-01 8.201538e-01 1.199636e+00 1.630527e+00 1.298069e+00 1.254590e+00 1.744003e+00 1.804813e+00 1.531995e+00 1.462366e+00 9.742664e-02 5.238241e-02 1.011090e-01 1.199371e-01 1.730394e-01 2.616439e-01 3.177923e-01 2.483267e-01 2.952283e-01 3.780438e-01 3.716384e-01 3.404850e-01 2.682042e-01 2.436415e-02 1.196931e-02 1.846818e-02 2.240624e-02 3.843889e-02 6.332024e-02 8.419492e-02 6.446565e-02 6.562515e-02 9.074866e-02 9.710015e-02 7.916847e-02 6.973416e-02 7.239090e-03
<GCONST> 6.422108e+01
<MIXTURE> 3 3.812173e-01
<MEAN> 52
 -8.969133e+00 -2.921736e+00 -4.736348e+00 -3.825035e+00 -2.563024e+00 -1.647809e+00 -3.250595e+00 -1.893157e+00 -1.868456e+00 -1.333490e+00 -2.214442e+00 -1.024618e+00 5.105666e+01 -1.225506e-01 -3.276075e-01 -5.650836e-01 -6.722059e-01 -5.189525e-01 -1.380248e-01 -1.046592e-01 -2.534817e-01 -3.771690e-01 -3.972690e-01 -5.591503e-01 -2.156471e-01 -5.157091e-02 -2.440398e-02 4.577314e-02 9.249669e-02 9.842946e-02 7.244720e-02 6.490522e-02 -7.483411e-03 6.903783e-02 9.367434e-02 3.471168e-03 -2.591831e-02 -2.851889e-02 8.444925e-02 5.326995e-02 1.191259e-01 1.605385e-01 1.702226e-01 1.272344e-01 3.816220e-02 -1.701708e-02 2.837829e-02 6.353442e-02 8.017527e-02 1.102865e-01 4.947999e-02 7.413556e-02
<VARIANCE> 52
 8.229112e+00 7.320196e+00 9.918500e+00 1.296961e+01 1.473632e+01 1.444036e+01 1.639179e+01 1.614111e+01 1.787384e+01 1.911547e+01 1.785983e+01 1.913789e+01 2.644820e+01 3.141676e-01 4.378520e-01 6.520967e-01 8.042776e-01 1.119570e+00 1.708166e+00 1.333468e+00 1.978199e+00 1.570571e+00 1.376021e+00 1.545210e+00 1.492292e+00 1.466077e-01 5.994464e-02 9.408150e-02 1.373267e-01 1.948018e-01 2.496711e-01 2.525738e-01 2.777181e-01 3.333435e-01 3.534787e-01 3.064560e-01 2.989112e-01 3.073012e-01 3.475428e-02 2.113659e-02 2.129653e-02 2.752655e-02 3.687811e-02 5.987682e-02 7.974429e-02 7.154504e-02 9.594546e-02 7.805603e-02 5.824326e-02 7.184886e-02 7.166293e-02 1.576342e-02
<GCONST> 6.743301e+01
<STATE> 10
<NUMMIXES> 3
<MIXTURE> 1 3.071643e-01
<MEAN> 52
 -9.263351e+00 -3.367796e+00 -4.385138e+00 -5.391874e+00 -4.201709e+00 -3.417506e+00 -4.019045e+00 -2.029330e+00 -1.835524e+00 -2.427330e+00 -3.163876e+00 -1.750030e+00 5.396833e+01 1.071133e-02 2.107882e-01 3.309414e-01 2.332264e-01 -4.423524e-02 -5.863273e-02 1.380024e-01 1.203875e-01 -9.369155e-02 1.512075e-01 2.530810e-01 1.422612e-01 8.342137e-03 1.191990e-02 7.537508e-03 9.441107e-02 1.262260e-01 1.471438e-01 7.900515e-02 -8.842318e-03 9.073605e-02 8.154564e-02 1.393264e-01 9.820226e-02 7.715198e-02 4.974073e-02 1.028819e-03 -1.596982e-02 -3.134197e-02 -3.382429e-02 2.482024e-02 1.311031e-02 -3.022685e-02 -2.275275e-02 1.487907e-02 -2.751885e-02 -5.669620e-02 -2.871540e-02 3.013635e-02
<VARIANCE> 52
 8.406169e+00 9.066426e+00 1.049859e+01 8.494014e+00 1.568406e+01 2.235130e+01 1.960967e+01 1.831757e+01 1.582628e+01 1.929408e+01 2.279490e+01 1.829687e+01 1.097715e+01 3.096787e-01 2.937509e-01 6.670455e-01 7.446417e-01 1.004911e+00 1.182284e+00 1.343012e+00 1.737668e+00 1.366808e+00 1.881444e+00 2.473081e+00 1.588486e+00 1.371285e-01 5.510059e-02 8.329132e-02 1.584712e-01 2.085049e-01 2.510320e-01 2.587560e-01 2.409119e-01 4.056166e-01 2.588703e-01 3.275113e-01 5.138678e-01 2.655089e-01 2.441539e-02 1.328051e-02 1.455968e-02 3.707035e-02 3.186676e-02 3.713549e-02 4.174276e-02 5.214685e-02 6.381263e-02 4.637238e-02 7.869605e-02 1.124835e-01 5.931838e-02 6.762521e-03
<GCONST> 6.342433e+01
<MIXTURE> 2 3.239891e-01
<MEAN> 52
 -9.609510e+00 -3.936252e+00 -4.047171e+00 -4.181366e+00 -2.780832e+00 -1.626867e+00 -3.226679e+00 -9.126816e-01 -1.872431e+00 -1.662519e+00 -2.585553e+00 -7.130536e-01 5.293816e+01 -1.114220e-01 1.764569e-01 1.834504e-01 4.850007e-02 1.718041e-01 3.785573e-01 1.937265e-01 6.726646e-01 6.281778e-01 5.952390e-01 1.046203e-01 1.678894e-01 7.304926e-02 2.033167e-01 3.615107e-01 4.309895e-01 2.094539e-01 5.646711e-02 -1.253814e-01 -2.380398e-01 -3.043748e-01 -1.118848e-01 -6.414876e-02 2.439141e-02 -7.802285e-02 4.445374e-01 1.343895e-01 8.537358e-02 2.041797e-01 3.914120e-02 -1.268732e-01 -1.688577e-01 -2.062595e-01 -2.204882e-01 -2.423085e-01 -1.688724e-01 -2.715777e-02 -4.176025e-02 2.157244e-01
<VARIANCE> 52
 7.592745e+00 1.419591e+01 1.465832e+01 1.414797e+01 1.759665e+01 2.148188e+01 2.639321e+01 2.614009e+01 2.163498e+01 2.561768e+01 2.082271e+01 2.016052e+01 1.547359e+01 2.427785e-01 6.097110e-01 9.278307e-01 1.044818e+00 1.355125e+00 1.985921e+00 1.847052e+00 1.888390e+00 1.596018e+00 1.434684e+00 1.679490e+00 1.228742e+00 2.881197e-01 2.138674e-01 1.759244e-01 2.575423e-01 2.719461e-01 3.748101e-01 4.916694e-01 5.662271e-01 4.952007e-01 4.306586e-01 3.822578e-01 3.951652e-01 2.990119e-01 2.033322e-01 2.379589e-02 4.145026e-02 6.203833e-02 5.959194e-02 8.586951e-02 9.594444e-02 8.922678e-02 9.749358e-02 7.009575e-02 8.002638e-02 8.650009e-02 6.982212e-02 2.288554e-02
<GCONST> 8.318919e+01
<MIXTURE> 3 3.688467e-01
<MEAN> 52
 -9.719449e+00 -3.203075e+00 -2.835584e+00 -2.920156e+00 -1.643439e+00 -1.035985e+00 -2.964959e+00 -1.899046e+00 -2.355780e+00 -1.635655e+00 -1.924921e+00 -1.762006e-01 5.379995e+01 3.763674e-01 6.009305e-01 7.150797e-01 6.811603e-01 5.323120e-01 1.040220e-01 -5.906675e-01 -6.935691e-01 -7.355286e-01 -4.914406e-01 -5.681262e-01 -4.940257e-01 5.643703e-01 2.801554e-01 2.235521e-01 3.149743e-01 8.190586e-02 -1.924587e-01 -2.963063e-01 -3.977763e-01 -1.196599e-01 -2.207260e-01 -1.378173e-01 -1.475420e-01 -9.472225e-02 3.702289e-01 -3.626870e-02 -1.078395e-01 -2.334364e-02 -1.173574e-01 -1.778147e-01 -4.034671e-02 -9.299623e-04 1.311785e-01 1.084484e-01 9.253410e-02 9.258620e-02 8.986947e-02 6.183279e-02
<VARIANCE> 52
 1.020081e+01 1.603476e+01 1.776580e+01 2.052281e+01 2.908773e+01 2.329407e+01 2.561052e+01 2.640025e+01 2.176610e+01 2.536660e+01 2.197564e+01 1.661122e+01 2.119409e+01 1.155210e+00 2.061545e+00 1.740574e+00 2.018613e+00 2.850860e+00 2.137038e+00 2.123069e+00 2.063690e+00 1.948760e+00 2.132224e+00 2.002533e+00 1.608183e+00 8.064918e-01 3.355298e-01 3.277324e-01 3.807274e-01 4.190719e-01 5.619578e-01 4.812492e-01 6.060594e-01 6.257476e-01 4.629282e-01 5.089526e-01 4.619441e-01 3.939448e-01 3.085258e-01 4.039755e-02 7.991002e-02 5.652720e-02 7.991108e-02 1.294360e-01 8.542932e-02 1.051888e-01 9.664368e-02 8.169731e-02 9.717823e-02 8.552783e-02 7.686953e-02 5.166072e-02
<GCONST> 9.895734e+01
<STATE> 11
<NUMMIXES> 3
<MIXTURE> 1 4.984174e-01
<MEAN> 52
 -8.145489e+00 1.827938e-01 3.348580e-02 -1.388299e+00 -5.665247e-01 -8.575355e-01 -4.432833e+00 -3.536539e+00 -4.258047e+00 -2.343124e+00 -2.850179e+00 -8.124483e-01 5.603151e+01 2.122816e+00 2.021147e+00 2.716538e+00 8.452835e-01 -8.289976e-01 -1.381873e+00 -2.176332e+00 -9.404237e-01 -1.311475e+00 -4.813926e-01 -6.012270e-01 -3.238639e-01 2.265390e+00 2.604823e-01 -1.480669e-01 4.577415e-01 -2.755684e-01 -7.105407e-01 -3.975615e-01 -5.287915e-01 4.615606e-02 -1.178098e-01 6.610115e-02 -7.618663e-03 4.576388e-02 6.727338e-01 -3.484445e-01 -3.869497e-01 -3.169022e-01 -2.112367e-01 -4.793390e-02 2.247544e-01 2.683238e-01 1.826134e-01 1.927057e-01 1.102172e-01 1.262438e-01 6.940369e-02 -1.344793e-01
<VARIANCE> 52
 2.033444e+01 3.327977e+01 3.163464e+01 2.470547e+01 3.329904e+01 3.678457e+01 3.515265e+01 2.990394e+01 2.770624e+01 2.840685e+01 3.120175e+01 2.480974e+01 4.007188e+01 1.786895e+00 2.482457e+00 4.517968e+00 4.042065e+00 5.372589e+00 5.571170e+00 5.668708e+00 5.040733e+00 4.359871e+00 3.374021e+00 3.552723e+00 3.481182e+00 3.504472e+00 4.354692e-01 8.703113e-01 7.287324e-01 4.873100e-01 7.011608e-01 7.104307e-01 8.663776e-01 6.670420e-01 6.149978e-01 6.432237e-01 6.078981e-01 4.771450e-01 6.348377e-01 6.763040e-02 9.899881e-02 1.506668e-01 1.132969e-01 2.300663e-01 2.268907e-01 2.223598e-01 2.113109e-01 1.627404e-01 1.611470e-01 1.357139e-01 1.560027e-01 1.409464e-01
<GCONST> 1.270177e+02
<MIXTURE> 2 2.280266e-01
<MEAN> 52
 -8.955704e+00 -2.603107e+00 -3.495891e+00 -3.335646e+00 -1.009037e+00 -5.308902e-01 -2.720174e+00 -2.120225e+00 -3.185357e-01 -8.190533e-01 -1.250932e+00 -3.086651e-01 5.388415e+01 2.720204e-02 -1.163995e-01 -5.789809e-02 1.314021e-01 6.536313e-01 3.110605e-01 1.139447e-02 1.084445e-01 2.280101e-01 -2.956248e-02 -3.624210e-02 7.650471e-02 2.878658e-01 -3.914269e-02 -5.675265e-02 -9.480542e-02 -6.254908e-02 -1.057353e-02 7.837242e-04 -4.883837e-02 1.818704e-02 9.394587e-03 -1.320650e-01 -8.334190e-02 -3.072522e-02 -7.959662e-03 -7.356816e-03 1.007379e-02 5.679073e-03 -2.907394e-02 -6.794997e-02 -1.367931e-02 2.435171e-03 -8.987707e-03 -4.144836e-02 -1.539453e-02 -3.729900e-03 -8.911744e-03 -2.062109e-02
<VARIANCE> 52
 1.649785e+01 6.166445e+00 9.070210e+00 1.066096e+01 1.999858e+01 1.648362e+01 1.603744e+01 1.816149e+01 1.431746e+01 2.148563e+01 1.740298e+01 1.749463e+01 1.302628e+01 3.624229e-01 2.705458e-01 6.680484e-01 1.014331e+00 3.623643e+00 1.853823e+00 1.878995e+00 2.289529e+00 1.428093e+00 1.932087e+00 2.147642e+00 1.596319e+00 6.620128e-01 3.217105e-02 3.396280e-02 8.065643e-02 8.025106e-02 2.150337e-01 1.567167e-01 1.431095e-01 1.645214e-01 1.946075e-01 2.497151e-01 1.636258e-01 1.254309e-01 4.967940e-02 4.965946e-03 5.280501e-03 1.514211e-02 1.627425e-02 3.914679e-02 1.709153e-02 2.842104e-02 2.842145e-02 2.873992e-02 3.130714e-02 3.577641e-02 2.859566e-02 6.375023e-03
<GCONST> 5.158416e+01
<MIXTURE> 3 2.735559e-01
<MEAN> 52
 -9.766039e+00 -2.501277e+00 -3.420896e+00 -3.534214e+00 -2.724104e+00 -1.336945e+00 -3.107158e+00 -3.113175e+00 -2.365279e+00 -1.695994e+00 -2.884232e+00 -1.890617e+00 5.497232e+01 -1.340396e+00 -5.873220e-02 2.639677e-01 -5.657712e-02 -4.327832e-01 -3.527606e-01 2.812053e-02 -7.763905e-01 -1.268710e-01 -2.580254e-01 7.611040e-01 -1.757453e-02 2.777570e+00 2.445825e-01 3.200073e-01 9.490260e-01 4.557960e-02 -4.853435e-01 1.393356e-02 -3.423003e-01 -1.457171e-01 -5.205469e-01 -1.602535e-01 3.157590e-01 4.644322e-02 7.907255e-01 3.203091e-01 8.333096e-02 2.217447e-01 1.393151e-02 -1.245413e-01 6.691659e-02 -1.512649e-01 1.632237e-01 -1.786729e-01 7.403601e-03 -1.165281e-01 -3.520550e-02 -2.902546e-01
<VARIANCE> 52
 1.223960e+01 2.143422e+01 1.831345e+01 2.302171e+01 3.179410e+01 2.352936e+01 2.852153e+01 2.856764e+01 2.340629e+01 1.616522e+01 1.762197e+01 1.856718e+01 3.342731e+01 8.489695e-01 3.167862e+00 4.072008e+00 2.348212e+00 4.736912e+00 3.980529e+00 3.921105e+00 3.159901e+00 3.198734e+00 2.255358e+00 2.268349e+00 1.842012e+00 3.187771e+00 2.988816e-01 3.996979e-01 9.612746e-01 4.795344e-01 7.731354e-01 6.537386e-01 7.824889e-01 5.674456e-01 7.209280e-01 5.978547e-01 4.097637e-01 5.570498e-01 5.734007e-01 3.477244e-02 1.461022e-01 1.556886e-01 1.045854e-01 1.996929e-01 1.850060e-01 1.793216e-01 1.385230e-01 1.243823e-01 1.194410e-01 1.035733e-01 1.079908e-01 1.217568e-01
<GCONST> 1.145353e+02
<TRANSP> 12
 0.000000e+00 1.000000e+00 0.000000e+00 0.000000e+00 0.000000e+00 0.000000e+00 0.000000e+00 0.000000e+00 0.000000e+00 0.000000e+00 0.000000e+00 0.000000e+00
 0.000000e+00 6.291553e-01 3.708447e-01 0.000000e+00 0.000000e+00 0.000000e+00 0.000000e+00 0.000000e+00 0.000000e+00 0.000000e+00 0.000000e+00 0.000000e+00
 0.000000e+00 0.000000e+00 8.910727e-01 1.089273e-01 0.000000e+00 0.000000e+00 0.000000e+00 0.000000e+00 0.000000e+00 0.000000e+00 0.000000e+00 0.000000e+00
 0.000000e+00 0.000000e+00 0.000000e+00 7.346762e-01 2.653237e-01 0.000000e+00 0.000000e+00 0.000000e+00 0.000000e+00 0.000000e+00 0.000000e+00 0.000000e+00
 0.000000e+00 0.000000e+00 0.000000e+00 0.000000e+00 7.505828e-01 2.494172e-01 0.000000e+00 0.000000e+00 0.000000e+00 0.000000e+00 0.000000e+00 0.000000e+00
 0.000000e+00 0.000000e+00 0.000000e+00 0.000000e+00 0.000000e+00 8.163248e-01 1.836752e-01 0.000000e+00 0.000000e+00 0.000000e+00 0.000000e+00 0.000000e+00
 0.000000e+00 0.000000e+00 0.000000e+00 0.000000e+00 0.000000e+00 0.000000e+00 7.718274e-01 2.281725e-01 0.000000e+00 0.000000e+00 0.000000e+00 0.000000e+00
 0.000000e+00 0.000000e+00 0.000000e+00 0.000000e+00 0.000000e+00 0.000000e+00 0.000000e+00 8.654177e-01 1.345823e-01 0.000000e+00 0.000000e+00 0.000000e+00
 0.000000e+00 0.000000e+00 0.000000e+00 0.000000e+00 0.000000e+00 0.000000e+00 0.000000e+00 0.000000e+00 7.357432e-01 2.642569e-01 0.000000e+00 0.000000e+00
 0.000000e+00 0.000000e+00 0.000000e+00 0.000000e+00 0.000000e+00 0.000000e+00 0.000000e+00 0.000000e+00 0.000000e+00 6.906852e-01 3.093148e-01 0.000000e+00
 0.000000e+00 0.000000e+00 0.000000e+00 0.000000e+00 0.000000e+00 0.000000e+00 0.000000e+00 0.000000e+00 0.000000e+00 0.000000e+00 5.213114e-01 4.786886e-01
 0.000000e+00 0.000000e+00 0.000000e+00 0.000000e+00 0.000000e+00 0.000000e+00 0.000000e+00 0.000000e+00 0.000000e+00 0.000000e+00 0.000000e+00 0.000000e+00
<ENDHMM>
