~o
<STREAMINFO> 1 52
<VECSIZE> 52<NULLD><MFCC_D_A_T_0><DIAGC>
~h "rx"
<BEGINHMM>
<NUMSTATES> 12
<STATE> 2
<NUMMIXES> 3
<MIXTURE> 1 2.783079e-01
<MEAN> 52
 -2.666703e+00 -1.482725e+01 6.673226e-02 -1.072115e+01 -1.354181e+01 -1.433645e+01 -1.886034e+01 -4.437575e-01 -4.783877e+00 -7.144154e+00 -1.333148e+01 2.338428e+00 7.095151e+01 -1.040283e+00 -9.612432e-01 8.668426e-01 -2.490725e+00 -5.826333e-01 6.334913e-01 1.753172e+00 2.129029e+00 -5.046409e-01 9.252189e-01 -2.406289e-02 1.078609e-01 2.010469e+00 -3.155517e-01 7.765213e-01 -2.688774e-02 5.020366e-02 1.947136e-01 1.396333e-01 7.803350e-01 -5.090774e-01 -3.945685e-01 3.495693e-01 3.238330e-01 -2.415933e-01 -4.545743e-01 1.708211e-01 7.422478e-02 3.739599e-02 2.717178e-01 -8.357167e-02 -1.999629e-01 -3.499750e-01 -4.024459e-01 -1.827056e-02 -5.727525e-02 -7.197352e-02 3.109998e-02 -5.694606e-02
<VARIANCE> 52
 1.309024e+01 2.817974e+01 3.399501e+01 7.939676e+01 4.868343e+01 3.675741e+01 8.313413e+01 6.683852e+01 5.788125e+01 3.238612e+01 4.856042e+01 2.477916e+01 2.867121e+01 6.609718e-01 2.748244e+00 2.255671e+00 3.908067e+00 3.514498e+00 3.018440e+00 3.834556e+00 4.486885e+00 6.125762e+00 2.431739e+00 4.196103e+00 2.120927e+00 8.395274e-01 1.912864e-01 3.243664e-01 4.147028e-01 9.531087e-01 6.118544e-01 7.255980e-01 9.595966e-01 1.201257e+00 8.990219e-01 4.915350e-01 6.144249e-01 3.442736e-01 1.953733e-01 3.378822e-02 1.071274e-01 1.025241e-01 1.784257e-01 1.486386e-01 1.458346e-01 1.435166e-01 1.847064e-01 2.372553e-01 1.128974e-01 1.786496e-01 8.695525e-02 3.528050e-02
<GCONST> 1.195762e+02
<MIXTURE> 2 3.687862e-01
<MEAN> 52
 1.976286e+00 1.738733e+00 1.827169e+00 1.594659e+00 -3.637209e+00 -4.962824e+00 -1.621073e+01 -1.111756e+01 -4.276491e+00 -3.714725e-01 -5.970872e+00 -4.902751e+00 6.380214e+01 4.145297e-01 -5.901172e-01 -1.138739e-01 2.894662e-01 -3.456420e-01 -7.628458e-01 -1.422835e+00 3.145530e-01 4.883790e-01 1.686672e-01 1.468524e-01 1.842196e-01 6.090501e-01 -7.363734e-02 -2.246926e-01 1.365290e-01 -1.291927e-01 -3.903574e-01 8.954140e-02 1.395488e-01 3.814787e-01 -6.179968e-02 -1.464846e-01 1.431437e-01 7.908773e-02 2.074574e-01 -6.631882e-02 4.763260e-03 5.766477e-02 -4.028017e-02 -2.694039e-02 6.018331e-02 8.112751e-02 2.885624e-02 -4.569999e-02 -6.586196e-03 1.323026e-02 -2.237492e-02 1.554074e-02
<VARIANCE> 52
 1.506186e+01 1.905063e+01 3.750240e+01 4.384236e+01 4.704025e+01 4.487443e+01 8.061878e+01 7.763291e+01 4.337334e+01 3.127631e+01 3.720298e+01 2.514956e+01 3.345868e+01 3.442845e-01 1.034830e+00 1.146553e+00 1.989610e+00 2.623962e+00 2.083538e+00 2.988383e+00 4.217862e+00 2.435789e+00 2.021563e+00 2.389185e+00 1.935460e+00 3.658694e-01 8.242419e-02 2.275050e-01 2.424561e-01 3.297646e-01 4.455074e-01 4.040796e-01 4.695965e-01 7.720219e-01 4.816113e-01 3.959007e-01 4.554513e-01 3.818296e-01 9.531500e-02 1.391520e-02 4.419177e-02 4.842086e-02 7.951777e-02 9.757677e-02 9.513056e-02 9.897080e-02 1.336842e-01 1.144956e-01 9.020669e-02 1.056175e-01 8.530372e-02 1.470607e-02
<GCONST> 9.829079e+01
<MIXTURE> 3 3.529058e-01
<MEAN> 52
 -4.724741e-02 -1.618361e+00 -5.094414e-01 9.043459e-01 -4.967167e+00 -8.375371e+00 -1.712405e+01 -8.289484e+00 -4.122551e+00 -3.870743e+00 -6.791418e+00 -1.126788e+00 6.146028e+01 1.619767e+00 -1.885476e+00 7.190619e-01 1.552495e-01 -1.877943e+00 -1.739662e+00 -3.091522e+00 2.202870e-01 3.007421e-02 -6.546574e-01 -6.478315e-01 4.408080e-01 3.318997e+00 -5.094619e-01 -6.742481e-01 5.511155e-02 -6.527939e-01 -4.492503e-01 3.695385e-01 3.606127e-01 7.145293e-01 1.729359e-01 5.085546e-02 1.549762e-01 -2.940314e-02 2.681372e-01 -2.637438e-01 2.596771e-01 1.151039e-02 -1.044860e-01 1.800111e-01 2.310729e-01 4.504807e-01 6.585483e-02 -4.871387e-02 7.124417e-02 1.114313e-01 -7.773571e-02 -3.236137e-01
<VARIANCE> 52
 2.835925e+01 4.363557e+01 3.379963e+01 3.731707e+01 3.538415e+01 7.648165e+01 7.975699e+01 4.072555e+01 4.164680e+01 4.299465e+01 4.441333e+01 2.856890e+01 4.079511e+01 2.948644e+00 5.414199e+00 3.116365e+00 4.334607e+00 4.571729e+00 6.480090e+00 7.688144e+00 6.501473e+00 4.211253e+00 3.671644e+00 4.271065e+00 2.870413e+00 1.767529e+00 5.093184e-01 6.009120e-01 5.185890e-01 6.033967e-01 7.549838e-01 1.254938e+00 1.460513e+00 8.485615e-01 7.549568e-01 6.559233e-01 8.445966e-01 5.251005e-01 4.284001e-01 1.047227e-01 2.205067e-01 1.167684e-01 1.665858e-01 1.779897e-01 2.601244e-01 2.700534e-01 2.592692e-01 1.788729e-01 1.584953e-01 1.550099e-01 1.212064e-01 6.215311e-02
<GCONST> 1.343482e+02
<STATE> 3
<NUMMIXES> 3
<MIXTURE> 1 4.566742e-01
<MEAN> 52
 -1.130914e+00 -7.070941e+00 9.350761e+00 -2.842070e+00 -1.570716e+01 -7.948187e+00 -1.816307e+01 3.632230e+00 -4.569435e+00 -4.084208e+00 9.568390e-01 -2.858393e+00 7.485071e+01 -1.069998e+00 6.804695e-01 1.815031e+00 -3.537866e-01 -1.046721e+00 -4.617158e-01 1.522417e+00 1.713388e-01 -1.698171e+00 -4.170043e-01 1.413369e+00 2.827045e-01 3.998516e-01 -2.155662e-02 4.300821e-01 1.512448e-01 1.943485e-01 2.636291e-01 3.291855e-01 1.123515e-01 -7.784747e-01 -1.705175e-01 2.189603e-01 -1.097105e-01 -1.571151e-02 -3.223681e-01 5.023947e-02 -6.971798e-02 -1.171118e-01 -2.778082e-02 1.282617e-01 6.985820e-02 -2.171481e-01 6.480105e-02 2.460974e-01 3.978552e-02 -1.866435e-01 -1.898332e-02 1.595260e-02
<VARIANCE> 52
 9.272400e+00 4.606313e+01 3.271121e+01 4.361823e+01 2.908595e+01 3.894400e+01 4.740189e+01 4.409758e+01 5.859137e+01 3.678051e+01 3.271323e+01 3.484717e+01 1.082961e+01 3.802310e-01 6.984579e-01 1.097100e+00 1.374445e+00 1.361334e+00 1.462606e+00 1.532015e+00 2.841838e+00 1.871044e+00 1.793914e+00 1.643605e+00 1.289570e+00 2.256772e-01 5.827649e-02 1.229178e-01 1.751675e-01 2.190604e-01 2.461463e-01 2.905420e-01 3.595753e-01 4.363314e-01 3.720858e-01 3.056356e-01 4.249527e-01 1.926332e-01 3.999974e-02 1.453847e-02 2.316101e-02 3.933571e-02 5.284240e-02 6.101202e-02 7.481667e-02 6.417754e-02 1.153657e-01 7.853378e-02 6.221227e-02 7.501181e-02 5.722546e-02 9.408456e-03
<GCONST> 8.189117e+01
<MIXTURE> 2 2.274161e-01
<MEAN> 52
 -9.326096e+00 -1.203322e+01 2.275857e+00 -2.065839e+01 -1.726742e+01 -1.288169e+01 -6.144758e+00 -2.068691e+00 -1.120318e+01 7.433498e-01 -1.288049e+01 9.331016e-01 7.613387e+01 -9.082032e-01 1.319807e+00 1.423616e+00 -9.059217e-01 -9.131809e-01 4.179179e-01 4.468018e-01 -2.398771e+00 -7.192037e-01 2.157836e+00 -2.635044e-02 -1.799306e-01 1.559025e-01 1.925245e-01 1.769273e-01 2.203832e-01 1.357264e-01 1.066343e-01 1.012694e-01 -8.605666e-01 -3.019699e-01 4.540962e-01 -1.641149e-01 -1.938847e-01 1.544415e-01 -3.142459e-01 3.330800e-02 -6.891952e-02 -9.685576e-02 -3.229968e-02 1.086571e-01 2.903483e-02 -7.631820e-03 3.350712e-01 3.700427e-02 -2.510860e-01 8.857633e-03 3.496513e-02 4.386916e-02
<VARIANCE> 52
 8.221531e+00 1.846917e+01 2.031094e+01 2.785742e+01 4.200928e+01 1.852657e+01 5.117868e+01 5.922642e+01 5.054980e+01 4.757325e+01 2.131983e+01 3.786264e+01 2.890913e+01 2.882633e-01 5.820153e-01 1.360834e+00 6.665267e-01 8.605723e-01 1.043706e+00 3.746405e+00 1.578806e+00 2.701039e+00 1.502416e+00 1.596226e+00 1.149700e+00 2.934760e-01 3.985513e-02 9.157556e-02 1.733173e-01 2.482860e-01 2.890591e-01 2.008960e-01 3.878202e-01 4.870347e-01 3.376177e-01 4.614533e-01 2.814628e-01 3.016798e-01 2.643673e-02 8.629405e-03 2.543178e-02 4.848420e-02 5.641427e-02 5.329085e-02 4.566824e-02 1.275624e-01 9.290644e-02 1.282165e-01 7.647427e-02 7.890759e-02 5.820002e-02 5.335866e-03
<GCONST> 7.876576e+01
<MIXTURE> 3 3.159097e-01
<MEAN> 52
 2.280276e+00 -5.448817e+00 3.052021e+00 1.217911e+00 -1.324132e+01 -2.715950e+00 -2.088416e+01 -4.423682e+00 -4.801262e-01 -2.436342e-01 -1.997596e+00 -4.924353e+00 7.257999e+01 -8.915151e-01 -1.048488e+00 1.276555e+00 -1.487848e+00 -1.949371e+00 -9.689763e-02 -6.030495e-01 2.563782e+00 3.307751e-01 -9.430898e-01 8.173551e-01 -2.507544e-01 1.656756e+00 -2.925112e-01 5.771773e-01 3.413247e-01 4.492920e-02 3.447726e-01 -2.961323e-01 6.081587e-01 -3.073610e-02 -5.487427e-01 -1.997845e-01 1.061115e-01 1.104362e-01 -2.915384e-01 9.217589e-02 1.546904e-01 -5.486336e-02 2.356407e-01 1.476109e-01 -2.862328e-02 8.308238e-02 -3.506381e-01 -1.452490e-01 1.023588e-01 -6.033825e-03 7.367048e-02 -1.392767e-01
<VARIANCE> 52
 1.009877e+01 2.044910e+01 4.137980e+01 5.666570e+01 4.171157e+01 5.126971e+01 5.151726e+01 5.712603e+01 6.546443e+01 3.859274e+01 3.581877e+01 3.991131e+01 1.091962e+01 5.434737e-01 1.820370e+00 2.209202e+00 3.706747e+00 4.588762e+00 5.302135e+00 3.836841e+00 3.562559e+00 4.451875e+00 3.543522e+00 3.933879e+00 3.269957e+00 7.109233e-01 9.681938e-02 2.469902e-01 3.188579e-01 7.750821e-01 8.076246e-01 7.833275e-01 7.015827e-01 7.226620e-01 7.088135e-01 5.390371e-01 6.369015e-01 4.674973e-01 1.323237e-01 2.053178e-02 7.002647e-02 8.457320e-02 1.417429e-01 2.099366e-01 2.129911e-01 1.588023e-01 1.404115e-01 1.528163e-01 1.467912e-01 1.857439e-01 1.076868e-01 2.388687e-02
<GCONST> 1.148886e+02
<STATE> 4
<NUMMIXES> 3
<MIXTURE> 1 4.263690e-01
<MEAN> 52
 -4.805831e+00 -1.779912e+00 1.700463e+01 -3.026676e+00 -1.715880e+01 -5.451834e+00 -1.482027e+01 -5.789682e-01 -1.026325e+01 -4.591081e+00 4.255023e+00 -3.215564e+00 7.418536e+01 -7.205124e-01 1.534124e+00 1.341949e+00 1.852142e-01 7.365207e-01 5.531057e-01 6.001204e-01 -9.485359e-01 -7.970566e-01 1.086104e-01 -1.608990e-01 1.966910e-01 -6.499464e-01 -1.119220e-01 3.360704e-01 -5.936893e-01 1.476302e-01 7.744923e-01 -1.570199e-01 1.666492e-01 -1.780904e-04 6.068653e-01 2.192107e-01 -4.494427e-01 1.850737e-01 -2.279754e-01 -1.857758e-01 1.085862e-02 -2.081959e-01 -2.649792e-02 4.813410e-02 -1.229477e-01 1.994843e-01 1.459099e-01 1.229231e-01 2.288700e-03 7.030926e-02 5.529430e-02 6.429246e-02
<VARIANCE> 52
 1.101762e+01 2.770251e+01 3.520151e+01 4.925030e+01 3.657886e+01 4.124490e+01 3.461695e+01 4.481622e+01 4.901006e+01 4.477052e+01 2.542425e+01 3.409684e+01 1.399436e+01 3.887028e-01 7.453213e-01 1.182149e+00 1.087048e+00 1.993609e+00 1.483849e+00 1.446658e+00 2.164105e+00 1.759159e+00 1.397758e+00 1.411261e+00 1.342628e+00 2.530845e-01 1.701954e-01 1.834023e-01 2.404679e-01 2.792362e-01 3.835783e-01 3.189592e-01 4.196222e-01 4.491724e-01 3.617516e-01 3.467024e-01 3.015842e-01 2.890273e-01 5.417065e-02 2.532464e-02 4.240045e-02 3.875492e-02 5.786981e-02 7.114799e-02 6.621824e-02 6.613331e-02 1.079678e-01 7.800464e-02 5.643263e-02 6.568578e-02 5.605398e-02 8.523893e-03
<GCONST> 8.551386e+01
<MIXTURE> 2 2.660914e-01
<MEAN> 52
 -1.130781e+01 -2.546665e+00 1.032312e+01 -2.283547e+01 -1.827534e+01 -9.108170e+00 -1.406344e+01 -1.284896e+01 -1.110394e+01 4.378002e+00 -1.607216e+01 1.952232e+00 7.256633e+01 4.674533e-02 1.805584e+00 5.621272e-01 4.761165e-01 4.805443e-01 5.299175e-01 -1.457380e+00 -7.348842e-01 8.202131e-02 -8.028256e-01 -2.892778e-01 -6.214539e-02 -8.622087e-01 5.813326e-02 9.408674e-02 -5.080870e-01 5.579506e-01 8.951103e-02 -6.938443e-02 2.064819e-01 2.713109e-01 -2.396890e-02 -5.854802e-01 2.158878e-01 -2.990110e-01 -1.422598e-01 -1.402547e-01 1.580072e-02 -8.700031e-02 6.087578e-02 -2.126780e-02 5.990202e-03 2.419041e-01 -2.587587e-02 3.208705e-02 8.735584e-02 1.009758e-01 -7.883425e-02 5.462961e-02
<VARIANCE> 52
 9.008187e+00 2.730473e+01 1.003688e+01 1.923068e+01 2.873981e+01 3.239243e+01 3.981816e+01 3.982525e+01 3.380621e+01 4.842371e+01 3.567898e+01 3.633240e+01 3.147968e+01 3.996404e-01 4.779546e-01 1.343829e+00 1.937034e+00 1.032482e+00 1.633113e+00 1.208673e+00 3.052043e+00 1.600307e+00 1.983955e+00 2.289244e+00 1.900803e+00 3.330781e-01 8.338761e-02 1.108811e-01 1.725610e-01 1.714507e-01 2.194187e-01 3.005636e-01 3.825636e-01 5.071673e-01 2.759654e-01 3.609615e-01 3.442362e-01 3.005864e-01 2.121256e-02 2.727125e-02 2.763707e-02 3.732223e-02 4.158220e-02 5.425816e-02 5.809155e-02 7.204077e-02 9.893107e-02 7.283552e-02 8.527923e-02 9.211691e-02 6.351199e-02 5.535092e-03
<GCONST> 8.044298e+01
<MIXTURE> 3 3.075396e-01
<MEAN> 52
 -6.858584e+00 4.004699e+00 1.753780e+01 -1.427240e+00 -1.180770e+01 -5.851727e+00 -1.133032e+01 -2.872897e+00 -9.556632e+00 -3.283943e+00 1.851920e+00 -9.201745e-01 7.133998e+01 -2.203032e+00 3.180521e+00 -1.460968e+00 7.284808e-01 3.178252e+00 -6.435658e-01 2.786269e+00 -8.655131e-01 1.629790e+00 7.983475e-01 -9.047608e-01 1.266813e+00 -1.060823e+00 -8.787921e-01 9.457501e-02 -9.086235e-01 -7.392012e-02 4.506684e-01 9.728554e-02 5.145782e-01 2.723846e-01 5.428302e-01 1.430735e-01 -4.134609e-02 -4.745748e-02 4.959893e-02 1.865843e-02 -4.209085e-01 1.375233e-01 -2.050284e-01 -4.323291e-01 1.593325e-01 -3.142688e-01 8.804076e-02 -2.838987e-01 -9.690224e-02 1.368494e-01 -2.071327e-01 1.215214e-01
<VARIANCE> 52
 1.144882e+01 2.495574e+01 2.634736e+01 4.085002e+01 3.294793e+01 3.935086e+01 4.295300e+01 3.697192e+01 4.524048e+01 4.055460e+01 2.284037e+01 2.463972e+01 1.805429e+01 1.503859e+00 1.655454e+00 3.314887e+00 3.245476e+00 3.014405e+00 2.424503e+00 2.697953e+00 2.960515e+00 3.946786e+00 3.310808e+00 2.208520e+00 1.489163e+00 4.439598e-01 1.062539e-01 3.964874e-01 3.286137e-01 4.748410e-01 5.335324e-01 3.866180e-01 4.588424e-01 4.977328e-01 6.140991e-01 4.128129e-01 3.644348e-01 3.452788e-01 7.390080e-02 5.607772e-02 5.826711e-02 8.259191e-02 1.021611e-01 1.239996e-01 8.887961e-02 1.137966e-01 1.219879e-01 1.353029e-01 1.135509e-01 8.271578e-02 6.070914e-02 1.385538e-02
<GCONST> 1.026248e+02
<STATE> 5
<NUMMIXES> 3
<MIXTURE> 1 4.215888e-01
<MEAN> 52
 -1.672482e+01 1.288598e+01 8.561424e+00 -5.410633e-01 -4.077987e+00 -6.068168e+00 -4.120660e+00 -5.932631e+00 -4.443505e+00 -3.115539e+00 -2.377820e+00 -6.229839e-01 6.860012e+01 -4.255516e+00 1.212233e+00 -2.611581e+00 3.332183e-01 2.830135e+00 1.195470e+00 2.582741e+00 9.786225e-01 1.935945e+00 1.000771e+00 4.308798e-02 1.358063e-01 -3.970707e-01 2.340160e-02 -1.109771e+00 -1.684152e-01 -7.529994e-01 -8.148490e-01 7.980946e-02 -6.369165e-01 2.038321e-01 -2.682187e-01 1.515225e-01 6.096726e-02 -6.637094e-02 2.078456e-01 5.263462e-01 -7.678862e-02 3.100252e-01 -4.877358e-02 -3.814670e-01 -2.152192e-01 -3.208222e-01 -2.379111e-01 -2.733319e-01 -1.921688e-01 -6.174996e-03 -9.392357e-03 -1.711564e-02
<VARIANCE> 52
 2.338522e+01 1.256140e+01 4.210142e+01 2.267237e+01 3.570719e+01 3.956739e+01 3.508234e+01 4.233734e+01 2.620486e+01 3.503687e+01 3.246251e+01 3.053083e+01 1.672763e+01 7.327119e-01 3.299762e+00 2.923589e+00 4.068088e+00 2.723487e+00 2.576836e+00 3.176432e+00 3.501851e+00 2.841371e+00 3.309186e+00 3.422868e+00 2.025763e+00 4.262431e-01 3.222148e-01 2.438578e-01 3.671427e-01 3.664304e-01 5.965456e-01 4.993751e-01 4.959175e-01 4.848455e-01 6.152006e-01 7.363639e-01 4.580702e-01 5.501980e-01 4.980696e-02 2.472599e-02 1.149031e-01 8.675607e-02 9.861331e-02 1.103013e-01 8.488417e-02 1.116647e-01 1.196220e-01 1.153651e-01 1.320313e-01 1.120556e-01 9.198451e-02 1.211010e-02
<GCONST> 1.051096e+02
<MIXTURE> 2 4.156106e-01
<MEAN> 52
 -2.494967e+01 1.041224e+01 3.662929e+00 -3.251549e+00 -1.236031e+00 -3.544518e+00 -9.549145e-01 -2.843928e+00 -1.530271e+00 -2.836286e-02 -1.052194e+00 4.903188e-01 6.892063e+01 -2.434342e+00 -1.215254e+00 -2.347684e+00 -1.728791e+00 -5.978346e-01 -1.368292e-01 -2.256500e-02 -4.100201e-02 3.006285e-01 2.410202e-01 5.686912e-02 -1.268622e-01 -1.104873e-01 1.055812e+00 -3.873423e-01 6.343722e-01 -1.244576e-01 -8.118030e-01 -3.577911e-01 -6.823537e-01 -3.133558e-01 -5.028344e-01 -3.019319e-01 6.802638e-03 -7.397308e-02 8.244615e-02 2.200329e-01 3.841744e-01 2.714803e-01 3.394392e-01 3.100018e-01 3.405133e-02 2.162899e-01 -1.792157e-02 6.493036e-02 -1.345933e-03 -3.737698e-02 4.806395e-02 -5.438378e-02
<VARIANCE> 52
 1.198011e+01 1.749805e+01 4.015985e+01 2.813343e+01 2.902153e+01 3.907036e+01 3.364003e+01 3.152241e+01 2.399552e+01 2.377172e+01 2.408389e+01 2.206231e+01 9.471078e+00 1.739172e+00 1.341491e+00 1.739234e+00 1.704206e+00 2.070139e+00 1.954059e+00 2.267511e+00 2.247686e+00 2.277674e+00 2.189667e+00 2.187334e+00 1.421447e+00 2.409773e-01 1.235239e-01 3.878396e-01 3.733929e-01 5.329512e-01 5.909231e-01 3.690395e-01 4.452725e-01 4.194490e-01 3.993074e-01 3.937798e-01 4.574027e-01 3.152702e-01 4.301492e-02 4.924617e-02 4.512270e-02 6.656530e-02 6.379847e-02 9.984538e-02 8.989727e-02 9.696804e-02 9.987239e-02 1.172351e-01 1.182986e-01 1.045544e-01 7.643053e-02 8.054449e-03
<GCONST> 9.345578e+01
<MIXTURE> 3 1.628006e-01
<MEAN> 52
 -1.074741e+01 6.470027e+00 6.244170e+00 -1.497131e+01 -1.663538e+01 -8.021556e+00 -1.642442e+01 -1.543585e+01 -1.075999e+01 -4.630826e+00 -1.426262e+01 -2.422232e+00 6.803362e+01 -1.657552e+00 2.713071e+00 -2.150334e+00 3.537024e+00 1.097730e+00 6.362067e-01 1.526680e+00 -9.322359e-02 7.322763e-01 -2.547196e+00 1.846649e+00 -2.048899e+00 -9.343868e-01 -1.042961e+00 -1.790454e-01 -3.504558e-01 2.428958e-01 5.678392e-01 2.909082e-01 8.301065e-01 6.470801e-01 4.722887e-01 6.006771e-01 4.861452e-01 1.420189e-01 2.505211e-01 4.041030e-02 -3.188276e-01 1.872715e-01 -3.976002e-01 -1.489911e-02 1.394419e-02 -1.980196e-01 1.147672e-01 2.770407e-02 4.344237e-01 -1.912936e-01 3.222329e-01 5.070914e-02
<VARIANCE> 52
 7.895369e+00 2.705670e+01 2.633083e+01 3.465968e+01 2.495207e+01 2.182685e+01 3.695517e+01 1.490589e+01 1.576985e+01 4.816592e+01 3.361924e+01 2.680300e+01 2.461905e+01 2.254359e+00 1.079468e+00 1.586788e+00 1.771294e+00 4.430905e+00 3.796994e+00 3.459874e+00 2.873693e+00 2.925232e+00 3.503922e+00 2.220377e+00 2.540035e+00 4.019206e-01 1.066693e-01 4.081393e-01 3.463564e-01 4.691250e-01 4.041902e-01 3.779088e-01 4.536726e-01 6.198595e-01 3.618873e-01 9.851485e-01 5.055341e-01 5.520689e-01 3.560459e-02 1.026313e-01 4.381197e-02 5.735891e-02 7.254630e-02 1.406513e-01 1.203749e-01 1.078639e-01 1.209280e-01 8.774124e-02 1.246961e-01 9.026366e-02 8.735170e-02 1.003782e-02
<GCONST> 1.001838e+02
<STATE> 6
<NUMMIXES> 3
<MIXTURE> 1 1.307717e-01
<MEAN> 52
 -2.594874e+01 8.431749e+00 -1.686049e+00 -5.494423e+00 -4.555300e+00 -2.354196e+00 -2.988379e+00 -7.584177e+00 -1.849472e+00 -5.525721e-01 -2.967025e+00 -2.168545e+00 6.574067e+01 3.300271e+00 3.568453e-01 2.328834e+00 -1.233238e+00 -2.189500e+00 -1.805764e+00 -2.787830e+00 -3.003974e+00 -2.570927e+00 -1.525111e+00 -1.132710e+00 -4.558674e-01 2.113497e-01 1.009330e+00 -7.919320e-02 4.846545e-01 -8.690372e-01 -7.398154e-01 -4.037421e-01 -8.294135e-01 -4.731185e-01 -4.365948e-01 -3.979194e-02 -5.151183e-01 -1.074530e-01 3.706130e-01 -4.229108e-01 -1.994901e-01 -2.844353e-01 -1.110687e-01 3.422526e-01 3.657992e-01 3.628705e-01 5.176492e-01 4.169284e-01 3.614073e-01 5.625223e-02 5.948501e-02 2.703019e-02
<VARIANCE> 52
 1.566022e+01 1.123914e+01 4.330304e+01 2.491496e+01 2.947977e+01 2.801224e+01 3.942989e+01 3.889592e+01 2.948981e+01 2.636151e+01 1.841404e+01 1.953218e+01 2.006321e+01 2.283637e+00 1.175001e+00 1.446132e+00 3.075271e+00 2.459714e+00 1.880254e+00 2.942503e+00 2.850380e+00 1.870811e+00 2.045325e+00 2.250016e+00 2.174203e+00 4.794129e-01 2.228938e-01 2.425172e-01 2.780121e-01 4.941919e-01 5.078319e-01 5.339981e-01 5.523787e-01 7.255061e-01 5.245044e-01 6.315104e-01 4.000952e-01 4.787074e-01 6.683888e-02 8.804959e-02 5.151248e-02 5.433427e-02 1.047789e-01 1.269814e-01 8.425206e-02 1.291368e-01 1.153060e-01 9.348765e-02 8.829277e-02 9.696281e-02 1.170327e-01 1.652726e-02
<GCONST> 1.003748e+02
<MIXTURE> 2 7.713728e-01
<MEAN> 52
 -2.859461e+01 8.642621e+00 -2.434297e+00 -6.767455e+00 -5.224751e+00 -6.052331e+00 -3.532676e+00 -4.590623e+00 -2.317708e+00 -2.174426e-01 -1.606606e+00 -7.901499e-01 6.797070e+01 -1.546223e-01 -5.157633e-01 -1.956372e-02 -3.503691e-01 -4.608474e-02 7.067304e-02 1.456625e-01 3.467458e-02 1.271192e-01 1.954396e-01 9.664164e-02 8.250672e-02 -1.795202e-01 6.529072e-01 8.917426e-02 5.815233e-01 1.827922e-01 -6.387094e-02 4.104677e-03 -1.351621e-01 -1.480131e-01 -1.694269e-01 -1.213873e-01 -1.029850e-01 -5.330356e-02 -2.821102e-02 4.590870e-02 5.037400e-02 2.757565e-03 6.701515e-03 -3.041854e-02 6.979983e-03 -5.013444e-02 -2.709764e-02 -4.349101e-02 -2.441720e-02 -4.176868e-04 -2.549997e-02 3.266290e-02
<VARIANCE> 52
 6.737251e+00 1.826583e+01 3.830989e+01 2.798847e+01 2.068906e+01 5.043074e+01 3.007456e+01 2.930189e+01 2.810328e+01 2.845320e+01 2.183675e+01 1.812385e+01 1.629755e+01 6.353592e-01 6.587937e-01 1.177048e+00 1.141451e+00 1.410924e+00 1.452857e+00 1.367527e+00 1.674228e+00 1.621250e+00 1.726900e+00 1.629524e+00 1.445439e+00 1.665535e-01 2.743249e-01 1.954207e-01 2.607572e-01 3.497096e-01 3.514155e-01 3.387949e-01 3.919810e-01 4.575358e-01 4.144273e-01 4.227881e-01 3.472940e-01 2.900734e-01 3.468774e-02 4.932749e-02 3.583458e-02 4.482696e-02 7.085124e-02 8.511619e-02 8.427452e-02 8.725043e-02 9.076314e-02 9.056467e-02 1.003149e-01 7.813167e-02 7.918113e-02 1.239864e-02
<GCONST> 8.500303e+01
<MIXTURE> 3 9.785555e-02
<MEAN> 52
 -1.406575e+01 8.899371e+00 3.559613e+00 -1.460081e+01 -1.538915e+01 -9.548628e+00 -1.584971e+01 -1.848699e+01 -9.389994e+00 -5.598481e+00 -9.603186e+00 -4.721522e+00 6.743174e+01 3.476758e+00 -1.268710e+00 2.645665e+00 -4.613922e+00 -2.030204e+00 -1.073650e+00 -3.081497e+00 -1.459499e+00 -1.462737e+00 4.385823e-01 -2.719681e+00 -3.013502e-01 1.335503e+00 -8.763890e-01 -4.584932e-01 -5.017771e-01 -3.345280e-01 9.285877e-01 8.219275e-01 7.584974e-01 1.245341e+00 8.633665e-01 8.381373e-01 3.651991e-02 3.283137e-01 7.761192e-02 -3.865758e-01 1.591525e-01 -3.678215e-01 5.813860e-01 3.430436e-01 1.794225e-01 3.426467e-01 1.672189e-01 1.502599e-01 -1.385896e-01 3.151416e-01 6.098670e-02 -2.115761e-01
<VARIANCE> 52
 1.056528e+01 1.981302e+01 2.405900e+01 3.104245e+01 2.067826e+01 1.757612e+01 2.708242e+01 2.801123e+01 1.356206e+01 2.905861e+01 1.965116e+01 2.041573e+01 2.683415e+01 1.837984e+00 1.496849e+00 2.019635e+00 3.364508e+00 3.641546e+00 3.929778e+00 4.189227e+00 5.361227e+00 2.739548e+00 3.749488e+00 1.946021e+00 3.341702e+00 4.240828e-01 2.294662e-01 2.310346e-01 3.681320e-01 5.741571e-01 3.515100e-01 3.327564e-01 5.774436e-01 3.455530e-01 3.357130e-01 4.481914e-01 5.581520e-01 4.866746e-01 8.700557e-02 8.451698e-02 6.315921e-02 7.081359e-02 8.637884e-02 1.328764e-01 1.759748e-01 1.659990e-01 1.876026e-01 1.296114e-01 1.488267e-01 9.936408e-02 1.194965e-01 1.222895e-02
<GCONST> 1.031338e+02
<STATE> 7
<NUMMIXES> 3
<MIXTURE> 1 4.430253e-01
<MEAN> 52
 -1.014328e+01 8.109699e+00 1.361917e+01 -2.889264e+00 -8.977236e+00 -4.796229e+00 -6.077340e+00 -5.519988e+00 -7.060320e+00 -2.879631e+00 6.375410e-02 -6.158682e-01 6.944212e+01 4.530804e+00 -6.174531e-01 2.533895e+00 -7.366148e-02 -2.801230e+00 5.442969e-01 -1.843614e+00 -1.553681e-01 -1.838784e+00 -3.135070e-01 1.189613e+00 -4.992215e-01 1.235828e+00 -7.655168e-01 -4.060572e-01 -7.959486e-01 -5.064598e-01 8.485952e-02 2.804804e-01 1.427941e-01 1.508737e-01 6.929515e-02 3.445823e-01 1.148946e-01 -2.486290e-01 7.825787e-02 -5.249324e-01 3.146926e-02 -3.822695e-01 4.578249e-02 4.422053e-01 -5.796521e-03 2.806332e-01 -8.852417e-03 2.673959e-01 8.304281e-02 -2.162872e-01 -3.930524e-02 -2.418869e-01
<VARIANCE> 52
 3.010754e+01 2.543789e+01 2.207840e+01 2.317915e+01 4.645498e+01 4.881057e+01 3.125954e+01 3.339257e+01 3.587683e+01 2.226103e+01 2.669778e+01 2.043664e+01 1.786560e+01 2.347405e+00 2.450864e+00 4.306829e+00 4.059917e+00 3.033559e+00 4.505535e+00 2.587029e+00 3.228421e+00 3.387655e+00 4.447093e+00 2.756438e+00 2.884477e+00 7.565183e-01 5.229129e-01 2.482494e-01 4.456403e-01 4.410493e-01 7.277619e-01 6.097814e-01 4.797646e-01 4.394121e-01 5.610629e-01 4.118594e-01 4.835139e-01 4.083881e-01 1.740023e-01 1.030534e-01 8.082208e-02 1.234319e-01 1.486216e-01 1.133244e-01 1.738199e-01 9.385460e-02 1.248952e-01 1.213526e-01 1.658308e-01 1.135400e-01 1.192735e-01 2.838780e-02
<GCONST> 1.130455e+02
<MIXTURE> 2 3.382725e-01
<MEAN> 52
 -2.523847e+01 4.348965e+00 3.514609e+00 -7.088411e+00 -4.491334e+00 -5.141978e+00 -2.082941e+00 -3.455013e+00 -2.687574e+00 -5.783184e-01 -1.444155e+00 -9.343106e-02 6.718719e+01 3.940428e+00 3.929826e-01 2.684220e+00 1.350385e+00 -5.840759e-01 4.714118e-01 -6.863255e-01 -3.747554e-01 -8.085244e-01 -5.751677e-01 -1.443954e-01 -4.484617e-01 -2.142607e-01 1.268072e+00 2.959638e-01 7.600496e-01 2.331338e-01 -5.133422e-01 1.613846e-01 -4.860528e-01 -2.272543e-02 -5.200953e-01 -1.234232e-01 3.887435e-01 -5.571036e-02 4.371231e-01 -4.568208e-01 -2.057019e-01 -3.909777e-01 -3.407514e-01 -8.901733e-02 1.819254e-02 1.303353e-02 3.980504e-02 2.992043e-02 1.187131e-01 9.659559e-02 -1.364796e-02 9.291312e-02
<VARIANCE> 52
 1.562732e+01 1.818095e+01 2.118966e+01 2.106294e+01 2.283760e+01 3.604300e+01 2.570034e+01 2.348259e+01 2.736778e+01 2.726040e+01 2.239567e+01 2.042746e+01 1.164521e+01 2.325816e+00 2.301491e+00 2.441135e+00 2.021662e+00 2.591313e+00 2.329156e+00 2.186397e+00 1.936009e+00 2.341673e+00 2.673671e+00 2.033197e+00 1.372951e+00 7.915139e-01 2.849877e-01 3.296579e-01 3.674113e-01 5.508888e-01 5.260711e-01 6.296967e-01 3.751945e-01 3.732209e-01 4.731807e-01 6.710476e-01 4.626726e-01 3.889283e-01 1.529891e-01 9.046273e-02 7.336506e-02 9.711888e-02 8.256286e-02 1.258971e-01 9.523262e-02 7.841705e-02 8.404475e-02 1.108482e-01 1.027443e-01 1.057189e-01 6.789011e-02 3.199663e-02
<GCONST> 1.008590e+02
<MIXTURE> 3 2.187022e-01
<MEAN> 52
 -1.188803e+01 3.822312e+00 6.774776e+00 -2.717963e+01 -1.201892e+01 -7.271359e+00 -1.832854e+01 -1.403045e+01 -8.422919e+00 -2.492049e-01 -1.640548e+01 -2.632189e+00 7.110799e+01 7.128730e-01 -7.955096e-01 -2.809406e-01 -2.100560e+00 1.256115e+00 8.718736e-01 -8.460061e-01 1.039961e+00 5.581207e-01 1.771416e-01 -1.274610e+00 5.200198e-01 4.048007e-01 -3.225199e-01 2.088650e-01 -6.202556e-01 1.114177e+00 3.214263e-01 1.096664e-01 2.719374e-01 1.692472e-01 1.653599e-01 -5.110109e-01 4.722337e-01 3.405348e-02 -2.965429e-01 1.969829e-01 1.634832e-02 1.880664e-01 1.101616e-01 -2.738378e-01 -2.583658e-01 -1.323194e-01 -2.369992e-01 -2.360316e-01 -1.437450e-01 1.303225e-02 -8.167833e-02 -7.418874e-03
<VARIANCE> 52
 1.034701e+01 1.128905e+01 1.422117e+01 2.609310e+01 1.492427e+01 1.967104e+01 3.352157e+01 3.333601e+01 2.250314e+01 4.055766e+01 3.372735e+01 1.842529e+01 1.145697e+01 5.085251e-01 6.876881e-01 2.001763e+00 3.601786e+00 1.093792e+00 1.420964e+00 1.802693e+00 3.129222e+00 2.465775e+00 3.568182e+00 2.787868e+00 1.976259e+00 3.265393e-01 2.702644e-01 1.524034e-01 4.593242e-01 2.791515e-01 3.277596e-01 5.667567e-01 4.456503e-01 4.026327e-01 4.580395e-01 3.783171e-01 4.257851e-01 2.975470e-01 3.062831e-02 4.796818e-02 4.380042e-02 8.529853e-02 1.213420e-01 4.007868e-02 6.999867e-02 1.005465e-01 9.826672e-02 8.806229e-02 1.472855e-01 1.117757e-01 7.603772e-02 1.012065e-02
<GCONST> 8.960721e+01
<STATE> 8
<NUMMIXES> 3
<MIXTURE> 1 4.477564e-01
<MEAN> 52
 -5.766090e+00 4.027536e+00 1.640863e+01 -7.889699e+00 -1.532191e+01 -2.417871e-01 -1.010394e+01 -5.658233e+00 -1.026550e+01 -1.375451e+00 3.864089e+00 -3.620891e+00 7.229115e+01 9.082990e-01 -6.190642e-01 -3.544455e-01 -1.162343e+00 -3.390864e-01 1.844894e+00 -3.665968e-01 -8.548030e-02 -3.088888e-01 1.015515e+00 3.476378e-01 -1.545621e+00 1.906262e-01 -6.071858e-01 2.038892e-01 -7.349675e-01 3.643957e-01 8.486823e-01 -2.443338e-01 4.788055e-01 -5.115980e-02 4.032238e-01 1.342826e-01 -4.672892e-01 -3.509442e-02 -4.107834e-01 2.456864e-01 5.615043e-02 2.104542e-01 2.938265e-01 -5.478231e-02 -2.839690e-01 -4.295858e-02 -2.186751e-02 -2.679578e-02 -1.838820e-01 -6.755124e-02 2.036709e-01 -2.014247e-02
<VARIANCE> 52
 1.238157e+01 2.108548e+01 2.562304e+01 4.882899e+01 3.036292e+01 5.687464e+01 3.519584e+01 4.495610e+01 3.917294e+01 4.744705e+01 2.648426e+01 3.152297e+01 1.280268e+01 5.941569e-01 9.339449e-01 1.563993e+00 2.049980e+00 2.687940e+00 2.219343e+00 2.510498e+00 2.196978e+00 2.091070e+00 2.374266e+00 2.343595e+00 1.739686e+00 4.528055e-01 3.060986e-01 1.754484e-01 3.999712e-01 5.662953e-01 5.307077e-01 6.263974e-01 3.838824e-01 4.148741e-01 3.607685e-01 5.158093e-01 3.265722e-01 4.028736e-01 8.469442e-02 2.776358e-02 4.479263e-02 5.928084e-02 7.409810e-02 1.044552e-01 8.495652e-02 1.031496e-01 1.001666e-01 9.837484e-02 8.671096e-02 9.021898e-02 7.262154e-02 2.140016e-02
<GCONST> 9.759908e+01
<MIXTURE> 2 3.214673e-01
<MEAN> 52
 -9.263208e+00 -1.272094e+00 4.503878e+00 -2.862940e+01 -6.661029e+00 -6.236785e+00 -2.257315e+01 -7.554678e+00 -6.989097e+00 -4.212269e+00 -1.873285e+01 -7.148830e-01 7.191661e+01 4.644674e-01 -5.229319e-01 -1.034721e-01 8.053443e-01 3.070522e-01 -1.151338e-01 -3.598080e-01 6.795827e-01 -2.702055e-01 -9.616021e-01 6.788879e-03 5.420668e-02 -3.004320e-01 2.921341e-03 4.124444e-02 3.682129e-03 2.540957e-01 -1.814890e-01 -1.511562e-01 1.475931e-01 -6.502881e-02 -4.483175e-02 4.529158e-02 9.881548e-02 -8.086318e-02 -9.786887e-02 1.416199e-02 1.144616e-02 -2.244169e-02 -8.421315e-02 -6.086205e-03 4.308650e-03 3.284948e-02 -2.900408e-02 1.102421e-02 7.219426e-02 -2.584058e-02 -3.992494e-03 6.490383e-03
<VARIANCE> 52
 6.012672e+00 9.453503e+00 1.189558e+01 2.576151e+01 1.789532e+01 4.120007e+01 2.100376e+01 7.078326e+01 1.533354e+01 4.777854e+01 3.443710e+01 2.242283e+01 4.554352e+00 9.358646e-02 1.455241e-01 4.168190e-01 7.321221e-01 8.805876e-01 9.774283e-01 1.068721e+00 9.879176e-01 5.807210e-01 1.342686e+00 7.142896e-01 4.911517e-01 9.173852e-02 1.902097e-02 2.717301e-02 8.812349e-02 1.187940e-01 9.329365e-02 1.289856e-01 1.382703e-01 2.010210e-01 1.582668e-01 1.576313e-01 1.219331e-01 1.043715e-01 6.737872e-03 4.297333e-03 6.097472e-03 1.741176e-02 3.056150e-02 1.934913e-02 2.839311e-02 2.586351e-02 2.998086e-02 2.849071e-02 3.270296e-02 2.866966e-02 2.090924e-02 1.627130e-03
<GCONST> 3.797903e+01
<MIXTURE> 3 2.307764e-01
<MEAN> 52
 -3.706179e+00 4.601990e+00 9.615236e+00 -7.619853e+00 -1.238272e+01 3.352053e-01 -1.047394e+01 -7.077251e+00 -9.406157e+00 3.778829e-01 -2.159097e+00 -5.515426e+00 7.097685e+01 1.211400e+00 -8.836836e-01 -1.783551e+00 2.339610e+00 9.343744e-01 -1.734378e+00 1.130147e+00 1.589662e-01 -4.019363e-01 -7.737150e-02 -3.507994e-01 -2.024438e-01 -5.574858e-01 -1.516100e-01 2.477908e-02 -1.598461e-01 5.941448e-01 3.286797e-01 -6.206638e-01 3.358234e-01 -3.273756e-02 2.584676e-01 -2.397702e-01 -1.900963e-01 3.456831e-01 -3.057056e-01 1.063492e-01 9.702951e-02 3.216728e-01 -3.588822e-01 -2.265574e-01 3.733379e-01 -2.973677e-01 -7.744441e-02 3.769917e-02 3.994945e-02 3.713479e-03 -2.634507e-02 7.743520e-02
<VARIANCE> 52
 1.195039e+01 2.186438e+01 3.306618e+01 8.601139e+01 3.668631e+01 5.081877e+01 9.460378e+01 8.172810e+01 6.032954e+01 7.488335e+01 1.002418e+02 3.860025e+01 1.003682e+01 7.618782e-01 6.636487e-01 1.199301e+00 1.577593e+00 3.101739e+00 2.783378e+00 2.259135e+00 2.580811e+00 2.873565e+00 2.618834e+00 2.710442e+00 3.206466e+00 5.456095e-01 2.691562e-01 1.845832e-01 2.498321e-01 4.698538e-01 5.290394e-01 6.064587e-01 7.109221e-01 8.436535e-01 8.359576e-01 5.752798e-01 6.519390e-01 6.331490e-01 5.761188e-02 6.330519e-02 3.518524e-02 5.922015e-02 7.322229e-02 1.276141e-01 1.373110e-01 1.025440e-01 1.279693e-01 1.188425e-01 1.007756e-01 1.126595e-01 1.195984e-01 1.964911e-02
<GCONST> 1.081537e+02
<STATE> 9
<NUMMIXES> 3
<MIXTURE> 1 3.220262e-01
<MEAN> 52
 -4.543910e+00 2.151369e+00 1.519338e+01 -1.139007e+01 -1.448419e+01 2.662909e+00 -1.030137e+01 -6.595497e+00 -9.345443e+00 2.183728e+00 1.104748e+00 -8.667931e+00 7.140359e+01 4.115274e-01 8.771093e-02 -5.766200e-01 5.364801e-01 9.353784e-01 -2.597851e-02 -2.302879e-01 1.869492e-01 5.493231e-01 -1.124052e-01 -9.189295e-01 -2.829566e-01 -6.346810e-01 1.475182e-02 6.802198e-02 -7.560313e-02 3.412025e-01 6.048311e-02 -4.469450e-01 1.208115e-01 1.428250e-01 -8.057559e-02 -2.304701e-01 4.885258e-02 2.579518e-01 -1.118232e-01 1.361010e-02 -1.923063e-02 2.826444e-02 -3.208321e-02 -8.259514e-02 4.483874e-02 6.386575e-02 -3.299675e-02 -4.747042e-02 4.824815e-02 7.738070e-02 -2.618469e-02 1.821242e-02
<VARIANCE> 52
 9.090543e+00 1.646191e+01 1.336216e+01 2.592206e+01 5.941298e+01 3.934268e+01 3.765790e+01 5.608603e+01 3.124686e+01 4.138994e+01 3.319080e+01 2.563692e+01 1.066610e+01 7.253987e-02 3.859831e-01 4.537141e-01 9.321295e-01 1.336132e+00 1.467981e+00 1.396418e+00 1.233244e+00 1.127732e+00 2.037180e+00 1.017689e+00 1.536842e+00 1.447963e-01 1.111322e-02 5.802147e-02 6.539208e-02 1.686866e-01 1.602058e-01 2.121754e-01 2.997611e-01 2.299968e-01 1.682064e-01 2.941615e-01 2.081257e-01 2.678393e-01 1.288249e-02 5.980602e-03 1.376893e-02 2.279497e-02 3.226808e-02 3.750879e-02 4.459544e-02 5.130812e-02 4.873001e-02 4.215555e-02 5.959952e-02 4.404154e-02 5.976027e-02 4.318230e-03
<GCONST> 5.971331e+01
<MIXTURE> 2 3.506958e-01
<MEAN> 52
 -4.653991e+00 -2.202936e-01 9.263366e-01 -1.615891e+01 -8.884877e+00 -9.642867e+00 -1.929484e+01 -7.258837e+00 -1.076979e+01 -1.127843e+01 -1.530497e+01 -4.593725e+00 6.425451e+01 2.514951e-01 1.417077e-01 -3.466514e-01 9.658876e-01 -1.346525e-01 -2.398240e-01 4.816211e-01 -2.259993e-01 -2.752322e-01 -2.767434e-01 4.003810e-01 -2.125731e-01 -7.602722e-01 -8.174144e-02 6.759974e-02 6.289759e-02 1.782099e-02 9.997448e-03 6.803581e-02 8.549736e-02 -9.177602e-02 -3.377054e-02 3.508171e-02 7.945582e-02 3.055230e-02 -3.952005e-02 -1.034058e-02 -2.666510e-02 5.317767e-03 6.411481e-03 3.457166e-02 1.134771e-02 -1.075978e-02 3.824985e-02 1.375805e-02 -1.573620e-03 -7.340772e-03 1.990449e-02 1.192876e-02
<VARIANCE> 52
 9.376052e+00 1.885864e+01 1.685960e+01 5.104447e+01 4.158654e+01 4.045259e+01 3.461145e+01 3.588058e+01 2.143718e+01 7.807607e+01 4.097390e+01 2.694569e+01 3.732920e+01 2.494088e-01 4.657582e-01 8.565203e-01 1.293125e+00 1.125568e+00 1.277516e+00 1.320963e+00 1.425852e+00 1.283515e+00 1.526355e+00 1.155311e+00 8.788129e-01 1.922872e-01 2.852907e-02 7.933536e-02 1.223163e-01 2.252212e-01 1.961072e-01 2.463270e-01 1.968767e-01 2.199746e-01 2.369960e-01 2.302421e-01 2.261639e-01 1.587716e-01 2.264780e-02 6.381808e-03 1.320464e-02 3.130173e-02 4.677321e-02 4.107651e-02 4.744325e-02 4.495977e-02 5.777083e-02 6.159476e-02 4.904013e-02 5.569551e-02 3.392976e-02 4.479039e-03
<GCONST> 6.662975e+01
<MIXTURE> 3 3.272780e-01
<MEAN> 52
 -7.410384e-01 3.363527e+00 8.471355e+00 -1.303892e+00 -8.575775e+00 -3.275022e+00 -7.491982e+00 -4.901823e+00 -8.667141e+00 -2.009546e-01 -1.256074e+00 -6.911022e+00 6.757230e+01 7.686309e-01 6.976434e-02 -1.062389e+00 2.202789e+00 6.965623e-01 -1.272968e+00 1.002609e+00 -3.728036e-01 3.444676e-01 1.408847e-04 -8.608317e-01 3.113059e-01 -1.152511e+00 -2.184904e-01 1.041787e-01 2.402604e-01 -2.562401e-01 -8.466168e-02 4.412793e-01 -1.147607e-01 -2.237231e-01 2.553729e-01 7.362960e-02 -1.495406e-01 1.052021e-01 -4.667609e-02 -4.816668e-02 -5.092956e-02 8.111232e-02 -2.894038e-01 -2.477482e-02 2.049576e-01 -1.770664e-01 9.829138e-02 -1.576639e-02 -2.032864e-02 1.015636e-01 -6.695057e-02 9.964497e-02
<VARIANCE> 52
 1.074688e+01 2.075099e+01 3.124469e+01 5.292535e+01 3.670052e+01 4.391820e+01 5.036058e+01 4.215699e+01 5.987665e+01 5.236539e+01 5.090207e+01 3.504649e+01 1.493823e+01 4.219945e-01 1.068831e+00 8.674002e-01 1.475289e+00 1.558460e+00 2.367423e+00 2.333625e+00 3.029129e+00 3.038366e+00 2.710377e+00 2.728320e+00 2.685297e+00 3.882593e-01 8.487155e-02 1.310656e-01 1.801836e-01 3.546434e-01 3.138997e-01 4.087827e-01 4.605465e-01 4.218051e-01 5.323556e-01 4.722632e-01 4.702852e-01 4.129580e-01 5.933205e-02 2.588781e-02 3.933780e-02 3.667187e-02 5.975443e-02 7.411438e-02 8.895985e-02 9.340468e-02 1.154428e-01 1.187003e-01 1.000086e-01 1.116367e-01 1.015466e-01 9.921850e-03
<GCONST> 9.466399e+01
<STATE> 10
<NUMMIXES> 3
<MIXTURE> 1 5.734034e-01
<MEAN> 52
 -7.363807e-02 5.185875e+00 7.719707e+00 2.710181e+00 -4.499695e+00 -1.742031e+00 -4.414982e+00 -6.342402e+00 -6.323777e+00 -1.163821e-01 -3.939614e+00 -4.927393e+00 6.281850e+01 -3.828609e-01 -1.770534e-03 -6.638177e-02 1.861359e-01 9.723768e-01 6.119698e-01 2.311307e-01 2.835581e-01 7.750503e-01 -2.519131e-01 -4.669204e-01 2.433992e-01 -8.638672e-01 -2.099229e-01 -1.776777e-01 -5.553759e-02 -3.824415e-01 -1.185005e-01 3.563670e-02 -1.676315e-01 2.115481e-01 3.705124e-02 -8.339969e-03 2.158066e-01 1.796091e-02 7.221138e-02 4.034158e-02 -6.946660e-02 -1.047549e-01 2.204029e-02 -9.114075e-02 -1.505574e-01 -1.438755e-02 -9.258601e-03 -5.368947e-02 2.824201e-02 5.183857e-02 2.338748e-03 2.467690e-02
<VARIANCE> 52
 1.061267e+01 1.443391e+01 2.107572e+01 2.743061e+01 3.899485e+01 4.009464e+01 3.252792e+01 4.056182e+01 4.226348e+01 3.561301e+01 3.040894e+01 3.111572e+01 2.257784e+01 5.288405e-01 8.820354e-01 7.659978e-01 1.172195e+00 1.555254e+00 1.695302e+00 2.371274e+00 2.624257e+00 2.205597e+00 1.826696e+00 1.895349e+00 1.669728e+00 4.639703e-01 7.742506e-02 1.979265e-01 1.963271e-01 3.249543e-01 2.958869e-01 4.058528e-01 3.713401e-01 3.976963e-01 4.000435e-01 3.629651e-01 3.674188e-01 3.455023e-01 5.573310e-02 1.653911e-02 3.733573e-02 2.811338e-02 5.387614e-02 6.519928e-02 7.835124e-02 8.812992e-02 9.710854e-02 9.649541e-02 8.022509e-02 8.476695e-02 8.208836e-02 1.037212e-02
<GCONST> 8.633061e+01
<MIXTURE> 2 3.301793e-01
<MEAN> 52
 -3.569474e+00 -2.417216e+00 -2.479104e+00 -9.064232e+00 -6.790421e+00 -1.133652e+01 -1.253887e+01 -1.020411e+01 -1.369192e+01 -1.153253e+01 -9.518291e+00 -2.852333e+00 6.136237e+01 -1.982585e-01 -7.752812e-02 -1.102664e-01 1.141048e+00 2.374010e-01 2.109773e-01 3.348742e-01 -2.081504e-01 -1.721064e-01 -7.541779e-04 4.513570e-01 -1.156415e-01 -5.531432e-01 -1.385592e-01 -1.229018e-01 5.288998e-02 -1.184871e-01 4.765964e-02 1.855686e-01 3.288150e-02 1.160815e-01 2.511100e-01 2.424757e-01 -3.926080e-02 5.012426e-02 6.344012e-02 1.584905e-02 -2.349258e-02 -2.102847e-02 -8.905880e-02 -1.578866e-02 -2.207479e-02 3.060120e-02 8.369970e-02 8.087625e-02 3.782084e-02 1.418737e-03 2.919190e-02 2.760044e-03
<VARIANCE> 52
 1.616914e+01 9.083022e+01 3.213596e+01 5.234969e+01 5.737493e+01 6.529172e+01 4.993915e+01 4.890054e+01 3.806359e+01 4.914969e+01 5.582970e+01 4.552066e+01 3.099400e+01 7.866272e-01 1.334699e+00 1.351820e+00 2.914734e+00 2.528931e+00 3.551727e+00 2.427298e+00 3.386249e+00 3.008415e+00 3.213240e+00 2.170218e+00 1.985782e+00 6.906022e-01 9.150533e-02 1.521143e-01 2.624285e-01 4.362777e-01 3.705930e-01 5.138220e-01 5.178431e-01 6.808116e-01 6.349283e-01 4.821360e-01 4.276616e-01 3.389829e-01 5.027446e-02 2.098474e-02 3.364959e-02 5.089722e-02 9.335084e-02 9.031205e-02 1.129186e-01 1.072487e-01 1.351175e-01 1.360359e-01 9.958012e-02 9.520396e-02 7.014532e-02 1.236347e-02
<GCONST> 1.038316e+02
<MIXTURE> 3 9.641723e-02
<MEAN> 52
 -8.423510e+00 3.339766e-01 4.230928e-01 -3.098925e+00 -3.729145e+00 -6.380294e+00 -9.853568e+00 -8.558660e+00 -1.098385e+01 -1.089419e+01 -8.345553e+00 -3.516013e+00 5.488086e+01 -1.255383e+00 -1.488815e+00 -1.075664e+00 -2.738755e-01 8.999487e-01 1.476698e+00 2.261934e+00 2.304977e+00 2.760991e+00 2.176777e+00 1.545419e+00 7.943903e-01 -8.172528e-01 1.641693e-01 -6.822972e-02 -2.683152e-01 -4.406371e-01 -1.999449e-01 -1.608340e-01 -2.010531e-02 2.353192e-01 2.657093e-01 2.768534e-01 7.047742e-02 4.415531e-02 1.760152e-01 1.457679e-01 1.979865e-01 1.450592e-01 1.434017e-01 -4.544229e-02 -1.644742e-01 -2.738026e-01 -3.856210e-01 -4.118322e-01 -3.012221e-01 -1.243182e-01 -7.265089e-02 3.867530e-02
<VARIANCE> 52
 2.309667e+01 3.687127e+01 2.223227e+01 1.865070e+01 3.177661e+01 3.203119e+01 3.619699e+01 5.166952e+01 2.937780e+01 3.378495e+01 3.408128e+01 2.424285e+01 3.310478e+01 5.159512e-01 3.155439e-01 8.280593e-01 1.144371e+00 1.213012e+00 2.150746e+00 1.796734e+00 2.672285e+00 2.223222e+00 2.307001e+00 2.257041e+00 1.956854e+00 3.954082e-01 1.388118e-01 2.079746e-01 1.828868e-01 2.061675e-01 3.258445e-01 4.531306e-01 4.940112e-01 8.057240e-01 8.310977e-01 5.642930e-01 3.255915e-01 3.028488e-01 8.201429e-02 1.765295e-02 2.002330e-02 3.038009e-02 4.177135e-02 5.522086e-02 8.963633e-02 8.723085e-02 1.094928e-01 9.676174e-02 7.992569e-02 9.915922e-02 8.423005e-02 1.072712e-02
<GCONST> 8.878065e+01
<STATE> 11
<NUMMIXES> 3
<MIXTURE> 1 2.346751e-01
<MEAN> 52
 1.653190e+00 -2.180683e-01 5.632593e+00 2.297384e+00 -8.446404e+00 -3.691681e+00 -1.171677e+01 -7.071723e+00 -3.693849e+00 3.194046e-01 -3.903514e+00 -5.530861e+00 6.837053e+01 5.509995e-02 -8.881680e-01 -2.719484e-01 -3.682055e-01 -1.280393e-01 -1.559979e-01 -1.215324e+00 9.941714e-01 6.998619e-01 -2.746821e-01 3.806852e-01 4.228417e-01 5.313216e-01 -9.980749e-02 -1.043114e-01 1.262966e-01 -1.434191e-01 -3.148679e-01 -1.313061e-01 5.649667e-02 4.523363e-01 -9.239208e-02 -2.098924e-01 2.543408e-01 9.421823e-02 2.156188e-01 -1.629806e-02 6.899213e-02 6.300545e-02 6.054834e-02 -2.134443e-02 -1.105483e-02 1.217559e-01 -1.090933e-01 -3.303459e-02 1.779960e-02 -5.353636e-02 -2.758241e-02 -4.572850e-02
<VARIANCE> 52
 9.761774e+00 3.178833e+01 4.199776e+01 4.903328e+01 3.754671e+01 2.681780e+01 5.152272e+01 6.649928e+01 5.319800e+01 5.672987e+01 4.330741e+01 4.096056e+01 2.323300e+01 4.130293e-01 1.086824e+00 1.649655e+00 2.458637e+00 2.842342e+00 2.088099e+00 2.171860e+00 5.223445e+00 3.057822e+00 3.191975e+00 2.712348e+00 1.965767e+00 6.567785e-01 7.418404e-02 2.410830e-01 2.741900e-01 3.326461e-01 3.925535e-01 3.668709e-01 3.460579e-01 7.938480e-01 4.028160e-01 3.913082e-01 4.416983e-01 3.566841e-01 9.839690e-02 1.629759e-02 5.122885e-02 5.524040e-02 9.037399e-02 8.754367e-02 8.751225e-02 7.292341e-02 2.011880e-01 1.237714e-01 1.186134e-01 1.143694e-01 8.018992e-02 2.350087e-02
<GCONST> 1.011628e+02
<MIXTURE> 2 2.957509e-01
<MEAN> 52
 -6.062939e+00 1.783292e+00 3.670841e+00 5.012221e-03 -8.216620e-01 9.853584e-01 -1.967866e+00 -1.316696e+00 -1.793381e+00 -1.121473e+00 -3.506534e+00 -2.774743e+00 5.643975e+01 -1.250150e+00 -1.582754e+00 -1.947557e+00 -1.866370e+00 -1.164559e+00 -9.868780e-01 -5.593717e-01 -1.721291e-01 5.759324e-01 4.128555e-01 7.243453e-01 6.676114e-01 -8.810744e-01 1.045117e-01 -5.062215e-02 -5.208192e-02 -2.082719e-01 -2.932837e-01 -2.542658e-01 -3.092921e-01 -3.385728e-01 -2.515184e-01 -1.354795e-02 4.772627e-02 -1.544042e-01 1.680153e-01 1.301193e-01 2.158059e-01 2.342098e-01 3.141878e-01 2.408653e-01 1.716507e-01 1.680326e-01 7.875100e-02 -1.938993e-02 -1.092892e-01 -1.461286e-01 -8.217080e-02 2.059456e-02
<VARIANCE> 52
 1.129726e+01 1.239623e+01 2.462110e+01 2.314691e+01 2.854561e+01 2.972242e+01 3.338287e+01 3.296786e+01 2.845393e+01 2.535458e+01 2.052639e+01 1.981827e+01 1.431989e+01 4.609970e-01 8.838947e-01 8.357981e-01 1.326451e+00 1.435436e+00 1.990209e+00 2.111402e+00 2.378736e+00 2.178922e+00 1.825467e+00 1.745111e+00 1.626828e+00 3.124958e-01 9.741557e-02 2.868896e-01 2.506412e-01 4.308264e-01 4.091928e-01 4.625698e-01 4.609306e-01 4.146864e-01 4.159066e-01 3.649540e-01 3.861336e-01 3.173890e-01 5.798311e-02 1.645621e-02 3.756116e-02 2.999022e-02 6.116864e-02 5.929340e-02 9.017205e-02 1.047871e-01 9.026719e-02 8.952726e-02 7.320336e-02 7.541935e-02 7.834902e-02 1.065196e-02
<GCONST> 8.474765e+01
<MIXTURE> 3 4.695739e-01
<MEAN> 52
 -9.717765e+00 -2.097834e+00 -2.545162e+00 -4.896764e+00 -4.396268e+00 -3.048916e+00 -5.423393e+00 -4.052008e+00 -2.569396e+00 -2.267211e+00 -3.097336e+00 -2.293956e+00 5.498260e+01 -1.577488e-01 -3.018876e-01 -3.322871e-01 -1.328670e-01 -1.519502e-01 -6.851875e-02 1.578471e-01 7.626436e-02 1.579421e-01 1.251264e-01 1.670709e-01 4.047441e-02 -3.703803e-01 1.561787e-01 1.907525e-01 2.144379e-01 2.111460e-01 1.048281e-01 7.803910e-02 3.289423e-02 -7.126367e-03 -8.751611e-02 -6.601188e-02 -1.093374e-01 -7.503849e-02 8.918913e-02 -4.215822e-02 -2.821760e-02 -3.923666e-02 -2.109011e-02 1.114877e-02 1.342826e-02 1.299286e-02 2.417606e-02 4.021434e-02 2.120782e-02 2.530199e-02 3.930457e-02 -2.067930e-02
<VARIANCE> 52
 1.899604e+01 1.464945e+01 2.812345e+01 1.651414e+01 1.939594e+01 2.266423e+01 2.451046e+01 2.503294e+01 2.381557e+01 2.453556e+01 1.983003e+01 1.766321e+01 2.315647e+01 4.716798e-01 6.391739e-01 8.068145e-01 1.143672e+00 1.620444e+00 1.822784e+00 2.140991e+00 1.845893e+00 1.810328e+00 2.067155e+00 1.765195e+00 1.681961e+00 2.577446e-01 9.469881e-02 1.198538e-01 1.504287e-01 2.449172e-01 3.071188e-01 3.471677e-01 4.230613e-01 3.515891e-01 3.577493e-01 4.169899e-01 3.516217e-01 3.286209e-01 3.517472e-02 2.119423e-02 2.598949e-02 2.879228e-02 5.430891e-02 6.902636e-02 8.323208e-02 9.371514e-02 7.963777e-02 8.710589e-02 9.951563e-02 8.260749e-02 7.427093e-02 8.580128e-03
<GCONST> 7.949184e+01
<TRANSP> 12
 0.000000e+00 1.000000e+00 0.000000e+00 0.000000e+00 0.000000e+00 0.000000e+00 0.000000e+00 0.000000e+00 0.000000e+00 0.000000e+00 0.000000e+00 0.000000e+00
 0.000000e+00 8.030120e-01 1.969880e-01 0.000000e+00 0.000000e+00 0.000000e+00 0.000000e+00 0.000000e+00 0.000000e+00 0.000000e+00 0.000000e+00 0.000000e+00
 0.000000e+00 0.000000e+00 8.155773e-01 1.844226e-01 0.000000e+00 0.000000e+00 0.000000e+00 0.000000e+00 0.000000e+00 0.000000e+00 0.000000e+00 0.000000e+00
 0.000000e+00 0.000000e+00 0.000000e+00 8.267646e-01 1.732354e-01 0.000000e+00 0.000000e+00 0.000000e+00 0.000000e+00 0.000000e+00 0.000000e+00 0.000000e+00
 0.000000e+00 0.000000e+00 0.000000e+00 0.000000e+00 8.008258e-01 1.991741e-01 0.000000e+00 0.000000e+00 0.000000e+00 0.000000e+00 0.000000e+00 0.000000e+00
 0.000000e+00 0.000000e+00 0.000000e+00 0.000000e+00 0.000000e+00 8.335432e-01 1.664568e-01 0.000000e+00 0.000000e+00 0.000000e+00 0.000000e+00 0.000000e+00
 0.000000e+00 0.000000e+00 0.000000e+00 0.000000e+00 0.000000e+00 0.000000e+00 7.636844e-01 2.363156e-01 0.000000e+00 0.000000e+00 0.000000e+00 0.000000e+00
 0.000000e+00 0.000000e+00 0.000000e+00 0.000000e+00 0.000000e+00 0.000000e+00 0.000000e+00 7.635143e-01 2.364856e-01 0.000000e+00 0.000000e+00 0.000000e+00
 0.000000e+00 0.000000e+00 0.000000e+00 0.000000e+00 0.000000e+00 0.000000e+00 0.000000e+00 0.000000e+00 8.369821e-01 1.630179e-01 0.000000e+00 0.000000e+00
 0.000000e+00 0.000000e+00 0.000000e+00 0.000000e+00 0.000000e+00 0.000000e+00 0.000000e+00 0.000000e+00 0.000000e+00 8.235478e-01 1.764522e-01 0.000000e+00
 0.000000e+00 0.000000e+00 0.000000e+00 0.000000e+00 0.000000e+00 0.000000e+00 0.000000e+00 0.000000e+00 0.000000e+00 0.000000e+00 7.969187e-01 2.030812e-01
 0.000000e+00 0.000000e+00 0.000000e+00 0.000000e+00 0.000000e+00 0.000000e+00 0.000000e+00 0.000000e+00 0.000000e+00 0.000000e+00 0.000000e+00 0.000000e+00
<ENDHMM>
