~o
<STREAMINFO> 1 52
<VECSIZE> 52<NULLD><MFCC_D_A_T_0><DIAGC>
~h "dd"
<BEGINHMM>
<NUMSTATES> 12
<STATE> 2
<NUMMIXES> 3
<MIXTURE> 1 3.596978e-01
<MEAN> 52
 -6.199876e+00 2.597195e+00 1.624193e+01 -2.025875e+00 -1.784212e+01 -4.128746e+00 -1.159355e+01 -5.819599e+00 -1.094626e+01 -4.966394e+00 3.711458e+00 -3.424570e+00 7.146123e+01 1.499356e+00 -5.746788e-01 3.399952e+00 -9.119086e-01 -3.360365e+00 8.035585e-01 -2.550927e+00 3.789093e-01 -1.860732e+00 -4.378219e-01 1.492147e+00 -7.794558e-01 1.975801e+00 8.083305e-02 -1.230521e-01 -1.353075e+00 -1.637119e-01 8.727982e-01 3.259297e-01 5.784762e-01 -2.098694e-02 3.855495e-01 5.897489e-01 -4.091384e-01 -1.818010e-01 -8.385125e-01 -2.698405e-01 1.652604e-01 -5.966949e-01 1.888912e-01 5.284598e-01 -1.723982e-01 5.135060e-01 -8.013904e-02 2.716774e-01 1.050942e-01 -2.391176e-01 7.292228e-02 -1.595497e-01
<VARIANCE> 52
 1.134528e+01 2.837665e+01 3.145636e+01 5.206971e+01 3.935530e+01 3.694353e+01 4.913189e+01 4.079079e+01 4.726236e+01 3.861530e+01 2.713404e+01 2.798938e+01 1.498129e+01 2.756198e+00 2.277373e+00 7.680369e+00 3.512014e+00 3.303032e+00 4.086011e+00 4.799756e+00 3.554579e+00 4.921740e+00 4.601737e+00 3.114575e+00 3.069355e+00 1.097750e+00 3.830831e-01 4.383978e-01 8.504552e-01 4.857900e-01 7.641795e-01 6.542906e-01 8.913090e-01 5.814452e-01 6.913717e-01 5.918248e-01 5.815989e-01 4.421788e-01 1.735952e-01 9.549684e-02 9.113276e-02 2.842349e-01 1.343020e-01 1.671717e-01 1.908738e-01 1.959809e-01 1.637465e-01 1.998500e-01 1.937878e-01 1.474300e-01 1.183708e-01 5.164637e-02
<GCONST> 1.233429e+02
<MIXTURE> 2 1.541250e-01
<MEAN> 52
 -1.213877e+01 -5.569191e-01 6.437600e+00 -1.897511e+01 -1.871410e+01 -6.869202e+00 -1.698608e+01 -1.460034e+01 -1.045121e+01 2.268393e+00 -1.295783e+01 5.958643e-01 7.096510e+01 -2.231701e-01 -4.080467e-02 2.405275e+00 -5.067692e+00 -1.355619e+00 -2.908566e-01 -3.311273e+00 -1.011862e+00 -1.294569e+00 -4.040771e-01 -4.344110e+00 1.036604e+00 2.297555e+00 2.472717e-01 -8.259054e-02 -8.762233e-01 3.549917e-01 1.516890e+00 6.446962e-01 5.865534e-01 9.630802e-01 6.234663e-01 -7.602676e-01 -5.142397e-02 -1.179752e-01 -1.198012e+00 9.261878e-03 3.381283e-02 -3.943598e-01 6.883491e-01 1.345649e-01 8.591355e-02 3.978776e-01 1.562437e-01 1.919392e-01 5.342815e-02 6.546654e-01 -1.653375e-01 -1.580664e-01
<VARIANCE> 52
 8.767297e+00 2.180266e+01 2.417196e+01 4.783649e+01 2.350688e+01 2.364200e+01 4.465525e+01 3.022507e+01 3.437496e+01 4.076349e+01 6.678230e+01 4.065236e+01 1.719144e+01 9.901258e-01 1.599742e+00 3.393475e+00 2.401247e+00 7.298420e+00 4.035554e+00 4.622831e+00 5.377660e+00 3.503642e+00 4.924871e+00 3.016479e+00 4.575363e+00 3.658509e+00 1.852992e-01 2.476192e-01 6.241097e-01 9.710529e-01 5.443543e-01 5.985208e-01 8.566249e-01 5.779997e-01 4.924538e-01 5.639841e-01 1.354309e+00 6.466905e-01 2.104630e-01 3.878486e-02 6.074382e-02 1.377254e-01 7.414039e-02 3.217653e-01 1.861778e-01 2.178667e-01 2.043190e-01 1.595752e-01 2.010625e-01 1.079404e-01 1.787209e-01 1.547937e-01
<GCONST> 1.211293e+02
<MIXTURE> 3 4.861772e-01
<MEAN> 52
 -1.152396e+01 -2.098633e-01 -1.954453e+00 -4.233116e+00 -5.296390e+00 -2.867226e+00 -3.652035e+00 -5.966739e+00 -3.459989e+00 -1.210266e+00 -2.426866e+00 -2.419223e+00 6.192711e+01 -3.506005e-01 6.313675e-01 2.539899e+00 -4.148337e-01 -2.524204e+00 -4.343120e-01 -1.107445e+00 -7.679906e-01 -1.081489e+00 -1.951510e-01 5.411740e-01 -1.355143e-01 3.256126e+00 5.703771e-01 4.528173e-02 9.633475e-01 -2.276495e-01 -6.489999e-01 6.260183e-02 -7.759512e-01 -7.286122e-02 -4.834262e-01 -1.600968e-01 -1.382109e-01 -7.663067e-02 1.526669e-01 6.047581e-02 -1.163067e-01 -3.661515e-01 -4.150483e-02 3.248016e-01 8.913076e-02 1.133383e-01 1.288628e-01 1.331368e-01 2.872196e-02 -1.213251e-01 -1.163437e-02 -3.962744e-01
<VARIANCE> 52
 2.361960e+01 3.305093e+01 4.958653e+01 3.546974e+01 4.201199e+01 3.065282e+01 3.575728e+01 3.400860e+01 3.084635e+01 3.015011e+01 3.720927e+01 2.926545e+01 5.300001e+01 2.760627e+00 2.544253e+00 7.747674e+00 4.671138e+00 5.928603e+00 3.382965e+00 5.504486e+00 4.391372e+00 4.241505e+00 3.988534e+00 3.594688e+00 2.997233e+00 3.849792e+00 6.484765e-01 4.536241e-01 1.043815e+00 9.361735e-01 7.810736e-01 6.769187e-01 9.205083e-01 7.844179e-01 6.959378e-01 7.882798e-01 8.355980e-01 5.576785e-01 6.186206e-01 1.097242e-01 9.813616e-02 3.288749e-01 1.561366e-01 2.836449e-01 1.409332e-01 2.375138e-01 1.768778e-01 1.683380e-01 1.796283e-01 1.311007e-01 1.066067e-01 1.562671e-01
<GCONST> 1.324713e+02
<STATE> 3
<NUMMIXES> 3
<MIXTURE> 1 4.158851e-01
<MEAN> 52
 -5.857572e+00 1.011638e+00 1.611216e+01 -8.525730e+00 -1.970190e+01 -2.417208e-01 -1.286957e+01 -6.193713e+00 -1.201662e+01 -2.658232e+00 3.682516e+00 -5.449530e+00 7.315820e+01 7.089296e-01 3.200524e-01 -1.290862e+00 -6.764123e-03 5.326135e-01 4.971121e-01 7.562354e-01 3.437513e-02 -4.242083e-01 9.081888e-01 -1.148092e-01 -8.179214e-01 -2.773410e-01 1.833401e-01 1.416402e-01 -8.843717e-01 8.112928e-01 8.126532e-01 -4.670767e-01 4.904032e-01 -2.440605e-01 2.331305e-01 2.154039e-01 -4.917384e-01 6.268673e-02 -5.640934e-01 3.620205e-02 -6.665876e-02 3.557241e-01 8.267721e-02 -2.198782e-01 -7.732869e-02 -2.432337e-01 -1.098523e-01 -6.445022e-04 -1.314970e-01 -7.644097e-03 1.014840e-01 1.380261e-01
<VARIANCE> 52
 1.375270e+01 2.840098e+01 4.530265e+01 8.003825e+01 3.153112e+01 4.991569e+01 5.822663e+01 4.883762e+01 4.908916e+01 5.370731e+01 4.733432e+01 4.095296e+01 1.566564e+01 5.758865e-01 7.490723e-01 1.698078e+00 3.097682e+00 2.065441e+00 3.407248e+00 2.287364e+00 1.940300e+00 1.886406e+00 2.205450e+00 1.912637e+00 1.618287e+00 5.461434e-01 1.912108e-01 2.300002e-01 5.693093e-01 4.495194e-01 5.072106e-01 7.956029e-01 8.759931e-01 6.069241e-01 6.082842e-01 5.951144e-01 5.705285e-01 3.961548e-01 9.799810e-02 3.579657e-02 4.746207e-02 9.440825e-02 1.327460e-01 1.105431e-01 1.696095e-01 1.167122e-01 1.162323e-01 1.191631e-01 1.103284e-01 1.031619e-01 7.085600e-02 2.087589e-02
<GCONST> 1.064515e+02
<MIXTURE> 2 1.865330e-01
<MEAN> 52
 -1.234590e+01 -6.575838e-01 5.097697e+00 -2.981457e+01 -1.158261e+01 -2.391154e+00 -2.134814e+01 -1.040347e+01 -8.307364e+00 -2.741244e+00 -2.210232e+01 1.496951e+00 7.196101e+01 6.739609e-01 1.294573e-01 -9.480095e-01 -4.301998e-02 1.189774e+00 7.096342e-01 -1.041305e+00 8.587885e-01 3.339984e-01 -1.306426e+00 -4.584225e-01 -3.496423e-02 -4.370244e-01 2.501956e-01 -1.072941e-01 -3.508212e-01 1.162855e+00 -1.930595e-01 -4.267890e-01 4.714506e-01 -8.091876e-02 -1.502606e-01 1.237910e-01 6.114010e-01 -1.546754e-01 -2.564881e-01 -1.871167e-02 -2.771002e-02 1.669520e-01 -1.050935e-01 -2.323348e-01 -2.408885e-01 4.489697e-02 -2.251132e-01 -1.764955e-01 1.710786e-01 -1.478910e-01 3.453942e-02 1.469664e-01
<VARIANCE> 52
 9.935383e+00 1.856569e+01 2.144592e+01 3.975431e+01 3.200087e+01 2.202586e+01 3.767296e+01 4.520452e+01 3.883620e+01 3.684834e+01 2.855499e+01 3.958743e+01 1.110796e+01 5.522935e-01 7.546970e-01 1.131884e+00 3.847110e+00 1.848277e+00 2.022626e+00 1.687040e+00 2.568034e+00 1.496067e+00 2.126267e+00 1.713868e+00 2.274090e+00 2.005049e-01 7.065995e-02 1.389369e-01 3.550829e-01 3.107640e-01 4.106305e-01 5.432587e-01 5.623209e-01 4.650480e-01 3.800178e-01 4.377820e-01 4.993703e-01 4.134638e-01 7.674562e-02 1.810533e-02 3.282169e-02 7.497755e-02 8.140796e-02 1.386451e-01 9.896826e-02 1.221626e-01 1.003267e-01 7.817705e-02 1.045812e-01 9.145183e-02 9.370437e-02 3.035511e-02
<GCONST> 9.264290e+01
<MIXTURE> 3 3.975819e-01
<MEAN> 52
 -2.059960e-01 2.980369e+00 6.975251e+00 4.150269e-01 -1.488331e+01 -3.589342e+00 -8.171850e+00 -7.772058e+00 -1.225333e+01 1.970234e-01 5.163938e-01 -7.494441e+00 6.938767e+01 1.582296e+00 7.412187e-03 -1.542220e+00 2.268212e+00 1.225290e+00 -5.568898e-01 5.044136e-01 -1.832092e+00 6.373744e-01 1.078972e+00 -1.912772e+00 1.445900e-02 -1.312106e+00 -2.105800e-01 -1.255705e-02 5.670528e-01 -2.829185e-01 -2.640851e-01 2.968373e-01 -3.156318e-01 -2.658022e-01 2.459990e-01 -1.340159e-01 -1.105663e-01 3.177864e-01 1.288289e-02 -1.740150e-01 4.881140e-02 1.985957e-01 -3.497615e-01 -1.809536e-01 1.402919e-01 -7.412631e-02 2.668705e-01 -1.160693e-01 -1.272175e-01 2.881431e-01 -3.872924e-02 1.698032e-01
<VARIANCE> 52
 1.377724e+01 2.477699e+01 4.928090e+01 7.642797e+01 4.378783e+01 4.530839e+01 6.678036e+01 5.884499e+01 5.433615e+01 6.224588e+01 5.555447e+01 4.491507e+01 2.002446e+01 6.110812e-01 9.304083e-01 2.398287e+00 3.171094e+00 3.041908e+00 5.024620e+00 4.020867e+00 4.443751e+00 3.473325e+00 4.167400e+00 3.121933e+00 2.438599e+00 5.219868e-01 1.369751e-01 1.622330e-01 2.990972e-01 5.881411e-01 4.785743e-01 6.613103e-01 4.582757e-01 7.284555e-01 5.452541e-01 5.986836e-01 5.888103e-01 3.334042e-01 1.103760e-01 2.564503e-02 4.313502e-02 1.354583e-01 1.358476e-01 1.439385e-01 2.036078e-01 1.635058e-01 1.757273e-01 1.458634e-01 1.733776e-01 1.307742e-01 9.255146e-02 2.268424e-02
<GCONST> 1.130742e+02
<STATE> 4
<NUMMIXES> 3
<MIXTURE> 1 5.486431e-01
<MEAN> 52
 1.954729e+00 3.269799e+00 7.839217e+00 2.721359e+00 -1.379414e+01 -1.035056e+00 -1.067473e+01 -1.331167e+01 -8.888718e+00 2.743265e+00 -3.713053e+00 -5.765924e+00 6.675968e+01 1.145292e-01 5.192179e-01 2.489538e-01 5.531438e-03 1.563549e-01 4.001612e-01 -2.564486e-01 -3.272405e-01 2.401503e-01 1.961563e-02 -4.966215e-01 2.944312e-01 -6.019622e-01 -2.411893e-01 1.039601e-01 1.333878e-01 -2.856905e-01 1.463226e-01 -4.977117e-02 1.271537e-02 4.089171e-01 -7.400297e-02 -1.730270e-01 2.115422e-01 -2.477527e-02 1.600316e-02 1.082449e-02 -6.807189e-02 -1.576856e-01 6.470275e-02 1.443434e-01 -1.070956e-01 6.736844e-02 3.873947e-02 6.125596e-02 1.284713e-02 -1.342371e-02 -3.280909e-02 5.961476e-03
<VARIANCE> 52
 6.490352e+00 2.577496e+01 2.935827e+01 5.267099e+01 3.088269e+01 3.205332e+01 6.794735e+01 3.299453e+01 3.853074e+01 3.970598e+01 3.651372e+01 3.349704e+01 1.130973e+01 2.043432e-01 5.440461e-01 7.042931e-01 7.754219e-01 9.847639e-01 1.075063e+00 1.333265e+00 1.584589e+00 1.541602e+00 1.209818e+00 1.163779e+00 8.673593e-01 2.278665e-01 8.140870e-02 1.138656e-01 1.626246e-01 3.078130e-01 2.891899e-01 3.142738e-01 3.376609e-01 3.687336e-01 3.334913e-01 3.947985e-01 3.145624e-01 2.283241e-01 6.999816e-02 1.465561e-02 2.742143e-02 3.841262e-02 4.983484e-02 5.111083e-02 5.780637e-02 6.476257e-02 6.942663e-02 8.115251e-02 6.448499e-02 5.958468e-02 4.975420e-02 1.974582e-02
<GCONST> 7.688769e+01
<MIXTURE> 2 1.565728e-01
<MEAN> 52
 -6.023884e+00 -1.461092e+00 -3.824959e-01 -1.842858e+01 -1.084864e+01 -6.816080e+00 -2.037264e+01 -1.164440e+01 -1.115326e+01 -6.206331e+00 -2.206826e+01 -2.584801e-01 6.863118e+01 1.367001e+00 -3.652048e-01 -1.507496e+00 2.984195e+00 -2.562606e-01 -2.655242e+00 2.169677e+00 -9.291387e-01 -1.010045e+00 2.527854e-01 6.679983e-02 -2.235770e-01 -8.530400e-01 -9.862872e-02 6.664687e-02 1.504097e-01 -1.685976e-01 -3.524124e-02 -2.884126e-02 1.440012e-01 -1.377100e-01 -9.385368e-03 1.973903e-01 7.239602e-02 4.466885e-02 1.750455e-02 -9.519436e-02 7.709734e-02 1.499845e-01 -3.361109e-01 5.913103e-02 3.865658e-01 -3.840277e-01 1.705494e-01 1.287235e-01 -1.327829e-01 -1.320743e-02 2.477056e-02 4.458280e-02
<VARIANCE> 52
 1.558962e+01 2.700160e+01 2.167129e+01 5.907550e+01 3.763213e+01 4.814595e+01 4.870664e+01 7.209081e+01 3.428012e+01 5.897343e+01 3.248383e+01 4.526401e+01 1.043886e+01 2.965918e-01 6.325292e-01 1.187013e+00 1.375339e+00 1.776085e+00 2.639882e+00 1.543519e+00 1.802883e+00 2.258449e+00 2.844734e+00 1.523762e+00 1.742943e+00 2.218185e-01 7.811490e-02 1.163374e-01 2.346672e-01 5.405008e-01 3.166242e-01 8.225666e-01 7.491619e-01 4.153196e-01 4.076207e-01 5.234759e-01 2.311968e-01 2.885416e-01 3.543638e-02 1.076541e-02 2.294132e-02 4.266568e-02 7.537468e-02 7.542795e-02 1.087538e-01 7.602850e-02 6.439699e-02 7.216428e-02 8.992234e-02 5.323568e-02 7.487152e-02 6.746171e-03
<GCONST> 8.779902e+01
<MIXTURE> 3 2.947841e-01
<MEAN> 52
 -8.522237e-01 -2.311560e+00 -2.982131e+00 -1.189477e+01 -1.304899e+01 -1.339018e+01 -1.578982e+01 -1.346768e+01 -1.300931e+01 -6.058063e+00 -2.157002e+01 6.589367e-01 6.396857e+01 3.682095e-01 4.892548e-01 8.197635e-02 2.554436e-01 -3.506446e-01 7.917398e-02 -2.823934e-01 -2.460295e-01 2.306509e-01 -3.055668e-01 4.393335e-01 -3.420440e-01 -6.077886e-01 -1.667382e-01 1.310519e-01 1.869808e-01 -6.449829e-02 -4.238702e-02 2.693616e-01 -1.412283e-01 1.313853e-01 5.160117e-02 -1.143104e-01 1.442955e-01 -1.409806e-01 -2.804933e-02 -7.954125e-03 -4.023369e-02 -4.074130e-02 1.389478e-01 9.421921e-02 -9.412895e-02 1.418921e-01 1.847384e-03 -2.039663e-02 2.658192e-02 1.419327e-02 7.558411e-03 -2.330036e-02
<VARIANCE> 52
 1.121253e+01 3.164393e+01 1.211541e+01 3.203593e+01 4.703387e+01 3.172965e+01 2.556963e+01 5.894313e+01 3.731664e+01 4.749700e+01 7.098949e+01 5.605703e+01 3.162088e+01 1.812464e-01 4.188640e-01 5.197257e-01 6.335143e-01 9.903516e-01 1.042405e+00 8.837433e-01 1.236557e+00 1.154194e+00 1.467873e+00 1.271934e+00 1.193823e+00 9.926080e-02 5.276352e-02 5.885493e-02 1.372724e-01 2.473175e-01 2.335660e-01 2.942767e-01 2.678604e-01 2.617835e-01 2.340397e-01 2.557403e-01 2.648907e-01 1.759914e-01 2.941296e-02 1.127759e-02 1.397661e-02 2.589451e-02 3.629551e-02 4.395391e-02 4.708251e-02 4.299704e-02 4.750206e-02 4.624476e-02 5.120961e-02 5.237537e-02 4.270924e-02 5.411055e-03
<GCONST> 6.695063e+01
<STATE> 5
<NUMMIXES> 3
<MIXTURE> 1 2.927175e-01
<MEAN> 52
 -5.842816e-01 7.776965e+00 7.592521e+00 4.490624e+00 -5.141257e+00 -1.552536e+00 -7.070878e+00 -1.056274e+01 -7.812649e+00 9.849582e-01 -5.415744e+00 -4.759576e+00 6.231289e+01 -1.713738e+00 -1.489043e+00 -1.785434e+00 -2.245571e+00 1.881056e+00 -1.312516e+00 -9.038506e-01 2.119990e+00 2.732331e+00 -8.482220e-01 6.662305e-01 1.548468e-01 2.136043e+00 3.019883e-01 -7.710304e-01 -5.939162e-01 -9.174961e-01 -6.630601e-01 2.197485e-01 -7.665413e-01 2.950619e-01 5.236241e-01 3.406217e-01 4.531661e-01 -2.371795e-01 1.141240e+00 3.717332e-01 2.179279e-01 2.078475e-01 1.307051e-01 -2.811138e-01 4.636531e-01 6.821290e-02 -3.611200e-01 -4.690033e-01 1.897040e-01 -2.769729e-02 -2.599855e-02 -3.333048e-01
<VARIANCE> 52
 1.241409e+01 1.018205e+01 1.175109e+01 1.516783e+01 3.750446e+01 2.925867e+01 3.528850e+01 3.755449e+01 3.484843e+01 3.096978e+01 2.188030e+01 2.703018e+01 1.918578e+01 1.125670e+00 1.636725e+00 1.810496e+00 2.991213e+00 3.690123e+00 3.390004e+00 3.850840e+00 3.032590e+00 3.697404e+00 4.553557e+00 3.335249e+00 2.920399e+00 1.710022e+00 3.066564e-01 3.259278e-01 2.714092e-01 4.418594e-01 5.869901e-01 8.225633e-01 8.039329e-01 8.979543e-01 7.185315e-01 6.870902e-01 5.926013e-01 4.264044e-01 2.816606e-01 4.833664e-02 7.192980e-02 6.583469e-02 1.133175e-01 1.514812e-01 1.323015e-01 1.944595e-01 1.322682e-01 1.347077e-01 1.931342e-01 1.304551e-01 1.204152e-01 7.737501e-02
<GCONST> 1.117054e+02
<MIXTURE> 2 2.629143e-01
<MEAN> 52
 -1.847368e+00 2.756148e+00 -4.316161e-01 -8.347132e+00 -1.369891e+01 -1.074582e+01 -1.630325e+01 -1.503497e+01 -1.203928e+01 -8.676860e+00 -1.454971e+01 -4.420855e+00 5.990938e+01 -9.121719e-01 3.300106e-01 7.454106e-01 1.492102e+00 1.215281e+00 3.437926e-01 1.048286e+00 6.733321e-01 5.323828e-01 -5.024516e-01 1.297088e+00 -2.630306e-01 -9.704575e-01 -3.793092e-01 -4.262403e-01 -3.163701e-01 -4.813295e-02 4.141451e-01 6.610062e-03 4.455509e-01 4.863078e-01 3.568855e-01 3.004555e-01 2.909120e-01 2.770637e-01 4.032729e-01 6.081648e-02 -1.476470e-01 -2.525833e-01 -3.433938e-01 -1.872299e-01 -7.764032e-02 -1.296948e-01 8.721035e-02 6.562008e-02 1.051718e-01 -6.762957e-02 5.796892e-02 3.328565e-01
<VARIANCE> 52
 2.192003e+01 1.868399e+01 1.585880e+01 3.553450e+01 3.393492e+01 2.261608e+01 2.770772e+01 2.205388e+01 2.029771e+01 3.815082e+01 4.174483e+01 3.188730e+01 2.688295e+01 9.329740e-01 1.434571e+00 1.616169e+00 1.804514e+00 2.750234e+00 2.260599e+00 2.521995e+00 2.706162e+00 2.450173e+00 2.837369e+00 2.937279e+00 2.224081e+00 5.806212e-01 2.483942e-01 1.873195e-01 3.533628e-01 5.070431e-01 4.985415e-01 3.386337e-01 3.718679e-01 2.986982e-01 3.623101e-01 4.820106e-01 4.641384e-01 3.719129e-01 4.059849e-01 5.859116e-02 5.117934e-02 6.140912e-02 1.009997e-01 1.315699e-01 9.797334e-02 1.155585e-01 8.574361e-02 8.890525e-02 1.128209e-01 1.294802e-01 7.947841e-02 4.921132e-02
<GCONST> 1.012814e+02
<MIXTURE> 3 4.443682e-01
<MEAN> 52
 1.687585e+00 6.401630e+00 8.679214e+00 2.739440e+00 -1.074549e+01 -8.949121e-01 -9.128322e+00 -1.120407e+01 -8.687563e+00 2.016880e+00 -4.650322e+00 -5.222788e+00 6.303075e+01 -7.644483e-01 3.486161e-01 9.569274e-03 -3.286903e-01 1.909114e+00 -2.148315e-01 3.981756e-01 8.744625e-01 4.432273e-01 -3.293562e-01 -1.218473e-01 2.426099e-01 -1.075434e+00 -4.581092e-01 -4.924777e-01 -5.454353e-01 -3.703903e-01 3.004076e-01 -3.476763e-01 -3.788405e-02 3.540564e-01 4.711656e-01 -2.451290e-01 2.396512e-01 3.726779e-02 5.819857e-01 9.881036e-02 -1.624892e-01 -1.679915e-01 -1.378317e-01 -2.597139e-01 5.904461e-02 -2.230144e-01 -8.541658e-02 1.073955e-01 1.081716e-01 1.866063e-02 -4.788687e-02 3.346323e-01
<VARIANCE> 52
 7.016523e+00 1.610028e+01 2.074561e+01 4.296574e+01 2.909531e+01 2.780319e+01 4.120597e+01 3.037416e+01 3.310880e+01 3.262784e+01 2.904288e+01 3.099357e+01 1.355761e+01 6.184226e-01 1.086372e+00 7.986491e-01 1.215396e+00 1.534680e+00 1.965968e+00 2.521885e+00 2.617499e+00 2.041230e+00 2.052387e+00 2.073738e+00 1.683166e+00 5.428756e-01 1.076992e-01 1.816497e-01 2.607274e-01 3.801664e-01 4.344940e-01 4.399506e-01 5.109523e-01 5.753163e-01 5.302228e-01 3.787481e-01 4.026922e-01 3.500796e-01 2.932230e-01 4.223166e-02 5.280803e-02 4.768910e-02 7.972760e-02 7.482675e-02 1.112972e-01 1.426253e-01 1.324674e-01 9.818082e-02 1.081516e-01 9.603491e-02 8.635726e-02 3.561799e-02
<GCONST> 9.492439e+01
<STATE> 6
<NUMMIXES> 3
<MIXTURE> 1 4.586829e-01
<MEAN> 52
 -7.924849e+00 -1.187009e+00 -2.463627e+00 -6.424495e+00 -6.588058e+00 -1.061673e+01 -9.726286e+00 -2.985179e+00 -7.781528e-01 -2.773249e+00 -5.202263e+00 -1.735860e+00 7.187567e+01 3.564663e-01 -2.592703e+00 -2.605481e+00 -4.001208e+00 2.766463e-01 2.494257e-01 -2.465035e+00 2.039325e+00 2.214573e+00 1.226128e+00 -3.474326e-01 -6.567991e-01 4.129820e+00 1.008169e+00 1.312824e-01 2.006872e-01 -4.706499e-01 5.774796e-03 1.329474e+00 -5.243068e-01 -7.719367e-01 -7.330598e-01 3.890676e-01 -7.696961e-02 -5.266174e-01 -5.727215e-01 -9.779663e-02 4.139492e-01 3.050578e-01 5.175035e-01 1.327030e-01 1.129811e-01 5.317068e-01 -2.881614e-01 -4.190523e-01 -2.644141e-01 1.963807e-01 1.366618e-01 -7.063571e-01
<VARIANCE> 52
 2.316387e+01 2.621625e+01 3.832459e+01 5.757457e+01 4.058503e+01 4.389435e+01 4.060485e+01 5.090133e+01 4.525650e+01 4.034477e+01 3.034350e+01 2.555840e+01 2.624858e+01 1.998618e+00 1.584504e+00 1.625031e+00 2.805916e+00 4.429772e+00 5.611202e+00 6.765966e+00 6.574286e+00 4.537358e+00 3.864482e+00 6.411255e+00 3.125841e+00 1.813683e+00 4.059362e-01 3.816869e-01 4.657850e-01 7.479489e-01 1.179498e+00 7.921656e-01 1.057714e+00 7.874871e-01 5.701393e-01 8.171268e-01 1.300909e+00 5.466095e-01 5.589187e-01 9.175429e-02 7.209249e-02 7.449479e-02 1.202938e-01 1.757128e-01 2.394070e-01 2.626416e-01 2.575046e-01 1.587989e-01 1.598155e-01 2.972822e-01 1.368602e-01 7.337898e-02
<GCONST> 1.284234e+02
<MIXTURE> 2 2.313105e-01
<MEAN> 52
 -5.470956e+00 1.015393e+00 3.014492e+00 -5.157946e+00 -7.127756e+00 -6.418466e+00 -1.068738e+01 -1.005822e+01 -7.437779e+00 -6.151702e+00 -6.803778e+00 -3.815267e+00 5.699915e+01 -2.485540e+00 -1.344164e+00 -2.293305e+00 -3.594050e-01 4.886263e-01 -1.206901e+00 1.488607e+00 2.003466e+00 1.599670e+00 2.465376e-01 1.586315e+00 1.021168e+00 2.671787e+00 3.881098e-01 -5.178806e-01 -8.057113e-01 -1.228024e+00 -5.058742e-01 -2.730145e-01 -9.012174e-01 2.903450e-01 1.645743e-01 4.037673e-01 -5.787292e-01 -9.797501e-02 1.617211e+00 4.762183e-01 1.075020e-01 2.602932e-01 -1.820542e-01 1.295577e-01 3.673815e-01 -3.635083e-01 -1.866799e-01 -1.922293e-01 5.752059e-02 -2.878300e-01 -2.982886e-01 -3.399277e-01
<VARIANCE> 52
 2.747330e+01 1.754762e+01 4.435663e+01 2.062251e+01 3.374661e+01 3.589702e+01 3.266771e+01 3.514143e+01 2.374420e+01 3.434305e+01 5.106804e+01 1.687378e+01 2.313010e+01 1.587268e+00 1.821701e+00 2.321858e+00 2.990506e+00 3.129798e+00 4.580037e+00 3.062414e+00 3.791839e+00 2.252880e+00 3.030196e+00 5.145954e+00 2.062670e+00 4.160818e+00 4.918041e-01 3.971080e-01 3.408906e-01 6.564705e-01 6.692337e-01 9.415825e-01 9.138109e-01 8.797827e-01 5.037463e-01 6.563385e-01 8.825148e-01 4.877484e-01 1.916377e-01 7.469325e-02 7.136903e-02 1.017188e-01 1.406819e-01 1.740731e-01 2.198842e-01 1.237605e-01 1.535185e-01 8.980694e-02 1.425306e-01 2.423765e-01 8.401189e-02 1.955515e-01
<GCONST> 1.191348e+02
<MIXTURE> 3 3.100066e-01
<MEAN> 52
 -4.284753e-01 -2.313756e+00 -5.520107e-01 -1.068607e+01 -6.790429e+00 1.358088e+00 -1.962405e+01 -4.610635e+00 8.279133e-01 4.028744e+00 4.382300e-01 -9.070677e+00 7.497621e+01 2.178722e+00 -1.292669e+00 -1.225723e+00 -3.757298e+00 -1.080574e+00 3.874804e+00 -2.036534e+00 -2.190486e-02 -5.513324e-01 1.099727e+00 2.219995e+00 -9.413949e-01 1.324110e+00 1.646989e-01 7.319419e-01 4.503022e-01 6.007928e-01 -1.333552e-01 4.431195e-01 1.450998e+00 -3.772494e-01 -1.232741e+00 -6.102647e-01 -1.165346e-01 5.326780e-01 -1.153185e+00 -4.371493e-01 1.587246e-01 5.746843e-02 4.553486e-01 2.362153e-01 -6.614823e-01 4.130126e-01 1.534668e-01 1.663164e-01 -3.068168e-01 -3.722388e-01 1.831939e-01 -1.067290e-01
<VARIANCE> 52
 1.072928e+01 2.442749e+01 2.826834e+01 5.493399e+01 3.117028e+01 3.327139e+01 5.030969e+01 4.211174e+01 3.997355e+01 4.393114e+01 3.746983e+01 2.488308e+01 1.661087e+01 1.720799e+00 1.747782e+00 2.191367e+00 3.099012e+00 3.193371e+00 3.645565e+00 6.513620e+00 4.748290e+00 4.012233e+00 5.393253e+00 2.929896e+00 3.334408e+00 1.591806e+00 3.060253e-01 2.686595e-01 2.679422e-01 4.281122e-01 5.557242e-01 6.885287e-01 5.748000e-01 6.800226e-01 5.875351e-01 6.541909e-01 5.978225e-01 4.923137e-01 2.072356e-01 6.891712e-02 8.025594e-02 1.066843e-01 1.081309e-01 1.273677e-01 1.454546e-01 2.453212e-01 1.923267e-01 1.607486e-01 2.000283e-01 1.221692e-01 1.696563e-01 8.317838e-02
<GCONST> 1.181099e+02
<STATE> 7
<NUMMIXES> 3
<MIXTURE> 1 4.738852e-01
<MEAN> 52
 1.255768e+00 -2.295674e+00 -5.199334e+00 -1.652148e+01 -5.384665e+00 6.282231e+00 -1.595157e+01 -6.723105e+00 -3.963729e+00 1.938649e+00 1.755836e+00 -6.145542e+00 7.420479e+01 8.489707e-01 6.355885e-01 -5.899979e-01 -1.187026e+00 -3.894282e-01 1.775137e+00 1.937619e+00 3.056989e-02 -2.203719e+00 -1.363863e+00 1.098654e+00 8.264654e-01 -6.808404e-01 -3.263275e-01 3.258380e-01 4.690467e-01 9.654067e-01 -1.597258e-01 -9.469460e-01 7.940848e-01 3.159657e-01 -7.479683e-02 -5.398811e-01 -7.056351e-01 1.758250e-01 -3.613038e-01 -7.655810e-02 -2.388488e-01 -4.724134e-03 -3.601573e-03 5.156609e-02 -2.130885e-01 -4.455337e-01 6.891599e-02 4.409975e-01 2.518123e-01 -1.999170e-01 -2.293927e-01 2.857009e-01
<VARIANCE> 52
 9.356366e+00 2.536206e+01 4.900964e+01 5.680843e+01 3.496774e+01 4.415401e+01 7.254513e+01 6.393830e+01 7.202974e+01 6.723165e+01 5.969283e+01 2.904320e+01 1.416223e+01 2.428610e-01 6.824743e-01 8.300580e-01 1.436278e+00 1.270210e+00 2.140505e+00 2.123255e+00 2.340950e+00 1.641339e+00 2.969821e+00 2.011214e+00 1.610681e+00 3.208442e-01 1.133622e-01 2.040942e-01 2.373001e-01 2.696395e-01 4.450798e-01 4.271109e-01 6.765073e-01 5.753500e-01 5.789761e-01 5.774507e-01 5.664116e-01 5.768653e-01 1.509139e-01 2.257712e-02 2.751472e-02 4.619223e-02 5.115083e-02 7.367738e-02 1.217923e-01 1.123761e-01 1.296118e-01 8.065160e-02 1.315953e-01 1.216353e-01 7.339535e-02 2.306408e-02
<GCONST> 9.732088e+01
<MIXTURE> 2 3.059438e-01
<MEAN> 52
 -4.965429e+00 -8.781939e+00 -1.136107e+01 -2.016531e+01 -2.961616e-01 -7.998954e+00 -1.487110e+01 -1.697711e+00 -9.002610e-01 -1.023808e+00 -1.331183e+01 -4.280633e+00 7.522557e+01 7.845050e-01 -2.437163e-01 -1.490562e+00 -1.914945e+00 2.343230e+00 2.209930e+00 -8.538527e-01 -1.383017e+00 -1.326568e+00 4.520808e-01 2.546676e-01 -1.218300e+00 -1.195898e-01 -3.983129e-02 6.992883e-01 4.265519e-01 7.848212e-01 -4.319778e-01 4.539600e-02 6.123509e-01 -5.490531e-01 -9.599944e-01 -4.773905e-01 9.678412e-01 1.717634e-01 -8.506010e-01 -1.267962e-01 -1.290859e-01 5.057913e-02 7.057079e-02 -3.094635e-01 -4.177309e-01 1.895382e-01 4.403920e-01 1.533337e-01 -8.950386e-02 -1.736761e-02 2.251436e-01 2.835491e-01
<VARIANCE> 52
 1.212447e+01 1.842543e+01 4.012045e+01 4.937493e+01 4.588326e+01 3.547707e+01 5.387364e+01 8.275613e+01 7.321645e+01 5.263592e+01 2.708179e+01 2.467782e+01 2.894212e+01 6.600686e-01 1.040610e+00 9.360830e-01 1.449362e+00 2.755433e+00 2.201978e+00 2.523389e+00 2.342750e+00 3.230319e+00 3.410353e+00 5.036738e+00 1.422149e+00 5.425879e-01 1.905624e-01 1.937906e-01 1.696115e-01 1.897033e-01 5.655433e-01 7.698870e-01 7.190762e-01 1.109738e+00 5.454389e-01 6.156962e-01 6.263777e-01 4.376147e-01 3.013835e-01 4.423814e-02 4.754145e-02 4.310839e-02 7.849312e-02 1.375809e-01 1.177712e-01 1.208392e-01 1.010724e-01 1.072199e-01 1.456525e-01 2.913322e-01 6.895637e-02 3.392244e-02
<GCONST> 1.065518e+02
<MIXTURE> 3 2.201709e-01
<MEAN> 52
 1.353928e+00 -4.512511e+00 -2.624568e+00 -2.532618e+01 -5.900855e+00 9.792833e+00 -1.989973e+01 -4.353714e+00 -8.792022e+00 3.608122e+00 2.574519e+00 -5.536031e+00 7.428136e+01 4.429220e-01 2.376960e-01 -1.153179e-01 -2.061316e-01 8.682125e-02 4.255958e-01 1.249277e+00 4.962986e-01 -8.896675e-01 -1.777349e+00 7.008755e-01 5.935766e-01 -4.864303e-01 -9.145622e-02 -5.280956e-02 8.924694e-02 6.317502e-01 -6.159230e-02 -5.881663e-01 8.104891e-02 1.023155e-01 1.586696e-01 -8.626150e-02 -2.513912e-01 -3.289302e-01 -2.633481e-02 4.919361e-02 -7.034954e-02 8.470667e-04 -8.841435e-02 -4.862116e-02 1.184315e-01 -1.883018e-01 -7.171443e-02 2.862202e-02 2.655784e-01 -5.111349e-02 -1.596200e-01 7.533443e-02
<VARIANCE> 52
 1.007346e+01 8.951033e+00 3.056228e+01 2.780499e+01 2.788175e+01 4.040526e+01 1.276275e+01 2.118958e+01 1.791531e+01 3.396493e+01 2.317752e+01 2.450890e+01 6.566674e+00 5.167717e-02 2.488067e-01 1.820626e-01 1.143510e+00 4.848752e-01 9.894611e-01 6.643823e-01 9.350843e-01 7.350684e-01 1.219281e+00 7.008295e-01 9.155298e-01 3.974660e-02 1.602659e-02 5.445518e-02 5.092934e-02 7.506996e-02 9.842997e-02 1.581166e-01 1.865678e-01 1.608172e-01 1.640850e-01 3.123156e-01 1.319318e-01 1.589541e-01 1.034522e-02 1.067725e-02 1.741294e-02 1.470923e-02 2.511569e-02 2.085940e-02 2.762824e-02 5.768535e-02 3.392973e-02 2.679453e-02 5.493387e-02 3.831350e-02 6.089810e-02 7.375003e-03
<GCONST> 4.379945e+01
<STATE> 8
<NUMMIXES> 3
<MIXTURE> 1 3.035359e-01
<MEAN> 52
 2.472671e+00 -4.063398e+00 -2.836027e-01 -1.876111e+01 -9.774506e+00 7.235361e+00 -1.292093e+01 -1.525911e+00 -9.457343e+00 -4.831270e+00 5.082769e-01 -8.614907e+00 7.180053e+01 -2.598668e-02 3.668800e-02 5.041791e-01 1.124175e+00 -2.207480e-01 -6.277899e-01 2.116373e-01 3.041611e-01 1.458377e-02 -2.149018e-01 -6.555483e-01 -4.129066e-01 -4.220404e-01 -2.705710e-02 6.987489e-02 1.794494e-02 4.062386e-02 5.162971e-02 -5.223263e-02 -1.312943e-01 -8.539235e-02 1.332711e-01 1.717048e-01 -8.301185e-02 3.024343e-02 -4.966920e-02 1.032529e-02 2.885493e-02 -1.878934e-02 -4.314006e-02 3.277939e-02 3.400863e-02 4.480927e-02 -2.223150e-02 -4.673070e-03 -3.863693e-02 3.354752e-02 5.626115e-02 -2.479341e-02
<VARIANCE> 52
 4.327529e+00 1.942519e+01 1.678102e+01 2.524511e+01 6.378933e+01 2.245799e+01 4.910326e+01 2.130003e+01 2.711729e+01 2.737658e+01 2.759436e+01 2.158558e+01 8.538546e+00 8.335579e-02 2.297674e-01 4.416321e-01 4.631476e-01 7.795926e-01 5.196596e-01 1.359785e+00 7.094682e-01 1.010678e+00 9.425215e-01 1.196351e+00 9.232188e-01 6.650187e-02 1.009963e-02 3.430795e-02 6.932958e-02 8.246573e-02 1.166875e-01 1.012890e-01 2.114128e-01 1.300336e-01 1.743885e-01 1.444275e-01 2.055814e-01 1.619215e-01 1.066035e-02 2.232079e-03 7.141454e-03 1.528955e-02 2.028035e-02 2.550674e-02 2.663926e-02 3.693996e-02 3.152977e-02 3.774634e-02 2.583003e-02 3.915085e-02 4.222027e-02 1.555832e-03
<GCONST> 4.050459e+01
<MIXTURE> 2 2.752888e-01
<MEAN> 52
 -4.636605e+00 -9.711895e+00 -1.568462e+01 -2.501628e+01 4.995621e+00 -7.103471e+00 -9.847236e+00 -3.016635e+00 -1.746873e+01 -3.699959e+00 -9.033308e+00 -7.698176e+00 7.312995e+01 3.557999e-01 6.209616e-02 1.914808e-01 2.985323e-01 -2.869887e-01 -3.708505e-01 1.158373e+00 -4.875216e-02 -1.827259e+00 1.020011e-01 -3.440622e-01 1.107513e-02 -4.683114e-01 -8.489823e-04 7.196978e-03 1.643698e-01 1.116190e-01 -2.372832e-01 -1.724842e-01 -5.384642e-02 5.945274e-02 4.094367e-01 8.943992e-02 -3.638801e-01 1.224247e-01 -4.694812e-03 -1.173809e-02 -8.331994e-03 -2.593407e-02 -6.515906e-02 6.835610e-02 6.605651e-02 -1.099913e-01 -4.008948e-02 8.092946e-02 -1.062734e-02 8.495903e-03 -4.557139e-02 9.883623e-03
<VARIANCE> 52
 8.732902e+00 9.305944e+00 1.787016e+01 1.911625e+01 3.363883e+01 1.270222e+01 3.012256e+01 3.883673e+01 5.407877e+01 1.791973e+01 2.150286e+01 1.769758e+01 1.590322e+01 1.425812e-01 1.792800e-01 5.678834e-01 4.969591e-01 9.507405e-01 9.343373e-01 7.966125e-01 5.197532e-01 2.612645e+00 1.150940e+00 2.872300e+00 1.030845e+00 5.681782e-02 2.405507e-02 3.588509e-02 4.826759e-02 1.014778e-01 1.001844e-01 2.206385e-01 1.536659e-01 1.127925e-01 2.181401e-01 2.038065e-01 3.178251e-01 1.432856e-01 7.885966e-03 5.570574e-03 8.018790e-03 1.049270e-02 2.074328e-02 2.415978e-02 3.826635e-02 2.533733e-02 2.277523e-02 7.093392e-02 4.795656e-02 9.424599e-02 3.219377e-02 3.333350e-03
<GCONST> 4.653050e+01
<MIXTURE> 3 4.211753e-01
<MEAN> 52
 3.714962e+00 7.158625e-01 -5.482434e+00 -1.445121e+01 -8.718352e+00 7.535539e+00 -7.264930e+00 -4.144780e+00 -7.662581e+00 -4.587235e+00 1.357323e+00 -5.972158e+00 7.159016e+01 1.530965e-01 3.209289e-01 7.887865e-01 1.265620e+00 -8.528494e-01 -6.831113e-01 1.528301e+00 2.356055e-01 -4.986164e-01 -5.618989e-01 -1.803492e+00 -2.924267e-01 -6.358113e-01 -2.363811e-01 -1.321810e-01 4.156393e-01 4.507762e-01 1.312375e-01 -3.818871e-01 -5.020187e-01 -3.362012e-01 5.261968e-01 4.160796e-01 -4.424456e-01 2.723096e-03 5.558003e-02 4.536659e-02 -2.491232e-02 -1.018309e-01 -1.795648e-01 9.930551e-02 2.177084e-01 -2.086939e-01 -8.838421e-02 -3.655423e-02 5.544104e-02 3.133194e-01 8.885591e-02 3.438446e-02
<VARIANCE> 52
 7.782061e+00 2.202527e+01 4.211166e+01 5.200457e+01 3.980775e+01 5.003286e+01 6.274828e+01 6.611320e+01 6.849751e+01 7.717686e+01 5.373835e+01 3.219992e+01 1.156131e+01 2.512620e-01 7.035667e-01 1.157906e+00 1.507080e+00 1.682991e+00 1.898572e+00 2.153022e+00 3.035246e+00 3.239175e+00 2.997155e+00 2.511659e+00 2.477540e+00 2.224570e-01 4.004966e-02 9.193736e-02 1.831035e-01 2.364473e-01 2.921436e-01 3.466098e-01 4.394246e-01 4.101065e-01 3.557435e-01 5.030189e-01 5.182637e-01 4.164090e-01 4.022097e-02 1.088097e-02 2.845045e-02 5.071136e-02 4.365316e-02 7.768131e-02 7.486703e-02 1.091591e-01 1.083957e-01 1.042870e-01 1.123412e-01 1.111067e-01 1.012936e-01 1.469351e-02
<GCONST> 9.112331e+01
<STATE> 9
<NUMMIXES> 3
<MIXTURE> 1 6.229767e-01
<MEAN> 52
 2.540297e+00 1.828811e+00 2.996257e+00 -6.243697e+00 -1.077213e+01 4.354571e+00 -7.428792e+00 -6.532697e+00 -5.058270e+00 -1.878153e+00 -4.905321e+00 -5.489940e+00 6.816154e+01 -2.208407e-01 2.474206e-01 7.142336e-01 1.082084e+00 4.522865e-01 -4.343858e-01 -3.287075e-01 -5.886366e-01 1.391623e-01 3.080593e-01 -4.746380e-01 1.990042e-01 -6.062174e-01 7.177807e-06 9.328593e-02 -1.086778e-01 3.197131e-02 1.479141e-01 3.344591e-02 -4.947662e-02 -1.234712e-02 -8.119688e-02 4.060519e-02 2.060246e-01 -1.833594e-02 -8.201063e-02 1.487394e-02 2.706017e-02 -3.524288e-02 -2.406275e-02 -3.555013e-02 2.329208e-02 1.011766e-01 4.892936e-02 -4.155234e-02 -5.016259e-02 -7.398110e-03 -5.703277e-03 -2.579743e-02
<VARIANCE> 52
 7.110972e+00 1.894122e+01 3.430283e+01 3.912304e+01 4.309336e+01 3.236083e+01 5.324751e+01 5.672622e+01 4.690151e+01 5.559243e+01 2.656945e+01 3.589148e+01 1.772342e+01 2.056365e-01 5.120682e-01 1.413809e+00 1.124351e+00 1.184347e+00 1.210423e+00 2.284727e+00 1.833446e+00 1.644676e+00 1.783587e+00 1.768561e+00 1.533933e+00 2.008042e-01 4.125401e-02 9.898926e-02 2.403925e-01 1.981214e-01 2.722926e-01 2.374097e-01 4.114076e-01 3.261856e-01 2.873579e-01 2.963217e-01 4.153496e-01 2.925367e-01 4.204617e-02 9.540346e-03 2.067989e-02 5.184613e-02 4.131008e-02 5.391811e-02 5.332433e-02 8.757425e-02 7.068472e-02 6.746700e-02 7.147153e-02 8.312615e-02 6.803800e-02 6.840231e-03
<GCONST> 7.886269e+01
<MIXTURE> 2 1.361409e-01
<MEAN> 52
 -4.275701e+00 -1.142781e+01 -4.680240e+00 -2.355223e+01 -2.534669e+00 -1.466992e+01 -9.211132e+00 2.307114e+00 -1.715794e+01 -3.565435e+00 -1.845862e+01 -3.527477e+00 7.239730e+01 7.458431e-02 4.545448e-02 6.864729e-01 4.959547e-01 -4.854784e-01 -5.810463e-01 -1.015895e-01 4.260214e-02 1.163411e-01 -5.347920e-01 -4.775598e-01 -1.980705e-01 -4.400792e-01 -2.165036e-02 4.088058e-02 -1.538298e-01 6.536873e-02 5.194565e-02 1.528783e-01 -7.444052e-02 -1.018152e-01 -3.163394e-02 -1.038386e-01 2.483927e-01 -8.828181e-02 -4.336778e-02 6.553377e-03 2.898592e-02 -3.562940e-02 -8.018759e-03 -1.068126e-02 1.243095e-02 1.608278e-02 -1.243267e-02 -2.576050e-02 1.117714e-02 2.322924e-03 3.167256e-02 -1.819393e-02
<VARIANCE> 52
 2.865305e+00 1.131172e+01 8.059816e+01 2.042880e+01 5.356536e+01 1.651019e+01 2.219063e+01 1.433039e+01 6.331384e+00 1.396250e+01 1.166716e+01 6.725591e+00 2.700665e+00 1.219189e-01 2.100674e-01 4.930722e-01 5.155354e-01 4.023320e-01 9.345383e-01 6.049594e-01 9.878724e-01 6.180506e-01 6.963323e-01 1.348993e+00 6.173561e-01 6.620162e-02 2.464895e-02 4.628885e-02 6.393730e-02 8.681163e-02 8.442976e-02 1.075694e-01 9.556633e-02 1.275133e-01 1.038349e-01 1.100902e-01 1.879493e-01 1.017345e-01 1.490132e-02 4.954970e-03 8.943589e-03 1.208232e-02 2.139257e-02 1.633514e-02 3.303001e-02 1.557422e-02 3.372453e-02 2.876058e-02 2.378605e-02 4.544959e-02 2.250918e-02 2.111888e-03
<GCONST> 3.116384e+01
<MIXTURE> 3 2.408823e-01
<MEAN> 52
 -1.607066e-01 -5.790078e+00 -8.843858e+00 -1.451417e+01 -6.924574e+00 -7.228482e+00 -1.494285e+01 -5.562093e+00 -2.065859e+01 -1.468394e+01 -1.273680e+01 -6.623382e+00 6.431039e+01 -1.187366e-01 3.127112e-01 8.517574e-01 6.999492e-01 -2.454238e-01 -5.568647e-01 -7.432112e-01 -1.001300e-01 3.058505e-02 -3.639101e-01 -4.009437e-01 1.724205e-01 -5.653649e-01 -7.707221e-03 6.079967e-02 -4.052103e-02 -6.107694e-02 4.555557e-02 2.903386e-02 -8.143497e-02 -1.001268e-01 1.773105e-01 1.266892e-01 1.284955e-01 -2.414790e-02 -4.679924e-02 1.946137e-02 2.946801e-02 -1.841638e-02 7.914458e-03 -2.267197e-02 1.664945e-02 9.172558e-02 -3.321130e-02 -1.962793e-02 5.243172e-03 3.626902e-02 -8.024065e-03 -2.054693e-02
<VARIANCE> 52
 4.216098e+00 2.172083e+01 3.767073e+01 2.438294e+01 4.574653e+01 2.919546e+01 7.985988e+01 3.395714e+01 6.698206e+01 1.396560e+02 3.042028e+01 6.446841e+01 5.516782e+01 2.085687e-01 4.073889e-01 1.242896e+00 1.199401e+00 1.605786e+00 1.624140e+00 2.121619e+00 1.208187e+00 2.284409e+00 1.692732e+00 1.114180e+00 1.599433e+00 1.272660e-01 3.064118e-02 6.104450e-02 1.795453e-01 1.612978e-01 2.413965e-01 2.977633e-01 4.229804e-01 2.657827e-01 3.543476e-01 3.396917e-01 2.166986e-01 3.660293e-01 1.902071e-02 6.930458e-03 1.137326e-02 3.524906e-02 4.129611e-02 5.935121e-02 6.978492e-02 8.110002e-02 5.254989e-02 5.786299e-02 8.015608e-02 4.742110e-02 8.251648e-02 4.012526e-03
<GCONST> 7.583382e+01
<STATE> 10
<NUMMIXES> 3
<MIXTURE> 1 4.374956e-01
<MEAN> 52
 2.243891e+00 3.433942e+00 5.031122e+00 -4.854506e-01 -8.259120e+00 8.580202e-01 -9.724950e+00 -9.803089e+00 -7.507612e+00 2.144992e+00 -5.678658e+00 -5.398952e+00 6.595924e+01 -1.384633e-01 1.264055e+00 6.638097e-01 1.609928e+00 5.046572e-01 -6.503858e-01 4.527415e-01 -5.328596e-01 -6.222858e-02 6.931374e-02 -4.133425e-01 1.850924e-01 -1.586707e+00 -2.153460e-01 -1.270029e-01 -1.575723e-01 -3.284555e-01 1.814411e-01 3.897730e-02 1.743187e-01 4.188220e-01 1.392069e-01 -3.792520e-01 2.841024e-01 9.814309e-02 4.116319e-02 -8.920723e-02 -2.135380e-01 -4.361476e-02 -1.758054e-01 -6.632354e-02 6.708630e-03 -3.666852e-02 1.059931e-01 4.031176e-02 -3.772161e-02 9.337447e-02 1.116740e-02 2.056535e-01
<VARIANCE> 52
 5.399333e+00 2.766657e+01 2.904593e+01 4.909554e+01 4.243999e+01 3.291026e+01 6.825687e+01 6.471024e+01 5.287900e+01 5.987258e+01 3.984761e+01 3.957612e+01 1.759174e+01 4.058014e-01 7.630309e-01 2.245619e+00 2.275125e+00 3.203960e+00 2.183229e+00 2.797751e+00 3.559088e+00 2.903078e+00 3.112224e+00 3.295112e+00 2.144759e+00 3.717173e-01 1.136849e-01 2.452231e-01 3.244444e-01 3.996734e-01 5.282224e-01 4.362989e-01 4.916221e-01 6.136101e-01 5.096170e-01 5.244940e-01 5.219018e-01 4.483942e-01 1.761343e-01 2.161350e-02 2.543653e-02 8.868287e-02 7.982478e-02 1.427205e-01 1.077071e-01 9.802373e-02 1.351958e-01 1.093692e-01 1.243770e-01 1.216513e-01 9.505061e-02 2.566905e-02
<GCONST> 1.034615e+02
<MIXTURE> 2 2.564123e-01
<MEAN> 52
 -3.416431e+00 -5.282079e+00 -9.522427e+00 -1.704542e+01 -4.189684e+00 -1.253122e+01 -1.024724e+01 -4.430272e+00 -1.682589e+01 -9.513707e+00 -1.490851e+01 -6.505154e+00 6.528786e+01 8.718513e-02 8.098536e-01 1.437380e-01 1.245581e+00 -6.880075e-01 4.000844e-02 -4.577542e-01 -1.023230e+00 5.209994e-01 -4.801737e-01 9.719988e-01 3.952119e-02 -1.124921e+00 -4.105996e-02 2.676403e-03 1.082822e-01 1.886736e-01 5.057278e-02 5.517291e-02 2.673702e-02 -7.583760e-02 4.355308e-02 6.361537e-02 1.597686e-01 1.724879e-01 -3.448014e-02 -2.890084e-02 -6.184173e-02 2.453559e-02 -5.720079e-02 7.259419e-02 2.699795e-02 3.510009e-02 8.735736e-02 1.469793e-02 4.682786e-02 -9.258615e-02 1.316751e-02 4.394634e-02
<VARIANCE> 52
 1.127706e+01 1.755538e+01 7.097202e+01 4.492382e+01 3.471645e+01 3.417722e+01 2.985809e+01 3.512505e+01 4.603770e+01 5.817864e+01 2.695911e+01 2.708222e+01 2.792451e+01 4.030852e-01 7.103202e-01 1.385574e+00 1.424332e+00 1.655554e+00 1.900044e+00 1.376522e+00 2.182224e+00 1.668279e+00 1.809170e+00 1.578020e+00 1.371079e+00 3.171020e-01 7.078648e-02 1.283139e-01 2.439119e-01 2.851232e-01 3.702905e-01 3.417825e-01 2.756511e-01 3.736533e-01 3.020778e-01 3.013285e-01 3.365065e-01 2.884889e-01 4.408644e-02 1.395860e-02 2.256904e-02 4.948242e-02 7.139155e-02 6.773935e-02 7.633350e-02 5.388592e-02 8.366211e-02 7.048894e-02 6.173286e-02 5.828253e-02 6.787422e-02 5.948242e-03
<GCONST> 8.315054e+01
<MIXTURE> 3 3.060921e-01
<MEAN> 52
 -2.007550e+00 6.868454e-01 -3.642461e+00 -8.257110e+00 -7.334057e+00 -1.127765e+01 -1.537258e+01 -1.294376e+01 -1.509270e+01 -1.221799e+01 -1.034409e+01 -2.074867e+00 5.775867e+01 -4.422415e-01 6.247820e-02 1.137180e-01 8.751231e-01 2.606165e-01 8.666152e-01 6.120576e-01 -1.138262e-01 1.070871e+00 7.025345e-01 6.406920e-01 3.664972e-01 -9.191616e-01 -1.231410e-01 -2.527863e-01 -1.218184e-01 -2.135532e-01 9.840804e-02 2.156935e-01 3.019648e-01 4.397995e-01 2.068915e-01 2.541834e-01 -3.992513e-02 -5.778837e-02 1.438405e-01 1.004923e-02 -3.607366e-05 1.855404e-02 -5.420465e-02 -8.053660e-02 -1.000054e-01 -6.210502e-02 2.710472e-03 -2.851422e-02 -1.843494e-02 -1.972424e-02 -2.553541e-02 5.462132e-02
<VARIANCE> 52
 1.614557e+01 2.248602e+01 2.824604e+01 2.578704e+01 2.864664e+01 4.817081e+01 4.703393e+01 4.073980e+01 6.967855e+01 5.148758e+01 3.235198e+01 4.284882e+01 3.104497e+01 8.656848e-01 1.671141e+00 1.824984e+00 1.690671e+00 2.985746e+00 3.080212e+00 3.627811e+00 4.830182e+00 4.541343e+00 2.704232e+00 2.705215e+00 2.459043e+00 5.268180e-01 1.488283e-01 1.780695e-01 2.574972e-01 2.846197e-01 3.827716e-01 4.533018e-01 4.645451e-01 5.207387e-01 6.900842e-01 4.113573e-01 4.571725e-01 3.829823e-01 9.379645e-02 3.407675e-02 5.495774e-02 6.447779e-02 7.705311e-02 1.239072e-01 1.150991e-01 1.298610e-01 1.768762e-01 1.674780e-01 9.749502e-02 1.162362e-01 1.017310e-01 1.920935e-02
<GCONST> 1.051418e+02
<STATE> 11
<NUMMIXES> 3
<MIXTURE> 1 3.030134e-01
<MEAN> 52
 -3.296901e+00 4.577228e+00 4.088818e+00 8.100535e-01 -5.673772e+00 -3.975335e+00 -6.289116e+00 -7.902596e+00 -6.486575e+00 -2.183531e+00 -4.505664e+00 -3.516770e+00 6.211847e+01 -1.778277e+00 -9.661287e-01 6.780364e-01 -1.039108e+00 -7.757551e-01 -6.681358e-01 2.922188e-01 1.181167e+00 4.088605e-01 -7.941714e-01 1.529887e+00 5.954186e-01 1.522109e+00 1.350174e-01 -2.499755e-01 4.882917e-01 -3.982517e-01 -9.725316e-01 1.812919e-01 -5.363849e-01 -1.589440e-01 -2.597542e-01 1.724442e-01 1.423789e-01 -4.963325e-02 7.292182e-01 2.565830e-01 1.807901e-01 2.135275e-02 1.644746e-01 3.858213e-02 1.108676e-01 -7.295609e-02 -1.472600e-01 -1.091806e-01 1.161905e-01 -2.221261e-01 -1.104086e-01 -2.462748e-01
<VARIANCE> 52
 3.107236e+01 3.264876e+01 4.095816e+01 3.764865e+01 4.142648e+01 4.762959e+01 5.664689e+01 3.731247e+01 3.967908e+01 4.590651e+01 3.474236e+01 2.480318e+01 5.063441e+01 2.245770e+00 2.330177e+00 4.465995e+00 4.217422e+00 7.695380e+00 4.821901e+00 6.010397e+00 4.405079e+00 4.631904e+00 5.485341e+00 3.121367e+00 2.761774e+00 3.565900e+00 6.585320e-01 5.741023e-01 6.206395e-01 7.928860e-01 1.016954e+00 8.414834e-01 1.006385e+00 9.064651e-01 8.024141e-01 8.313965e-01 7.529060e-01 6.402268e-01 5.038314e-01 8.992011e-02 1.052141e-01 1.961543e-01 1.765343e-01 3.895642e-01 1.732145e-01 2.394202e-01 1.859357e-01 1.980982e-01 2.131089e-01 1.504999e-01 1.187252e-01 1.393566e-01
<GCONST> 1.346671e+02
<MIXTURE> 2 3.036988e-01
<MEAN> 52
 -4.566198e-01 5.277188e+00 4.045867e+00 7.993076e-01 1.879025e-01 3.457420e+00 -3.381391e+00 -5.636033e+00 -5.067336e+00 -2.599174e+00 -5.765934e+00 -4.270701e+00 5.874784e+01 -7.663940e-01 -3.941988e-01 -4.909607e-01 2.095306e-01 6.635771e-01 1.078673e-01 6.180907e-01 4.012090e-01 4.944080e-01 9.615324e-02 2.801343e-01 3.155825e-01 -9.026555e-01 -4.624686e-02 -3.431425e-01 -2.742149e-01 -4.488631e-01 -3.880803e-01 -2.105873e-01 -2.289421e-01 -2.107500e-02 2.370348e-03 1.496886e-01 7.101575e-02 3.038648e-02 1.583449e-01 4.255383e-02 4.969544e-02 4.112462e-02 2.196472e-02 -7.072852e-02 -1.044479e-01 -1.008807e-01 -8.889180e-02 -4.772397e-02 -1.994293e-03 -3.267952e-02 -2.683239e-02 3.766803e-02
<VARIANCE> 52
 9.821872e+00 1.483206e+01 1.690907e+01 2.479845e+01 2.422809e+01 2.923524e+01 4.359513e+01 3.657421e+01 2.399054e+01 2.678958e+01 2.720208e+01 2.121174e+01 1.118283e+01 4.977629e-01 1.019797e+00 8.438288e-01 1.609521e+00 2.037258e+00 2.069018e+00 2.364174e+00 2.476632e+00 2.157423e+00 2.079971e+00 1.540727e+00 1.776970e+00 3.700522e-01 6.900365e-02 1.567848e-01 1.533349e-01 2.489627e-01 3.125869e-01 4.646952e-01 4.185084e-01 4.469713e-01 3.616877e-01 3.637652e-01 3.218147e-01 3.302299e-01 3.425549e-02 1.462671e-02 3.265738e-02 3.626714e-02 6.041042e-02 7.910407e-02 9.553468e-02 9.368832e-02 9.742139e-02 8.046134e-02 9.226229e-02 6.970276e-02 7.985087e-02 7.509054e-03
<GCONST> 8.273404e+01
<MIXTURE> 3 3.932877e-01
<MEAN> 52
 -6.407816e+00 -2.056202e+00 -3.492275e+00 -6.527257e+00 -3.057203e+00 -5.299928e-01 -5.220636e+00 -3.525676e+00 -4.049747e+00 -2.288763e+00 -2.944583e+00 -2.603223e+00 5.449518e+01 -5.279315e-01 -5.788661e-01 -6.545882e-01 -4.699108e-01 -4.428724e-01 -4.771527e-01 -9.933262e-02 1.261601e-02 5.240963e-01 4.443446e-01 3.359585e-01 2.777049e-01 -4.338580e-01 1.794086e-01 1.584720e-01 1.851194e-01 1.389601e-01 6.091433e-02 -1.944141e-02 -1.663613e-01 -1.833259e-01 -1.666602e-01 -1.069267e-01 -1.811708e-01 -8.076915e-02 1.491261e-01 7.002071e-03 3.088944e-02 4.857099e-02 9.868383e-02 7.803198e-02 7.214604e-02 4.552847e-02 8.181553e-03 1.557088e-02 -3.620860e-02 -2.182144e-02 -3.337190e-03 -1.720716e-02
<VARIANCE> 52
 1.497389e+01 1.880124e+01 1.810006e+01 2.887591e+01 1.757921e+01 2.399750e+01 4.147702e+01 2.384708e+01 2.784736e+01 2.476868e+01 1.954632e+01 1.797510e+01 1.634722e+01 4.947058e-01 8.783904e-01 1.156439e+00 1.543770e+00 1.679745e+00 2.149796e+00 2.620809e+00 2.316444e+00 2.420871e+00 2.241416e+00 1.722337e+00 1.757377e+00 2.119220e-01 6.966539e-02 1.400164e-01 1.650192e-01 2.253727e-01 3.232571e-01 4.106970e-01 5.247343e-01 4.127618e-01 4.015739e-01 4.073188e-01 2.726913e-01 3.330707e-01 2.911556e-02 1.785553e-02 3.580258e-02 4.140487e-02 5.199861e-02 7.602216e-02 8.793839e-02 1.149541e-01 8.853184e-02 9.758960e-02 8.996989e-02 7.067261e-02 8.087552e-02 6.128591e-03
<GCONST> 8.238058e+01
<TRANSP> 12
 0.000000e+00 1.000000e+00 0.000000e+00 0.000000e+00 0.000000e+00 0.000000e+00 0.000000e+00 0.000000e+00 0.000000e+00 0.000000e+00 0.000000e+00 0.000000e+00
 0.000000e+00 7.874933e-01 2.125066e-01 0.000000e+00 0.000000e+00 0.000000e+00 0.000000e+00 0.000000e+00 0.000000e+00 0.000000e+00 0.000000e+00 0.000000e+00
 0.000000e+00 0.000000e+00 8.393376e-01 1.606624e-01 0.000000e+00 0.000000e+00 0.000000e+00 0.000000e+00 0.000000e+00 0.000000e+00 0.000000e+00 0.000000e+00
 0.000000e+00 0.000000e+00 0.000000e+00 8.381192e-01 1.618808e-01 0.000000e+00 0.000000e+00 0.000000e+00 0.000000e+00 0.000000e+00 0.000000e+00 0.000000e+00
 0.000000e+00 0.000000e+00 0.000000e+00 0.000000e+00 7.502323e-01 2.497678e-01 0.000000e+00 0.000000e+00 0.000000e+00 0.000000e+00 0.000000e+00 0.000000e+00
 0.000000e+00 0.000000e+00 0.000000e+00 0.000000e+00 0.000000e+00 7.390339e-01 2.609662e-01 0.000000e+00 0.000000e+00 0.000000e+00 0.000000e+00 0.000000e+00
 0.000000e+00 0.000000e+00 0.000000e+00 0.000000e+00 0.000000e+00 0.000000e+00 7.270510e-01 2.729490e-01 0.000000e+00 0.000000e+00 0.000000e+00 0.000000e+00
 0.000000e+00 0.000000e+00 0.000000e+00 0.000000e+00 0.000000e+00 0.000000e+00 0.000000e+00 7.965612e-01 2.034388e-01 0.000000e+00 0.000000e+00 0.000000e+00
 0.000000e+00 0.000000e+00 0.000000e+00 0.000000e+00 0.000000e+00 0.000000e+00 0.000000e+00 0.000000e+00 8.406581e-01 1.593420e-01 0.000000e+00 0.000000e+00
 0.000000e+00 0.000000e+00 0.000000e+00 0.000000e+00 0.000000e+00 0.000000e+00 0.000000e+00 0.000000e+00 0.000000e+00 7.982243e-01 2.017757e-01 0.000000e+00
 0.000000e+00 0.000000e+00 0.000000e+00 0.000000e+00 0.000000e+00 0.000000e+00 0.000000e+00 0.000000e+00 0.000000e+00 0.000000e+00 8.144681e-01 1.855319e-01
 0.000000e+00 0.000000e+00 0.000000e+00 0.000000e+00 0.000000e+00 0.000000e+00 0.000000e+00 0.000000e+00 0.000000e+00 0.000000e+00 0.000000e+00 0.000000e+00
<ENDHMM>
