~o
<STREAMINFO> 1 13
<VECSIZE> 13<NULLD><MFCC_0><DIAGC>
~h "\347\221\236"
<BEGINHMM>
<NUMSTATES> 6
<STATE> 2
<MEAN> 13
 -4.337674e-01 -2.366536e+00 3.727005e+00 -6.383950e+00 -9.344823e+00 -1.458703e+01 3.720426e+00 -5.869157e+00 -3.246533e+00 -2.210561e+00 -3.660836e+00 -3.176130e+00 5.976984e+01
<VARIANCE> 13
 1.177088e+01 5.802312e+00 5.543357e+00 1.419322e+01 6.268195e+01 3.069012e+01 1.729286e+01 2.564916e+01 1.892130e+01 2.203542e+01 3.489989e+01 1.398934e+01 7.706105e+00
<GCONST> 6.040420e+01
<STATE> 3
<MEAN> 13
 1.413712e+00 -6.844717e+00 4.012780e+00 -1.749635e+01 -2.003281e+01 -1.195919e+01 4.293880e+00 -4.961612e+00 -1.616086e+00 -6.225389e+00 -4.880512e-01 -7.224051e+00 6.779552e+01
<VARIANCE> 13
 4.071514e+00 2.327202e+00 2.204029e+00 2.407907e+01 1.015992e+01 2.645284e+01 6.146434e+00 1.471634e+01 1.312239e+01 8.753935e+00 5.442870e+01 1.072040e+01 5.438604e+00
<GCONST> 5.301775e+01
<STATE> 4
<MEAN> 13
 -3.062724e+00 -1.533799e+00 -2.156240e+00 -2.240140e+01 -1.016131e+01 -6.115403e+00 4.547876e+00 1.692303e+00 2.179106e+00 -6.342919e+00 -1.135685e+01 -1.228468e+00 6.675614e+01
<VARIANCE> 13
 4.336153e+00 9.256186e+00 3.534542e+00 9.560979e+00 1.172723e+01 1.046796e+01 8.683961e+00 2.094568e+01 1.120092e+01 1.354714e+01 1.491897e+01 1.322983e+01 1.541784e+01
<GCONST> 5.416140e+01
<STATE> 5
<MEAN> 13
 -4.377553e+00 6.827959e-01 7.636257e-01 -1.083436e+01 -4.389966e+00 -7.303522e+00 3.176958e+00 -2.308325e+00 1.115948e+00 -5.930626e-01 -5.536270e+00 -3.085057e+00 5.859163e+01
<VARIANCE> 13
 3.194024e+00 8.242923e+00 1.230368e+01 1.860303e+01 2.992554e+01 1.997148e+01 4.532894e+01 1.787585e+01 2.213625e+01 3.089498e+01 2.903170e+01 5.694545e+01 4.457808e+00
<GCONST> 6.111963e+01
<TRANSP> 6
 0.000000e+00 1.000000e+00 0.000000e+00 0.000000e+00 0.000000e+00 0.000000e+00
 0.000000e+00 8.461539e-01 1.538462e-01 0.000000e+00 0.000000e+00 0.000000e+00
 0.000000e+00 0.000000e+00 8.095238e-01 1.904762e-01 0.000000e+00 0.000000e+00
 0.000000e+00 0.000000e+00 0.000000e+00 8.400000e-01 1.600000e-01 0.000000e+00
 0.000000e+00 0.000000e+00 0.000000e+00 0.000000e+00 8.260869e-01 1.739130e-01
 0.000000e+00 0.000000e+00 0.000000e+00 0.000000e+00 0.000000e+00 0.000000e+00
<ENDHMM>
