~o
<STREAMINFO> 1 13
<VECSIZE> 13<NULLD><MFCC_0><DIAGC>
~h "sil"
<BEGINHMM>
<NUMSTATES> 6
<STATE> 2
<MEAN> 13
 -6.604578e+00 -3.953419e+00 1.139406e+00 -5.798871e+00 -2.631860e-01 -5.626437e+00 4.892560e+00 -2.734232e+00 2.178950e+00 5.062382e-01 -3.423203e+00 -1.235017e-01 5.601743e+01
<VARIANCE> 13
 1.997835e+00 5.110369e+00 6.153267e+00 1.200346e+01 1.379427e+01 1.555797e+01 1.491339e+01 2.432014e+01 1.771757e+01 2.281918e+01 1.785906e+01 1.391056e+01 8.541638e-01
<GCONST> 5.313999e+01
<STATE> 3
<MEAN> 13
 -7.651665e+00 -2.951554e+00 2.977637e-01 -3.604913e+00 -1.038707e+00 -4.904483e+00 2.223879e+00 -4.437673e+00 9.083791e-01 5.404831e-01 -5.719046e+00 7.012873e-02 5.663253e+01
<VARIANCE> 13
 9.902263e+00 1.295390e+01 1.826187e+01 1.586612e+01 1.602894e+01 2.596060e+01 7.595301e+00 1.798063e+01 6.835297e+00 4.207109e+01 7.331900e+00 1.796577e+01 1.897292e+00
<GCONST> 5.654596e+01
<STATE> 4
<MEAN> 13
 -1.290221e+01 1.140117e+00 -5.503119e+00 1.065515e+00 -4.753070e+00 -1.936581e+00 -4.323421e-01 1.172055e+00 -1.574705e+00 -1.471568e+00 -1.176709e+00 -1.185092e+00 5.935791e+01
<VARIANCE> 13
 2.202026e+01 2.399323e+01 2.761223e+01 2.449365e+01 2.353423e+01 2.484636e+01 1.933490e+01 2.809951e+01 2.691573e+01 2.722268e+01 2.709004e+01 1.676950e+01 7.539909e+00
<GCONST> 6.408334e+01
<STATE> 5
<MEAN> 13
 -6.168555e+00 -3.712281e+00 1.269714e+00 -4.517422e+00 1.744513e+00 -5.411323e+00 4.388263e+00 -1.878972e+00 1.088915e+00 -8.515541e-01 -3.895679e+00 -8.285401e-01 5.632937e+01
<VARIANCE> 13
 4.632608e+00 7.776662e+00 8.293972e+00 5.474198e+00 1.516421e+01 1.802963e+01 1.853118e+01 3.365831e+01 2.998903e+01 1.567635e+01 1.710177e+01 1.305606e+01 2.022364e+00
<GCONST> 5.560458e+01
<TRANSP> 6
 0.000000e+00 1.000000e+00 0.000000e+00 0.000000e+00 0.000000e+00 0.000000e+00
 0.000000e+00 8.674033e-01 1.325967e-01 0.000000e+00 0.000000e+00 0.000000e+00
 0.000000e+00 0.000000e+00 0.000000e+00 1.000000e+00 0.000000e+00 0.000000e+00
 0.000000e+00 0.000000e+00 0.000000e+00 6.250000e-01 3.750000e-01 0.000000e+00
 0.000000e+00 0.000000e+00 0.000000e+00 0.000000e+00 5.862069e-01 4.137931e-01
 0.000000e+00 0.000000e+00 0.000000e+00 0.000000e+00 0.000000e+00 0.000000e+00
<ENDHMM>
