~o
<STREAMINFO> 1 39
<VECSIZE> 39<NULLD><MFCC_D_A_0><DIAGC>
~h "world"
<BEGINHMM>
<NUMSTATES> 10
<STATE> 2
<MEAN> 39
 1.616927e+001 7.694974e+000 -1.492181e+000 -1.715364e+001 -6.992004e+000 6.074508e-001 7.366093e-001 -4.483851e+000 -6.796878e+000 -5.324319e+000 -6.578612e+000 2.417853e+000 5.504945e+001 1.145992e+000 -5.498917e-001 3.160413e-001 -4.725419e+000 -8.195576e-002 9.070060e-001 -7.819862e-001 -7.794551e-001 -1.314082e-001 9.950323e-001 -1.949553e+000 1.684978e+000 3.088552e+000 -1.060507e+000 -3.245849e-001 3.885930e-001 -2.912526e-001 6.218879e-001 6.800452e-004 -1.711524e-001 2.960611e-001 3.348705e-001 6.206705e-001 -2.302171e-001 1.235507e-001 -1.718891e-001
<VARIANCE> 39
 3.555114e+001 1.768376e+002 3.773854e+001 1.339005e+002 5.304119e+001 7.484113e+001 2.566698e+001 2.589631e+001 2.083801e+001 3.224978e+001 5.865942e+001 4.761812e+001 7.789299e+001 1.264535e+001 9.219662e+000 8.139720e+000 8.321049e+000 6.819637e+000 6.538623e+000 3.332019e+000 2.183363e+000 4.055857e+000 5.851896e+000 7.542217e+000 3.990750e+000 5.593260e+000 2.087904e+000 1.424019e+000 1.523745e+000 1.611475e+000 1.225853e+000 1.372973e+000 6.681963e-001 4.128553e-001 7.865759e-001 7.757086e-001 1.222404e+000 9.282766e-001 8.392053e-001
<GCONST> 1.462645e+002
<STATE> 3
<MEAN> 39
 1.052740e+001 2.177420e+000 9.814350e-001 -4.567664e+001 1.431379e+000 4.284286e+000 -5.855952e+000 -2.501442e+000 -4.908006e+000 5.741093e+000 -1.973669e+001 8.466798e+000 6.977208e+001 -1.492975e+000 -1.765314e+000 -2.333791e-001 -1.406374e+000 1.640893e+000 -3.565007e-001 1.496345e-001 9.182495e-001 -1.520036e-001 4.071019e-001 -6.200555e-002 -9.677527e-001 1.861555e+000 1.751150e-001 8.183715e-002 -3.212683e-001 1.245337e+000 -3.549742e-001 4.778242e-003 6.163930e-001 -2.755404e-001 -5.046613e-002 -7.217235e-001 8.194501e-001 -3.878919e-001 -4.068792e-001
<VARIANCE> 39
 7.615834e+000 1.694006e+001 8.172717e+000 2.659833e+001 3.957868e+001 2.493609e+001 1.980237e+001 2.736572e+001 8.822022e+000 1.655862e+001 4.016136e+001 2.864942e+001 1.394574e+001 6.185175e-001 9.597837e-001 9.008981e-001 9.475973e+000 4.208128e+000 1.589122e+000 3.274863e+000 2.301687e+000 1.494609e+000 3.904249e+000 4.836008e+000 1.081199e+000 9.969471e-001 8.337110e-002 1.492483e-001 1.841054e-001 5.921279e-001 5.198934e-001 2.940729e-001 2.976528e-001 7.113708e-001 4.402021e-001 4.117386e-001 6.687520e-001 4.917825e-001 9.800891e-002
<GCONST> 1.035579e+002
<STATE> 4
<MEAN> 39
 4.926405e+000 -6.945642e+000 -4.065926e+000 -3.757885e+001 3.557177e+000 3.099782e+000 4.812508e+000 -1.085818e+001 -1.384351e+000 4.610096e-001 -7.514936e+000 -3.148759e-001 7.599142e+001 -3.560573e-001 -1.156394e+000 -7.185223e-001 2.232715e+000 -4.077295e-001 -4.460232e-001 1.489182e+000 -2.047115e+000 9.536159e-001 -3.305531e-001 2.223472e+000 -1.647377e+000 3.693395e-001 1.155005e-001 5.687663e-003 4.567410e-002 2.275384e-001 -1.489408e-001 -1.811412e-001 -2.224000e-001 1.732490e-001 2.648543e-002 1.337928e-001 -2.244329e-002 -1.213888e-001 -1.126512e-001
<VARIANCE> 39
 4.095804e+000 1.434251e+001 1.310283e+001 3.982130e+001 1.810020e+001 1.307246e+001 4.651546e+001 8.576819e+001 2.148021e+001 1.099249e+001 4.555353e+001 3.132949e+001 8.883370e+000 1.441004e-001 3.002945e-001 3.803031e-001 1.897586e+000 1.372429e+000 1.840084e+000 1.397443e+000 3.103209e+000 1.187935e+000 2.063920e+000 9.813513e-001 1.564272e+000 1.344676e-001 3.028456e-002 6.415827e-002 7.028177e-002 1.804660e-001 1.998016e-001 2.353952e-001 3.103589e-001 8.310874e-001 2.815045e-001 3.719241e-001 2.171446e-001 2.474373e-001 2.727257e-002
<GCONST> 8.511821e+001
<STATE> 5
<MEAN> 39
 4.875821e+000 -1.590459e+001 -7.234610e+000 -1.507850e+001 -2.284423e+000 -5.903396e+000 6.168999e+000 -1.169586e+001 3.943150e+000 -1.255160e+000 3.745934e+000 -1.026988e+001 7.612165e+001 2.457471e-001 -4.262433e-001 -4.324346e-001 2.839260e+000 -2.638469e-001 -2.033365e+000 -1.109084e+000 1.280124e+000 1.171567e+000 -1.143361e+000 -1.490720e-002 7.434161e-001 -4.747513e-001 8.781856e-002 2.434369e-001 8.175811e-003 -1.768811e-001 3.178118e-001 -1.990646e-001 -1.711041e-001 -1.257772e-001 2.762314e-001 -1.901859e-001 -4.984848e-001 7.511716e-001 -1.601937e-001
<VARIANCE> 39
 5.397034e+000 7.647429e+000 5.574646e+000 4.895012e+001 1.025115e+001 2.704741e+001 3.578262e+001 4.827035e+001 1.826193e+001 2.403786e+001 1.358247e+001 2.165346e+001 6.564252e+000 2.219942e-001 8.109801e-001 5.631709e-001 1.037530e+000 1.188082e+000 1.108603e+000 9.587411e-001 1.527121e+000 1.088365e+000 1.214934e+000 1.650041e+000 3.767257e+000 1.646502e-001 3.391375e-002 6.906640e-002 1.176774e-001 1.327091e-001 1.581724e-001 1.967439e-001 2.062596e-001 4.805390e-001 1.018972e-001 1.267325e-001 1.112882e-001 1.240737e-001 1.714924e-002
<GCONST> 7.774788e+001
<STATE> 6
<MEAN> 39
 8.001367e+000 -1.515983e+001 -7.355266e+000 -7.803039e-001 2.167422e+000 -2.210547e+001 2.413984e-001 -1.101835e+001 1.474126e+001 -9.805591e+000 -5.131033e+000 6.068167e+000 6.974468e+001 5.825626e-001 -2.378858e-002 1.971535e+000 1.588703e+000 3.794743e-001 -1.316675e+000 -6.328740e-001 -4.889446e-001 -1.950466e-001 -2.552404e-001 -2.441724e+000 2.527637e+000 -1.623578e+000 -2.973931e-001 6.943729e-002 8.667313e-001 -4.231636e-001 -4.644894e-001 1.142950e+000 -3.653303e-002 1.396067e-002 -1.043161e+000 5.971325e-001 -1.129586e-002 -8.204698e-001 -1.577387e-001
<VARIANCE> 39
 1.069736e+001 7.209011e+000 2.378483e+001 2.642475e+001 1.797751e+001 2.655910e+001 2.717084e+001 2.566163e+001 2.851742e+001 2.514237e+001 3.539291e+001 4.105269e+001 1.208555e+001 2.681808e-001 4.863992e-001 3.045567e+000 9.193990e-001 3.335053e+000 6.667049e+000 1.596105e+000 1.948220e+000 7.534960e+000 2.615868e+000 1.474918e+000 3.657339e+000 3.600696e-001 1.873492e-001 1.519034e-001 1.662322e-001 2.349715e-001 4.263237e-001 7.698788e-001 4.213839e-001 2.944103e-001 5.092446e-001 2.515526e-001 5.863239e-001 7.401610e-001 3.318032e-002
<GCONST> 1.021055e+002
<STATE> 7
<MEAN> 39
 -3.369670e+000 -8.849781e+000 8.760584e+000 -6.964177e+000 4.372598e+000 -1.525671e+001 -1.132958e+000 -1.121099e+001 3.399397e+000 -3.150007e+000 -9.108701e+000 7.474283e-001 6.180315e+001 -1.441161e+000 9.296687e-001 1.879907e-001 -2.500151e+000 1.171481e+000 -1.437037e-001 2.353595e-001 -1.642920e-001 2.988934e-001 7.950460e-001 3.196130e-001 -1.456051e+000 6.071119e-001 3.210930e-001 -1.051170e-001 -6.052578e-001 -2.636860e-001 2.690379e-001 -3.810738e-001 8.532763e-002 -6.401020e-002 7.444599e-001 -2.270861e-002 -5.560078e-002 5.672337e-002 4.256280e-001
<VARIANCE> 39
 8.215970e+001 3.746471e+001 5.709497e+001 8.089172e+001 5.917043e+001 6.519661e+001 5.796620e+001 3.397317e+001 3.272370e+001 3.989964e+001 8.348742e+001 6.397702e+001 4.284222e+001 1.052098e+001 4.233101e+000 1.321630e+001 3.340723e+000 5.084957e+000 1.253594e+001 8.835338e+000 4.241490e+000 9.151018e+000 4.155374e+000 1.079635e+001 4.370156e+000 8.158335e+000 1.864135e+000 8.967100e-001 1.635607e+000 7.303809e-001 1.010105e+000 2.133289e+000 1.808348e+000 8.633356e-001 6.815165e-001 7.744592e-001 2.219284e+000 8.917373e-001 1.124495e+000
<GCONST> 1.505251e+002
<STATE> 8
<MEAN> 39
 -2.109988e+000 -7.715547e+000 5.883083e-001 -2.270700e+001 1.398603e+001 -1.862635e+001 2.446036e+000 -1.618786e+001 1.975587e+001 -8.534405e-001 -1.304516e+001 -4.424092e+000 7.197456e+001 5.496826e-001 2.314217e-001 -6.144463e-001 4.254773e-001 9.034243e-001 2.189471e+000 5.834689e-001 -8.531934e-001 1.450990e+000 -8.269727e-001 -5.692315e-001 -1.741121e-001 -8.382655e-001 -2.232455e-001 4.722479e-002 -1.715344e-002 6.551726e-001 -3.186228e-002 6.718335e-001 -1.524982e-002 1.987674e-001 -6.704436e-001 -4.425528e-001 6.249658e-001 1.602811e-001 -7.809933e-001
<VARIANCE> 39
 3.398088e+000 6.079379e+000 4.434550e+000 7.753361e+000 1.484352e+001 2.604274e+001 1.656900e+001 1.454543e+001 1.758979e+001 1.744957e+001 2.174484e+001 9.455224e+000 1.132719e+001 6.873704e-001 1.017706e+000 6.057685e-001 3.860822e+000 1.017483e+000 2.478745e+000 1.290912e+000 1.489319e+000 3.111548e+000 2.763648e+000 3.564868e+000 8.990850e-001 3.153383e+000 2.844559e-001 2.556352e-001 2.598069e-001 3.996602e-001 2.149238e-001 3.510537e-001 6.152804e-001 3.111850e-001 2.752121e-001 3.497061e-001 4.696210e-001 1.589981e-001 9.135611e-002
<GCONST> 9.324868e+001
<STATE> 9
<MEAN> 39
 2.116005e+000 -3.634905e+000 -7.708807e+000 -1.152831e+001 1.723442e+001 1.155396e-001 -3.057804e+000 -1.261326e+001 1.542473e+001 -5.315160e+000 -4.306162e+000 -1.772528e+000 5.294925e+001 3.197951e-001 8.947396e-001 -9.593766e-001 1.311868e+000 -4.752777e-001 1.937862e+000 -1.140727e+000 1.163307e+000 -1.538805e+000 6.995789e-001 1.489116e+000 6.402482e-001 -2.795721e+000 -1.018556e-001 3.208020e-001 4.031682e-001 4.509125e-002 -2.659455e-001 -2.331109e-001 2.140251e-001 1.703214e-001 -2.165963e-001 2.721637e-001 -1.245430e-001 -9.232428e-002 9.981551e-002
<VARIANCE> 39
 1.603932e+001 3.739365e+001 4.448619e+001 8.246200e+001 3.175530e+001 4.065661e+001 3.781257e+001 5.013505e+001 6.500190e+001 3.344376e+001 4.273542e+001 1.820678e+001 5.697350e+001 1.583582e+000 3.556731e+000 4.426509e+000 3.299895e+000 3.095274e+000 3.741008e+000 4.189491e+000 2.866552e+000 2.528991e+000 3.803325e+000 2.921436e+000 1.322846e+000 8.588230e-001 1.739143e-001 6.012555e-001 7.226837e-001 7.152166e-001 4.376131e-001 5.548651e-001 8.445989e-001 5.966297e-001 3.871835e-001 7.703781e-001 3.853899e-001 2.673668e-001 6.700967e-002
<GCONST> 1.209799e+002
<TRANSP> 10
 0.000000e+000 1.000000e+000 0.000000e+000 0.000000e+000 0.000000e+000 0.000000e+000 0.000000e+000 0.000000e+000 0.000000e+000 0.000000e+000
 0.000000e+000 8.486475e-001 1.513524e-001 0.000000e+000 0.000000e+000 0.000000e+000 0.000000e+000 0.000000e+000 0.000000e+000 0.000000e+000
 0.000000e+000 0.000000e+000 8.286580e-001 1.713420e-001 0.000000e+000 0.000000e+000 0.000000e+000 0.000000e+000 0.000000e+000 0.000000e+000
 0.000000e+000 0.000000e+000 0.000000e+000 8.785059e-001 1.214941e-001 0.000000e+000 0.000000e+000 0.000000e+000 0.000000e+000 0.000000e+000
 0.000000e+000 0.000000e+000 0.000000e+000 0.000000e+000 8.597016e-001 1.402983e-001 0.000000e+000 0.000000e+000 0.000000e+000 0.000000e+000
 0.000000e+000 0.000000e+000 0.000000e+000 0.000000e+000 0.000000e+000 8.075277e-001 1.924724e-001 0.000000e+000 0.000000e+000 0.000000e+000
 0.000000e+000 0.000000e+000 0.000000e+000 0.000000e+000 0.000000e+000 0.000000e+000 8.901442e-001 1.098558e-001 0.000000e+000 0.000000e+000
 0.000000e+000 0.000000e+000 0.000000e+000 0.000000e+000 0.000000e+000 0.000000e+000 0.000000e+000 8.412515e-001 1.587485e-001 0.000000e+000
 0.000000e+000 0.000000e+000 0.000000e+000 0.000000e+000 0.000000e+000 0.000000e+000 0.000000e+000 0.000000e+000 8.718022e-001 1.281979e-001
 0.000000e+000 0.000000e+000 0.000000e+000 0.000000e+000 0.000000e+000 0.000000e+000 0.000000e+000 0.000000e+000 0.000000e+000 0.000000e+000
<ENDHMM>
