~o
<STREAMINFO> 1 26
<VECSIZE> 26<NULLD><MFCC_D_0><DIAGC>
~h "rx"
<BEGINHMM>
<NUMSTATES> 12
<STATE> 2
<MEAN> 26
 1.833887e+00 -1.635503e+00 1.753753e+00 1.415061e+00 -6.507153e+00 -5.388149e+00 -1.801760e+01 -8.407282e+00 -3.039500e+00 -1.100447e+00 -5.116869e+00 -3.581549e+00 6.593055e+01 3.307857e-01 -1.182987e+00 5.086693e-01 -3.195334e-01 -1.313494e+00 -5.652471e-01 -1.707215e+00 1.082659e+00 3.116345e-01 -2.494924e-01 1.481042e-01 6.541578e-02 1.836723e+00
<VARIANCE> 26
 1.622445e+01 4.322977e+01 3.581497e+01 5.059097e+01 6.138779e+01 6.388611e+01 7.829041e+01 6.773592e+01 5.359971e+01 3.876493e+01 4.051184e+01 3.424535e+01 4.196261e+01 2.159660e+00 2.717751e+00 2.470009e+00 4.304928e+00 4.833269e+00 4.775031e+00 5.654503e+00 6.011921e+00 4.013983e+00 2.879732e+00 3.490482e+00 2.771318e+00 2.163668e+00
<GCONST> 1.135888e+02
<STATE> 3
<MEAN> 26
 -1.267684e+00 -6.838560e+00 9.066240e+00 -2.872656e+00 -1.623431e+01 -7.452995e+00 -1.819567e+01 2.557170e+00 -5.142220e+00 -4.289308e+00 2.848150e-01 -2.742913e+00 7.463194e+01 -1.038319e+00 6.015231e-01 1.764765e+00 -4.878581e-01 -9.463682e-01 -2.287800e-01 1.252688e+00 3.356749e-01 -1.539658e+00 -3.579657e-01 1.170856e+00 2.285146e-01 4.160798e-01
<VARIANCE> 26
 1.054702e+01 4.426361e+01 4.099643e+01 5.232972e+01 3.245445e+01 3.936535e+01 5.551983e+01 4.466531e+01 6.171690e+01 3.721547e+01 4.385855e+01 4.169289e+01 1.139450e+01 3.695832e-01 9.581318e-01 1.243986e+00 2.038109e+00 1.573609e+00 1.875561e+00 1.790063e+00 3.479403e+00 1.971476e+00 2.343511e+00 1.902016e+00 1.363925e+00 4.477895e-01
<GCONST> 9.873808e+01
<STATE> 4
<MEAN> 26
 -6.947378e+00 -7.665412e-01 1.547424e+01 -7.897558e+00 -1.678133e+01 -6.102163e+00 -1.516880e+01 -4.377841e+00 -1.237051e+01 -2.452871e+00 -1.710350e+00 -2.260107e+00 7.220424e+01 -8.393066e-01 2.092340e+00 4.193292e-01 3.385767e-01 1.342804e+00 1.404262e-01 7.407138e-01 -1.076894e+00 2.079240e-01 2.567626e-01 -3.790332e-01 2.570933e-01 -7.720238e-01
<VARIANCE> 26
 1.211698e+01 3.954098e+01 5.214389e+01 1.003787e+02 4.851864e+01 4.710770e+01 4.207835e+01 6.555476e+01 4.953188e+01 5.439111e+01 9.890452e+01 4.043722e+01 3.130583e+01 7.501882e-01 1.209056e+00 2.676681e+00 2.182104e+00 2.994982e+00 2.346821e+00 3.301756e+00 2.743543e+00 3.224672e+00 3.103538e+00 2.060504e+00 2.251876e+00 4.001381e-01
<GCONST> 1.065562e+02
<STATE> 5
<MEAN> 26
 -1.408103e+01 1.118425e+01 1.163065e+01 -4.474955e-01 -4.710693e+00 -6.582397e+00 -4.763919e+00 -4.778938e+00 -4.966028e+00 -2.293105e+00 -7.859032e-01 3.565262e-01 6.931798e+01 -3.918007e+00 1.820561e+00 -2.462010e+00 1.470246e-01 2.946296e+00 5.807640e-01 2.707972e+00 2.853304e-01 1.804690e+00 7.547123e-01 -3.972931e-01 3.817289e-01 -5.422494e-01
<VARIANCE> 26
 3.432414e+01 2.252271e+01 3.289464e+01 2.623717e+01 4.200428e+01 3.863196e+01 4.452081e+01 4.024115e+01 2.983553e+01 3.345378e+01 2.788309e+01 2.382302e+01 1.982886e+01 1.071571e+00 4.146369e+00 3.404954e+00 4.615835e+00 3.466874e+00 3.085592e+00 3.494634e+00 3.351835e+00 3.291019e+00 3.570112e+00 3.023450e+00 2.201812e+00 5.227397e-01
<GCONST> 1.052577e+02
<STATE> 6
<MEAN> 26
 -2.770257e+01 8.584311e+00 9.062572e-01 -6.446187e+00 -3.599317e+00 -6.321678e+00 -2.735373e+00 -3.647671e+00 -2.564848e+00 -5.934763e-02 -8.688945e-01 3.170713e-01 6.858835e+01 -4.879066e-01 -7.807971e-01 -4.663425e-01 -6.723571e-01 -3.806703e-01 5.437592e-03 -5.180692e-02 -1.187097e-01 1.981769e-03 4.971487e-02 -3.931769e-02 -1.009909e-01 -2.008396e-01
<VARIANCE> 26
 1.071621e+01 2.151931e+01 3.310543e+01 3.072199e+01 2.433306e+01 4.777810e+01 3.660682e+01 2.746096e+01 2.480759e+01 2.613990e+01 2.157479e+01 1.889599e+01 1.483299e+01 2.787004e+00 1.039827e+00 2.988241e+00 1.900918e+00 1.730124e+00 1.703988e+00 1.578269e+00 1.874021e+00 1.705691e+00 1.880164e+00 1.716456e+00 1.412105e+00 2.292657e-01
<GCONST> 9.484798e+01
<STATE> 7
<MEAN> 26
 -1.550482e+01 7.239973e+00 9.243466e+00 -4.975159e+00 -7.680987e+00 -5.070394e+00 -5.251680e+00 -5.952689e+00 -5.823987e+00 -2.204148e+00 -1.230065e+00 -9.013329e-01 6.808992e+01 4.516496e+00 -1.435911e-01 2.622327e+00 1.076317e-02 -2.256047e+00 2.426551e-01 -1.809929e+00 -5.886044e-01 -1.718360e+00 -4.930931e-01 4.284125e-01 -4.779209e-01 7.691059e-01
<VARIANCE> 26
 6.798490e+01 2.600287e+01 4.892490e+01 3.572422e+01 4.832317e+01 4.208292e+01 4.154208e+01 4.174056e+01 3.849324e+01 2.742794e+01 2.916439e+01 2.131953e+01 2.356169e+01 1.983809e+00 2.738144e+00 3.520919e+00 5.515763e+00 3.998716e+00 4.212905e+00 3.272100e+00 3.773628e+00 3.262682e+00 4.059476e+00 3.672074e+00 2.681029e+00 1.109141e+00
<GCONST> 1.093288e+02
<STATE> 8
<MEAN> 26
 -5.480531e+00 3.560042e+00 1.576859e+01 -9.705194e+00 -1.662948e+01 -2.542391e-01 -9.552268e+00 -5.894826e+00 -1.064297e+01 -6.873339e-01 3.267569e+00 -4.898230e+00 7.242847e+01 7.344425e-01 -4.533458e-01 -3.280916e-01 -7.941834e-01 -9.347792e-03 1.404643e+00 -3.298260e-01 -1.421392e-01 -2.602375e-02 9.179999e-01 -1.225464e-01 -1.227199e+00 4.980224e-03
<VARIANCE> 26
 1.211142e+01 1.708286e+01 2.297131e+01 4.804732e+01 3.666851e+01 5.415797e+01 3.823038e+01 4.983918e+01 3.232155e+01 4.470499e+01 3.754018e+01 3.168962e+01 1.057894e+01 5.182968e-01 8.207602e-01 1.224415e+00 2.058479e+00 2.489513e+00 2.205377e+00 2.258103e+00 1.859251e+00 1.879354e+00 1.882846e+00 2.243046e+00 1.668154e+00 4.274690e-01
<GCONST> 9.692656e+01
<STATE> 9
<MEAN> 26
 -3.460365e+00 2.888015e+00 9.170689e+00 -9.624995e+00 -1.046900e+01 -1.153913e+00 -1.319605e+01 -7.594705e+00 -8.855810e+00 -2.585256e-01 -4.380904e+00 -6.430498e+00 6.783639e+01 7.677568e-01 -1.817099e-01 -1.078272e+00 1.750002e+00 8.268682e-01 -1.268864e+00 6.093686e-01 2.501191e-01 1.188723e-01 -4.959486e-01 -4.964766e-01 1.774304e-01 -8.440255e-01
<VARIANCE> 26
 1.398985e+01 2.610522e+01 4.266596e+01 9.333969e+01 3.754120e+01 6.157564e+01 7.730258e+01 6.291673e+01 5.142852e+01 6.829012e+01 6.920048e+01 4.542501e+01 3.154035e+01 3.957624e-01 8.634284e-01 1.034434e+00 2.017246e+00 1.790384e+00 2.522758e+00 2.526281e+00 2.135742e+00 2.466056e+00 2.572117e+00 2.270563e+00 2.405286e+00 3.401809e-01
<GCONST> 1.032004e+02
<STATE> 10
<MEAN> 26
 6.175126e-01 3.860737e+00 5.805075e+00 1.379878e+00 -6.941441e+00 -4.632535e+00 -6.978498e+00 -7.579980e+00 -7.717662e+00 -1.702369e+00 -4.233520e+00 -5.082107e+00 6.459187e+01 -1.115328e-01 -1.032627e-01 -1.383876e-01 3.705327e-01 6.950814e-01 4.489503e-01 -1.004236e-01 2.653769e-02 6.108449e-01 -7.033417e-02 -3.979014e-01 1.693553e-01 -6.418081e-01
<VARIANCE> 26
 8.548881e+00 2.399790e+01 3.448167e+01 4.268577e+01 3.748963e+01 5.367617e+01 5.073675e+01 4.696697e+01 5.201515e+01 5.916020e+01 4.840565e+01 4.045555e+01 2.835004e+01 6.101873e-01 9.687464e-01 1.021681e+00 1.592371e+00 1.952224e+00 1.829064e+00 2.629304e+00 3.430651e+00 2.666922e+00 2.489262e+00 2.379671e+00 1.758700e+00 7.039058e-01
<GCONST> 1.011487e+02
<STATE> 11
<MEAN> 26
 -5.600806e+00 5.816296e-01 2.629793e+00 -1.788614e+00 -3.054124e+00 -1.122990e+00 -4.717279e+00 -3.131050e+00 -2.390165e+00 -1.632367e+00 -3.296870e+00 -3.003938e+00 5.722637e+01 -7.177768e-01 -1.029423e+00 -1.023420e+00 -9.153521e-01 -5.488781e-01 -3.966142e-01 -1.287658e-01 2.273092e-01 4.891452e-01 1.824204e-01 3.839900e-01 3.547012e-01 -4.794710e-01
<VARIANCE> 26
 1.770048e+01 2.197268e+01 3.947775e+01 3.516625e+01 3.658366e+01 3.750384e+01 4.550946e+01 3.829683e+01 3.284039e+01 2.821712e+01 2.179947e+01 2.046553e+01 3.368247e+01 6.646939e-01 1.087243e+00 1.452639e+00 2.135901e+00 2.108757e+00 2.319683e+00 2.691495e+00 2.799465e+00 2.422893e+00 2.052192e+00 2.039691e+00 1.823171e+00 6.902881e-01
<GCONST> 9.908170e+01
<TRANSP> 12
 0.000000e+00 1.000000e+00 0.000000e+00 0.000000e+00 0.000000e+00 0.000000e+00 0.000000e+00 0.000000e+00 0.000000e+00 0.000000e+00 0.000000e+00 0.000000e+00
 0.000000e+00 8.220859e-01 1.779141e-01 0.000000e+00 0.000000e+00 0.000000e+00 0.000000e+00 0.000000e+00 0.000000e+00 0.000000e+00 0.000000e+00 0.000000e+00
 0.000000e+00 0.000000e+00 7.921147e-01 2.078853e-01 0.000000e+00 0.000000e+00 0.000000e+00 0.000000e+00 0.000000e+00 0.000000e+00 0.000000e+00 0.000000e+00
 0.000000e+00 0.000000e+00 0.000000e+00 7.794677e-01 2.205323e-01 0.000000e+00 0.000000e+00 0.000000e+00 0.000000e+00 0.000000e+00 0.000000e+00 0.000000e+00
 0.000000e+00 0.000000e+00 0.000000e+00 0.000000e+00 7.121588e-01 2.878412e-01 0.000000e+00 0.000000e+00 0.000000e+00 0.000000e+00 0.000000e+00 0.000000e+00
 0.000000e+00 0.000000e+00 0.000000e+00 0.000000e+00 0.000000e+00 8.539962e-01 1.460038e-01 0.000000e+00 0.000000e+00 0.000000e+00 0.000000e+00 0.000000e+00
 0.000000e+00 0.000000e+00 0.000000e+00 0.000000e+00 0.000000e+00 0.000000e+00 7.486457e-01 2.513543e-01 0.000000e+00 0.000000e+00 0.000000e+00 0.000000e+00
 0.000000e+00 0.000000e+00 0.000000e+00 0.000000e+00 0.000000e+00 0.000000e+00 0.000000e+00 7.244655e-01 2.755345e-01 0.000000e+00 0.000000e+00 0.000000e+00
 0.000000e+00 0.000000e+00 0.000000e+00 0.000000e+00 0.000000e+00 0.000000e+00 0.000000e+00 0.000000e+00 8.003442e-01 1.996558e-01 0.000000e+00 0.000000e+00
 0.000000e+00 0.000000e+00 0.000000e+00 0.000000e+00 0.000000e+00 0.000000e+00 0.000000e+00 0.000000e+00 0.000000e+00 8.305332e-01 1.694668e-01 0.000000e+00
 0.000000e+00 0.000000e+00 0.000000e+00 0.000000e+00 0.000000e+00 0.000000e+00 0.000000e+00 0.000000e+00 0.000000e+00 0.000000e+00 7.792578e-01 2.207422e-01
 0.000000e+00 0.000000e+00 0.000000e+00 0.000000e+00 0.000000e+00 0.000000e+00 0.000000e+00 0.000000e+00 0.000000e+00 0.000000e+00 0.000000e+00 0.000000e+00
<ENDHMM>
