~o
<STREAMINFO> 1 26
<VECSIZE> 26<NULLD><MFCC_D_0><DIAGC>
~h "sil"
<BEGINHMM>
<NUMSTATES> 12
<STATE> 2
<MEAN> 26
 -7.612436e+00 -2.602706e+00 -3.920763e+00 -3.927245e+00 1.581994e+00 -1.685033e+00 -1.516950e+00 1.440648e-02 -9.900530e-01 1.999361e+00 -2.536525e+00 -5.021221e+00 5.834953e+01 4.649885e-02 -2.442152e-01 -2.207871e-01 1.804181e-01 -1.455124e-01 6.545075e-02 1.016768e-01 -4.337292e-02 6.040713e-02 -9.370181e-02 5.803397e-02 1.256156e-01 -1.211664e-01
<VARIANCE> 26
 3.581133e+01 2.037321e+01 1.840505e+01 3.012299e+01 4.266301e+01 4.297702e+01 3.335462e+01 2.930704e+01 2.772503e+01 3.407058e+01 2.060466e+01 2.944436e+01 2.534672e+01 1.876143e+00 1.161885e+00 1.390986e+00 1.520316e+00 1.812353e+00 2.221847e+00 2.594237e+00 2.184865e+00 2.311548e+00 2.323239e+00 1.719609e+00 1.892340e+00 6.630914e-01
<GCONST> 9.869161e+01
<STATE> 3
<MEAN> 26
 -8.616785e+00 -2.777972e+00 -4.378298e+00 -3.260541e+00 -1.538404e+00 -1.635304e+00 -3.652884e+00 -2.363554e+00 -7.524031e-01 -3.150092e-01 -1.943769e+00 -2.482362e+00 5.557038e+01 -1.508854e-01 -6.144190e-02 1.776630e-02 -9.534246e-02 -1.634006e-01 -1.713273e-01 -3.158912e-02 -6.462457e-02 -5.367298e-02 -2.534140e-01 -8.633932e-02 1.224334e-01 -2.188641e-01
<VARIANCE> 26
 1.457380e+01 9.545554e+00 1.715816e+01 1.595504e+01 2.290909e+01 1.948396e+01 2.158714e+01 2.211085e+01 2.465762e+01 2.047084e+01 1.976980e+01 1.684479e+01 1.688919e+01 7.417710e-01 6.625429e-01 1.189186e+00 1.180685e+00 1.629892e+00 1.613130e+00 1.827586e+00 1.914885e+00 2.085446e+00 1.623432e+00 1.704629e+00 1.343749e+00 5.470896e-01
<GCONST> 8.875415e+01
<STATE> 4
<MEAN> 26
 -8.323900e+00 -2.774482e+00 -2.986702e+00 -3.703826e+00 -2.484453e+00 -1.655732e+00 -3.232373e+00 -2.455030e+00 -1.138865e+00 -1.721988e+00 -2.193327e+00 -1.016367e+00 5.211185e+01 1.119385e-02 -7.765824e-02 -3.562118e-02 2.094883e-02 3.739528e-02 -2.319671e-02 -6.455250e-03 4.788002e-02 4.994085e-03 -4.480349e-02 2.160947e-02 7.267011e-02 -4.444867e-02
<VARIANCE> 26
 4.847845e+00 5.987754e+00 8.222641e+00 1.197593e+01 1.420923e+01 1.634504e+01 1.817301e+01 1.867059e+01 1.777359e+01 1.631439e+01 1.578934e+01 1.483203e+01 6.956436e+00 2.170113e-01 3.989991e-01 5.719913e-01 7.969818e-01 1.129342e+00 1.260431e+00 1.447012e+00 1.433895e+00 1.566807e+00 1.515487e+00 1.548846e+00 1.294283e+00 8.731440e-02
<GCONST> 7.705593e+01
<STATE> 5
<MEAN> 26
 -9.860961e+00 -5.173307e+00 -4.388674e+00 -2.015290e+00 1.049322e+00 -7.054788e-01 -2.003256e+00 -2.131278e+00 -2.521769e+00 -2.073578e+00 -8.538080e-01 2.724938e-01 5.471144e+01 -2.780836e-01 -1.321415e-01 2.176773e-02 1.644773e-02 3.422145e-02 -1.321685e-01 -3.892665e-02 2.952388e-02 -4.682348e-02 -7.918701e-02 1.085760e-01 4.343683e-02 2.260930e-01
<VARIANCE> 26
 1.444454e+01 2.668335e+01 1.936298e+01 1.957610e+01 4.260965e+01 3.877845e+01 2.605339e+01 2.981826e+01 2.826225e+01 2.182171e+01 2.760368e+01 2.278516e+01 5.656708e+01 1.128117e+00 2.627631e+00 1.862370e+00 1.364154e+00 4.841400e+00 4.755557e+00 2.779376e+00 2.764363e+00 2.699208e+00 2.056172e+00 2.945927e+00 2.517112e+00 2.703823e+00
<GCONST> 1.025525e+02
<STATE> 6
<MEAN> 26
 -9.863287e+00 -5.398726e+00 -3.296436e+00 -2.684468e+00 -1.741677e+00 -4.823493e+00 -3.678119e+00 3.924445e-01 -1.365707e+00 -3.631250e+00 -2.328283e+00 -5.348906e-01 5.495916e+01 -2.598776e-02 1.518968e-02 1.886291e-02 -1.142198e-01 -2.323932e-01 -9.068409e-02 -2.528172e-02 2.092048e-01 1.423041e-01 -1.754548e-02 -8.301380e-02 -8.348420e-02 -6.872657e-02
<VARIANCE> 26
 7.214701e+00 1.355062e+01 1.031195e+01 1.515471e+01 1.662577e+01 2.079492e+01 2.239261e+01 2.882961e+01 2.242369e+01 2.460142e+01 1.979145e+01 1.633810e+01 1.212973e+01 3.450535e-01 4.691890e-01 6.689496e-01 8.919958e-01 1.209565e+00 1.679510e+00 1.771965e+00 2.086211e+00 1.789768e+00 1.867492e+00 1.514353e+00 1.363069e+00 2.068968e-01
<GCONST> 8.435703e+01
<STATE> 7
<MEAN> 26
 -1.183428e+01 -5.124222e+00 -2.388011e+00 -4.657955e+00 -4.338502e+00 -3.679344e+00 -4.402029e+00 -3.631005e-01 -9.312402e-01 -1.890833e+00 -6.212202e-01 -7.915961e-01 5.705481e+01 1.389255e-01 1.317775e-01 -1.150686e-01 -5.333970e-02 -4.384928e-02 1.799830e-01 -5.034884e-02 -9.534585e-02 9.640756e-02 1.285553e-01 1.400181e-02 2.549929e-02 -1.922176e-01
<VARIANCE> 26
 1.652442e+01 1.925496e+01 1.727585e+01 2.995133e+01 2.819211e+01 2.863865e+01 3.217779e+01 3.763792e+01 3.221371e+01 2.494068e+01 2.630018e+01 2.226590e+01 4.469688e+01 5.279686e-01 6.552753e-01 8.738033e-01 1.171434e+00 1.677143e+00 1.980341e+00 1.827495e+00 2.365831e+00 2.195618e+00 2.392385e+00 1.906338e+00 1.465261e+00 3.202285e-01
<GCONST> 9.362440e+01
<STATE> 8
<MEAN> 26
 -8.828982e+00 -3.518321e+00 -5.469418e+00 -6.768507e+00 -3.536556e+00 -1.862085e+00 -4.226393e+00 -2.750668e+00 -1.612367e+00 -9.754355e-01 -3.126322e+00 -2.314324e+00 5.487986e+01 2.402587e-02 3.895764e-02 -7.888336e-04 6.386999e-02 4.197913e-02 3.579540e-02 2.078923e-02 1.767929e-02 2.253401e-02 5.816424e-02 -2.348814e-02 1.395304e-02 -9.304880e-02
<VARIANCE> 26
 1.415553e+01 8.792377e+00 1.606453e+01 1.781441e+01 1.416499e+01 2.056954e+01 1.883179e+01 1.949470e+01 1.955177e+01 2.316669e+01 2.175270e+01 1.915088e+01 9.044777e+00 2.506680e-01 3.933606e-01 6.344270e-01 8.355541e-01 9.890726e-01 1.341961e+00 1.431527e+00 1.482630e+00 1.605519e+00 1.582613e+00 1.497304e+00 1.351044e+00 9.286527e-02
<GCONST> 8.154057e+01
<STATE> 9
<MEAN> 26
 -9.263832e+00 -2.389435e+00 -3.456280e+00 -2.664292e+00 -2.007680e+00 -8.043818e-01 -2.494145e+00 -6.496370e-01 -6.166406e-01 -9.645058e-01 -1.307679e+00 -3.515018e-01 4.853910e+01 6.703475e-03 7.052189e-02 2.531683e-02 1.403809e-02 4.991414e-02 6.008821e-02 1.857361e-02 2.044534e-02 -2.476051e-02 6.122532e-02 7.105150e-02 8.269035e-02 -3.173533e-02
<VARIANCE> 26
 5.800089e+00 5.127007e+00 7.911958e+00 1.220433e+01 1.329650e+01 1.367411e+01 1.370736e+01 1.647557e+01 1.546467e+01 1.598668e+01 1.568220e+01 1.440125e+01 2.431415e+01 2.097967e-01 3.615740e-01 5.604874e-01 8.830904e-01 1.007188e+00 1.300327e+00 1.285311e+00 1.374851e+00 1.491392e+00 1.500463e+00 1.390151e+00 1.220935e+00 9.542083e-02
<GCONST> 7.703340e+01
<STATE> 10
<MEAN> 26
 -1.081923e+01 -1.884899e+00 -3.490214e+00 -3.293397e+00 -2.740160e+00 -1.538129e+00 -3.598992e+00 -1.435988e+00 -1.885110e+00 -3.717835e-01 -1.363284e+00 -4.682292e-01 5.210161e+01 3.138199e-02 1.837281e-01 2.339717e-01 1.454614e-01 1.529408e-01 1.009425e-01 -4.965257e-02 -2.087193e-01 -1.147967e-01 2.736932e-02 -5.896380e-02 -9.631647e-02 3.493583e-01
<VARIANCE> 26
 1.287970e+01 9.384592e+00 1.336113e+01 1.619727e+01 1.819420e+01 2.055150e+01 2.181548e+01 2.207311e+01 2.209431e+01 2.072264e+01 2.361296e+01 1.961258e+01 1.774736e+01 9.346612e-01 8.931332e-01 1.400606e+00 1.466479e+00 2.070352e+00 1.862259e+00 2.200953e+00 2.450479e+00 2.227165e+00 2.084985e+00 2.162662e+00 1.724643e+00 6.322839e-01
<GCONST> 9.116579e+01
<STATE> 11
<MEAN> 26
 -7.832507e+00 -1.042995e+00 -2.821802e-01 -1.748989e+00 -1.693707e+00 -6.838063e-01 -3.489013e+00 -3.743908e+00 -3.134512e+00 -2.159956e+00 -1.609660e+00 -6.110772e-01 5.633556e+01 6.315451e-01 7.929997e-01 1.209052e+00 4.732368e-01 -3.169459e-01 -4.951211e-01 -8.241150e-01 -4.681894e-01 -5.224062e-01 -2.718928e-01 -1.450453e-01 -1.846852e-01 1.400028e+00
<VARIANCE> 26
 1.927764e+01 3.592782e+01 5.445605e+01 2.748769e+01 4.223669e+01 3.131910e+01 3.029414e+01 3.591835e+01 2.656715e+01 2.613645e+01 3.045289e+01 2.281655e+01 4.243333e+01 2.885257e+00 3.489432e+00 5.053714e+00 2.766629e+00 5.172589e+00 4.852639e+00 4.775607e+00 3.738783e+00 3.348107e+00 2.829331e+00 3.138538e+00 2.548779e+00 4.225815e+00
<GCONST> 1.094720e+02
<TRANSP> 12
 0.000000e+00 1.000000e+00 0.000000e+00 0.000000e+00 0.000000e+00 0.000000e+00 0.000000e+00 0.000000e+00 0.000000e+00 0.000000e+00 0.000000e+00 0.000000e+00
 0.000000e+00 6.702820e-01 3.297180e-01 0.000000e+00 0.000000e+00 0.000000e+00 0.000000e+00 0.000000e+00 0.000000e+00 0.000000e+00 0.000000e+00 0.000000e+00
 0.000000e+00 0.000000e+00 7.079731e-01 2.920269e-01 0.000000e+00 0.000000e+00 0.000000e+00 0.000000e+00 0.000000e+00 0.000000e+00 0.000000e+00 0.000000e+00
 0.000000e+00 0.000000e+00 0.000000e+00 8.835695e-01 1.164305e-01 0.000000e+00 0.000000e+00 0.000000e+00 0.000000e+00 0.000000e+00 0.000000e+00 0.000000e+00
 0.000000e+00 0.000000e+00 0.000000e+00 0.000000e+00 7.475083e-01 2.524917e-01 0.000000e+00 0.000000e+00 0.000000e+00 0.000000e+00 0.000000e+00 0.000000e+00
 0.000000e+00 0.000000e+00 0.000000e+00 0.000000e+00 0.000000e+00 7.397260e-01 2.602740e-01 0.000000e+00 0.000000e+00 0.000000e+00 0.000000e+00 0.000000e+00
 0.000000e+00 0.000000e+00 0.000000e+00 0.000000e+00 0.000000e+00 0.000000e+00 7.342657e-01 2.657343e-01 0.000000e+00 0.000000e+00 0.000000e+00 0.000000e+00
 0.000000e+00 0.000000e+00 0.000000e+00 0.000000e+00 0.000000e+00 0.000000e+00 0.000000e+00 8.679409e-01 1.320591e-01 0.000000e+00 0.000000e+00 0.000000e+00
 0.000000e+00 0.000000e+00 0.000000e+00 0.000000e+00 0.000000e+00 0.000000e+00 0.000000e+00 0.000000e+00 8.310173e-01 1.689828e-01 0.000000e+00 0.000000e+00
 0.000000e+00 0.000000e+00 0.000000e+00 0.000000e+00 0.000000e+00 0.000000e+00 0.000000e+00 0.000000e+00 0.000000e+00 6.907426e-01 3.092574e-01 0.000000e+00
 0.000000e+00 0.000000e+00 0.000000e+00 0.000000e+00 0.000000e+00 0.000000e+00 0.000000e+00 0.000000e+00 0.000000e+00 0.000000e+00 6.505747e-01 3.494253e-01
 0.000000e+00 0.000000e+00 0.000000e+00 0.000000e+00 0.000000e+00 0.000000e+00 0.000000e+00 0.000000e+00 0.000000e+00 0.000000e+00 0.000000e+00 0.000000e+00
<ENDHMM>
