~o
<STREAMINFO> 1 13
<VECSIZE> 13<NULLD><MFCC_0><DIAGC>
~h "\345\276\256"
<BEGINHMM>
<NUMSTATES> 6
<STATE> 2
<MEAN> 13
 2.829978e+00 -5.792010e+00 -4.879858e+00 -8.333167e+00 -9.238137e+00 -1.569172e+01 6.198476e+00 -6.388722e-01 -4.626567e+00 -3.746989e+00 -1.245799e+01 -2.914996e+00 6.701486e+01
<VARIANCE> 13
 1.510291e+01 9.525954e+00 2.542570e+01 4.901644e+01 4.490133e+01 3.351968e+01 2.970140e+01 2.849932e+01 2.944995e+01 4.314107e+01 2.266193e+01 2.608236e+01 2.407671e+01
<GCONST> 6.675726e+01
<STATE> 3
<MEAN> 13
 -2.731763e+00 7.836062e+00 -7.212747e+00 -2.125002e+01 -6.595647e+00 -1.831321e+01 -1.636958e+00 1.672064e+00 -2.557565e+00 -1.689955e+00 -9.763355e+00 -7.452745e+00 6.987336e+01
<VARIANCE> 13
 3.404572e+00 1.965723e+01 2.795679e+00 6.236818e+00 4.735906e+00 2.535558e+01 6.067215e+00 5.082658e+00 8.596270e+00 3.710123e+00 5.663806e+00 3.756671e+00 1.270693e+00
<GCONST> 4.593100e+01
<STATE> 4
<MEAN> 13
 -1.766824e+00 1.024863e+01 -1.613525e+00 -1.308699e+01 -1.135386e+01 -1.767553e+01 -1.364831e+00 -3.727934e+00 -3.508616e+00 -4.219062e+00 -8.992779e+00 -5.332672e+00 6.309898e+01
<VARIANCE> 13
 5.050107e+00 1.483752e+01 2.981683e+01 1.149317e+01 1.269142e+01 3.641997e+01 1.320160e+01 1.832941e+01 2.356534e+01 1.708628e+01 1.323380e+01 5.973353e+00 7.516778e+00
<GCONST> 5.805596e+01
<STATE> 5
<MEAN> 13
 -4.632811e+00 -2.162186e-01 2.253486e+00 -4.357161e+00 -6.128707e-01 -8.140584e+00 2.139068e+00 -5.161584e+00 5.006422e-02 -1.089615e+00 -5.483834e+00 -1.858212e+00 5.726300e+01
<VARIANCE> 13
 2.779955e+00 1.122677e+01 8.447840e+00 3.106757e+01 1.118245e+01 3.411568e+01 2.033472e+01 3.156955e+01 2.344166e+01 2.540376e+01 3.016901e+01 2.129359e+01 9.728871e-01
<GCONST> 5.813898e+01
<TRANSP> 6
 0.000000e+00 1.000000e+00 0.000000e+00 0.000000e+00 0.000000e+00 0.000000e+00
 0.000000e+00 8.711404e-01 1.288596e-01 0.000000e+00 0.000000e+00 0.000000e+00
 0.000000e+00 0.000000e+00 8.339118e-01 1.660882e-01 0.000000e+00 0.000000e+00
 0.000000e+00 0.000000e+00 0.000000e+00 8.325927e-01 1.674073e-01 0.000000e+00
 0.000000e+00 0.000000e+00 0.000000e+00 0.000000e+00 8.093523e-01 1.906477e-01
 0.000000e+00 0.000000e+00 0.000000e+00 0.000000e+00 0.000000e+00 0.000000e+00
<ENDHMM>
