~o
<STREAMINFO> 1 13
<VECSIZE> 13<NULLD><MFCC_E><DIAGC>
~h "\350\212\257"
<BEGINHMM>
<NUMSTATES> 6
<STATE> 2
<MEAN> 13
 -1.908748e+01 2.678008e+00 -1.377002e+00 -8.093202e+00 5.559670e+00 -1.086506e+01 3.295604e+00 -1.451689e+00 2.670521e-01 -2.094415e+00 2.681164e+00 -1.434345e+00 6.096790e-01
<VARIANCE> 13
 5.684081e+01 3.786839e+01 1.433055e+01 1.883434e+01 2.311440e+01 1.534655e+01 1.473587e+01 2.247889e+01 2.956610e+01 1.911818e+01 1.948269e+01 1.969226e+01 1.773085e-02
<GCONST> 5.709363e+01
<STATE> 3
<MEAN> 13
 -3.517058e+00 -3.033291e+00 1.947300e+01 -1.980352e+01 -1.393763e+01 -5.264285e+00 -1.219178e+01 -4.979239e+00 -1.413754e+01 -3.098501e+00 3.780505e-01 -2.095916e+00 9.724405e-01
<VARIANCE> 13
 3.109679e-01 3.784148e+00 1.368450e+00 1.958697e+01 3.094340e+00 2.658536e+01 1.023893e+01 8.540521e+00 3.728367e+00 7.268842e+00 4.096726e+00 7.137511e+00 1.000000e-02
<GCONST> 3.829460e+01
<STATE> 4
<MEAN> 13
 -1.541821e+00 1.367568e+00 1.247340e+01 -9.747626e+00 -6.867076e+00 -3.055165e+00 -1.250644e+01 -9.613337e+00 -3.263388e+00 -1.038402e+01 -4.177260e+00 -6.460952e+00 8.588285e-01
<VARIANCE> 13
 2.997330e+00 6.639092e+00 2.716398e+01 7.820827e+01 3.073997e+01 2.948104e+01 5.343853e+01 1.346754e+01 1.673529e+01 4.460742e+01 8.399673e+00 9.262634e+00 1.000000e-02
<GCONST> 5.429692e+01
<STATE> 5
<MEAN> 13
 -5.959084e+00 -1.630144e+00 -3.187835e-01 -3.033800e+00 -2.181726e+00 -9.458340e+00 2.039312e+00 -6.367632e+00 6.663580e+00 -1.872981e+00 1.770105e+00 -3.860805e-01 4.614238e-01
<VARIANCE> 13
 5.155088e+00 4.233750e+00 5.658230e+00 3.599793e+00 1.652143e+01 1.589785e+01 9.380801e+00 1.047643e+01 1.789861e+01 3.098658e+01 1.088230e+01 9.199924e+00 1.000000e-02
<GCONST> 4.646754e+01
<TRANSP> 6
 0.000000e+00 1.000000e+00 0.000000e+00 0.000000e+00 0.000000e+00 0.000000e+00
 0.000000e+00 9.571428e-01 4.285714e-02 0.000000e+00 0.000000e+00 0.000000e+00
 0.000000e+00 0.000000e+00 8.636364e-01 1.363636e-01 0.000000e+00 0.000000e+00
 0.000000e+00 0.000000e+00 0.000000e+00 9.375000e-01 6.250000e-02 0.000000e+00
 0.000000e+00 0.000000e+00 0.000000e+00 0.000000e+00 9.142857e-01 8.571428e-02
 0.000000e+00 0.000000e+00 0.000000e+00 0.000000e+00 0.000000e+00 0.000000e+00
<ENDHMM>
