~o
<STREAMINFO> 1 13
<VECSIZE> 13<NULLD><MFCC_E><DIAGC>
~h "\345\276\256"
<BEGINHMM>
<NUMSTATES> 6
<STATE> 2
<MEAN> 13
 -7.123006e+00 -5.212329e-01 -2.736297e+00 -3.594783e+00 7.792038e-01 -6.537012e+00 5.099637e+00 -5.419718e+00 5.500074e+00 -3.507154e+00 4.521330e+00 -1.677711e+00 3.758003e-01
<VARIANCE> 13
 4.738205e+00 1.857053e+00 8.354632e+00 1.550996e+01 1.022008e+01 1.289238e+01 1.339515e+01 2.558965e+01 2.264744e+01 1.733941e+01 6.825210e+00 1.681354e+01 1.000000e-02
<GCONST> 4.776009e+01
<STATE> 3
<MEAN> 13
 3.397492e+00 1.019514e+00 -2.566374e+00 -1.973050e+01 -2.745318e+00 -1.898790e+00 -1.281859e+01 -1.128741e+01 -1.741450e+00 -9.142804e-01 4.136889e-01 -1.176608e-01 9.134708e-01
<VARIANCE> 13
 2.893063e+00 1.947071e+01 1.390047e+01 3.031839e+01 1.176242e+01 2.707005e+01 9.746924e+01 2.195897e+01 3.390669e+01 6.749497e+01 1.555902e+01 3.018692e+01 1.000000e-02
<GCONST> 5.668190e+01
<STATE> 4
<MEAN> 13
 -2.821553e+00 9.789245e-01 1.704564e+01 -1.558789e+01 -1.252363e+01 -4.574841e+00 -1.247902e+01 -8.770514e+00 -3.772727e+00 -6.712339e+00 4.704001e-01 -5.298052e+00 8.196743e-01
<VARIANCE> 13
 3.526849e+00 1.060298e+01 2.875473e+01 4.084986e+01 3.334071e+01 2.218378e+01 2.353324e+01 1.206567e+01 1.936225e+01 2.135075e+01 1.112516e+01 6.165407e+00 1.278655e-02
<GCONST> 5.273078e+01
<STATE> 5
<MEAN> 13
 -9.014865e+00 -9.776502e-01 -1.193118e+00 -5.600414e+00 4.413083e-01 -8.379642e+00 3.992577e+00 -1.141605e+00 9.297972e+00 -1.291435e+00 3.001743e+00 -3.156292e+00 4.172779e-01
<VARIANCE> 13
 5.028275e+00 6.020061e+00 6.251187e+00 6.029447e+00 1.223573e+01 1.888832e+01 1.894193e+01 3.639628e+01 2.195982e+01 1.816885e+01 2.119625e+01 2.700883e+01 1.000000e-02
<GCONST> 5.064450e+01
<TRANSP> 6
 0.000000e+00 1.000000e+00 0.000000e+00 0.000000e+00 0.000000e+00 0.000000e+00
 0.000000e+00 9.565217e-01 4.347826e-02 0.000000e+00 0.000000e+00 0.000000e+00
 0.000000e+00 0.000000e+00 9.090909e-01 9.090909e-02 0.000000e+00 0.000000e+00
 0.000000e+00 0.000000e+00 0.000000e+00 9.500000e-01 5.000000e-02 0.000000e+00
 0.000000e+00 0.000000e+00 0.000000e+00 0.000000e+00 9.552239e-01 4.477612e-02
 0.000000e+00 0.000000e+00 0.000000e+00 0.000000e+00 0.000000e+00 0.000000e+00
<ENDHMM>
