~o
<STREAMINFO> 1 13
<VECSIZE> 13<NULLD><MFCC_0><DIAGC>
~h "dd"
<BEGINHMM>
<NUMSTATES> 6
<STATE> 2
<MEAN> 13
 -6.275080e+00 2.570571e+00 9.028987e+00 -5.321867e+00 -1.536739e+01 -2.405876e+00 -1.051753e+01 -7.026772e+00 -9.987424e+00 -3.250164e+00 -1.466284e+00 -3.517649e+00 6.935941e+01
<VARIANCE> 13
 2.670769e+01 2.460334e+01 7.888531e+01 9.316605e+01 6.791659e+01 4.905937e+01 9.082432e+01 5.775065e+01 5.939981e+01 5.975525e+01 1.035796e+02 4.888253e+01 3.592708e+01
<GCONST> 7.624479e+01
<STATE> 3
<MEAN> 13
 1.789681e+00 5.729819e+00 6.709024e+00 4.851182e+00 -1.176390e+01 -2.157108e+00 -7.234435e+00 -1.102380e+01 -8.706624e+00 3.063907e+00 -4.816088e+00 -5.775218e+00 6.543132e+01
<VARIANCE> 13
 1.030797e+01 1.730022e+01 1.922309e+01 3.227265e+01 4.502192e+01 3.753010e+01 3.978613e+01 3.567222e+01 4.313586e+01 3.995712e+01 3.649812e+01 3.542786e+01 1.766507e+01
<GCONST> 6.768506e+01
<STATE> 4
<MEAN> 13
 2.594613e-01 -1.036164e+00 -4.002046e+00 -1.215991e+01 -7.676001e+00 -1.631734e+00 -1.388658e+01 -6.056873e+00 -7.656448e+00 -3.678322e+00 -4.362268e+00 -5.237750e+00 6.853708e+01
<VARIANCE> 13
 1.554606e+01 3.037682e+01 4.415549e+01 5.221692e+01 5.032749e+01 1.007307e+02 6.510191e+01 8.093958e+01 1.013892e+02 7.621444e+01 8.176828e+01 4.804347e+01 7.255043e+01
<GCONST> 7.640646e+01
<STATE> 5
<MEAN> 13
 -4.742422e-01 3.727994e+00 3.800610e+00 -9.374020e-01 -5.396685e+00 1.692414e+00 -4.790804e+00 -7.531255e+00 -5.090987e+00 -2.378368e-01 -4.744280e+00 -3.433669e+00 6.329177e+01
<VARIANCE> 13
 2.621022e+01 2.141395e+01 3.152234e+01 3.355899e+01 4.222066e+01 4.025429e+01 4.910048e+01 4.812949e+01 4.511143e+01 4.299410e+01 2.717887e+01 2.515189e+01 4.169280e+01
<GCONST> 7.022038e+01
<TRANSP> 6
 0.000000e+00 1.000000e+00 0.000000e+00 0.000000e+00 0.000000e+00 0.000000e+00
 0.000000e+00 8.970382e-01 1.029618e-01 0.000000e+00 0.000000e+00 0.000000e+00
 0.000000e+00 0.000000e+00 8.926678e-01 1.073322e-01 0.000000e+00 0.000000e+00
 0.000000e+00 0.000000e+00 0.000000e+00 9.297058e-01 7.029422e-02 0.000000e+00
 0.000000e+00 0.000000e+00 0.000000e+00 0.000000e+00 9.075345e-01 9.246552e-02
 0.000000e+00 0.000000e+00 0.000000e+00 0.000000e+00 0.000000e+00 0.000000e+00
<ENDHMM>
