~o
<STREAMINFO> 1 13
<VECSIZE> 13<NULLD><MFCC_0><DIAGC>
~h "sil"
<BEGINHMM>
<NUMSTATES> 6
<STATE> 2
<MEAN> 13
 -7.298808e+00 -3.582404e+00 -5.947934e+00 -5.369865e+00 -1.307081e+00 -1.103930e+00 -2.972054e+00 -1.421742e+00 -4.358806e-01 1.013444e+00 -2.734429e+00 -4.347716e+00 5.632812e+01
<VARIANCE> 13
 1.831699e+01 1.425153e+01 1.868073e+01 2.896570e+01 3.274150e+01 2.711134e+01 2.534342e+01 2.552095e+01 2.479191e+01 2.797116e+01 2.211561e+01 2.346921e+01 1.851180e+01
<GCONST> 6.472339e+01
<STATE> 3
<MEAN> 13
 -9.202785e+00 -2.711067e+00 -3.002553e+00 -2.176611e+00 -1.642057e+00 -1.074345e+00 -2.786984e+00 -1.155974e+00 -1.394484e+00 -1.335979e+00 -1.709556e+00 -5.207062e-01 4.916911e+01
<VARIANCE> 13
 8.304624e+00 7.917837e+00 1.067543e+01 1.268346e+01 1.779150e+01 1.839187e+01 1.623856e+01 2.006973e+01 1.770969e+01 1.728566e+01 1.755457e+01 1.599253e+01 2.456579e+01
<GCONST> 5.912658e+01
<STATE> 4
<MEAN> 13
 -1.136277e+01 -5.577036e+00 -2.716428e+00 -3.198202e+00 -1.534610e+00 -2.748892e+00 -3.022807e+00 -1.334077e+00 -2.101076e+00 -2.436654e+00 -3.162419e-01 -6.076722e-01 5.906685e+01
<VARIANCE> 13
 2.195051e+01 3.119447e+01 3.246118e+01 2.898066e+01 4.650418e+01 4.039395e+01 3.540829e+01 4.140114e+01 3.195198e+01 2.953293e+01 2.891214e+01 2.352639e+01 2.595868e+01
<GCONST> 6.872521e+01
<STATE> 5
<MEAN> 13
 -9.006393e+00 -2.506700e+00 -3.371262e+00 -4.539986e+00 -2.871065e+00 -2.337246e+00 -3.978893e+00 -2.393308e+00 -1.553866e+00 -1.703206e+00 -2.454859e+00 -8.818124e-01 5.409068e+01
<VARIANCE> 13
 8.937143e+00 9.203043e+00 1.212049e+01 1.480553e+01 1.589670e+01 1.942310e+01 2.035013e+01 2.168279e+01 2.061333e+01 1.951049e+01 1.946228e+01 1.631987e+01 8.520720e+00
<GCONST> 5.921449e+01
<TRANSP> 6
 0.000000e+00 1.000000e+00 0.000000e+00 0.000000e+00 0.000000e+00 0.000000e+00
 0.000000e+00 8.573423e-01 1.426577e-01 0.000000e+00 0.000000e+00 0.000000e+00
 0.000000e+00 0.000000e+00 9.200204e-01 7.997957e-02 0.000000e+00 0.000000e+00
 0.000000e+00 0.000000e+00 0.000000e+00 8.658917e-01 1.341084e-01 0.000000e+00
 0.000000e+00 0.000000e+00 0.000000e+00 0.000000e+00 9.391913e-01 6.080866e-02
 0.000000e+00 0.000000e+00 0.000000e+00 0.000000e+00 0.000000e+00 0.000000e+00
<ENDHMM>
