~o
<STREAMINFO> 1 13
<VECSIZE> 13<NULLD><MFCC_0><DIAGC>
~h "rx"
<BEGINHMM>
<NUMSTATES> 6
<STATE> 2
<MEAN> 13
 -2.636497e+00 -1.561094e+00 8.597451e+00 -2.348165e+00 -1.288582e+01 -6.183106e+00 -1.562091e+01 -3.725182e+00 -6.440680e+00 -2.667436e+00 -2.815893e+00 -2.353890e+00 7.074212e+01
<VARIANCE> 13
 2.613074e+01 4.393673e+01 6.344467e+01 8.563792e+01 6.095734e+01 5.291549e+01 5.177552e+01 7.472569e+01 7.560229e+01 4.860932e+01 6.882698e+01 3.868616e+01 3.943829e+01
<GCONST> 7.564928e+01
<STATE> 3
<MEAN> 13
 -2.302946e+01 8.952143e+00 4.529250e+00 -4.009643e+00 -2.866734e+00 -4.097939e+00 -1.736094e+00 -4.272405e+00 -2.450063e+00 -1.114802e+00 -1.215971e+00 2.840633e-01 6.783441e+01
<VARIANCE> 13
 4.773179e+01 2.660104e+01 5.393430e+01 3.043763e+01 2.668620e+01 2.903344e+01 3.105404e+01 3.177489e+01 2.419749e+01 2.601442e+01 2.290990e+01 2.127029e+01 1.730002e+01
<GCONST> 6.747388e+01
<STATE> 4
<MEAN> 13
 -3.939252e+00 4.656064e+00 1.136222e+01 -7.870881e+00 -1.310846e+01 -1.061563e+00 -1.081057e+01 -7.416541e+00 -1.051315e+01 -8.098026e-01 -1.579506e+00 -4.927740e+00 7.008800e+01
<VARIANCE> 13
 1.735892e+01 2.239115e+01 4.989242e+01 8.450158e+01 3.325801e+01 6.316568e+01 6.490750e+01 7.450634e+01 4.554621e+01 7.495480e+01 7.704145e+01 4.426601e+01 1.204598e+01
<GCONST> 7.309462e+01
<STATE> 5
<MEAN> 13
 -1.844985e+00 2.351744e+00 3.891469e+00 -5.548507e-01 -4.811125e+00 -2.638660e+00 -7.031101e+00 -5.308173e+00 -5.290628e+00 -1.700909e+00 -4.585687e+00 -3.803123e+00 6.127576e+01
<VARIANCE> 13
 1.994135e+01 2.945373e+01 4.004333e+01 6.482430e+01 4.340203e+01 5.252984e+01 6.779539e+01 4.958221e+01 4.960228e+01 4.521462e+01 3.614264e+01 3.366912e+01 4.947905e+01
<GCONST> 7.270274e+01
<TRANSP> 6
 0.000000e+00 1.000000e+00 0.000000e+00 0.000000e+00 0.000000e+00 0.000000e+00
 0.000000e+00 9.321389e-01 6.786107e-02 0.000000e+00 0.000000e+00 0.000000e+00
 0.000000e+00 0.000000e+00 9.129092e-01 8.709079e-02 0.000000e+00 0.000000e+00
 0.000000e+00 0.000000e+00 0.000000e+00 8.758398e-01 1.241602e-01 0.000000e+00
 0.000000e+00 0.000000e+00 0.000000e+00 0.000000e+00 9.095089e-01 9.049112e-02
 0.000000e+00 0.000000e+00 0.000000e+00 0.000000e+00 0.000000e+00 0.000000e+00
<ENDHMM>
