~o
<STREAMINFO> 1 26
<VECSIZE> 26<NULLD><MFCC_D_0><DIAGC>
~h "rx"
<BEGINHMM>
<NUMSTATES> 12
<STATE> 2
<MEAN> 26
 1.784494e+00 -1.738263e+00 1.762489e+00 1.281635e+00 -6.649482e+00 -5.541194e+00 -1.809552e+01 -8.154136e+00 -3.087657e+00 -1.185117e+00 -5.136712e+00 -3.476333e+00 6.612164e+01 3.016291e-01 -1.161044e+00 5.101553e-01 -3.352842e-01 -1.308029e+00 -5.742368e-01 -1.635047e+00 1.099967e+00 2.879574e-01 -2.664361e-01 1.790252e-01 8.828159e-02 1.820907e+00
<VARIANCE> 26
 1.623351e+01 4.377555e+01 3.585410e+01 5.256191e+01 6.171195e+01 6.561739e+01 7.841524e+01 6.944853e+01 5.397319e+01 3.896739e+01 4.059315e+01 3.475513e+01 4.259507e+01 2.153142e+00 2.699972e+00 2.484348e+00 4.297267e+00 4.774427e+00 4.717375e+00 5.773205e+00 5.987928e+00 4.011844e+00 2.889991e+00 3.500526e+00 2.773693e+00 2.131409e+00
<GCONST> 1.137222e+02
<STATE> 3
<MEAN> 26
 -1.393735e+00 -6.777235e+00 9.509728e+00 -2.887470e+00 -1.641952e+01 -7.261121e+00 -1.806903e+01 2.525406e+00 -5.325313e+00 -4.296669e+00 6.369967e-01 -2.870901e+00 7.466569e+01 -1.037095e+00 6.503229e-01 1.800421e+00 -4.659254e-01 -8.973770e-01 -1.721638e-01 1.238762e+00 2.550671e-01 -1.556216e+00 -3.134936e-01 1.121480e+00 2.011809e-01 3.649464e-01
<VARIANCE> 26
 1.064604e+01 4.410476e+01 4.078313e+01 5.129688e+01 3.152536e+01 3.659281e+01 5.378557e+01 4.472329e+01 6.268626e+01 3.775402e+01 4.330863e+01 4.160153e+01 1.142427e+01 3.654563e-01 9.336966e-01 1.133483e+00 1.967071e+00 1.589567e+00 1.875469e+00 1.790195e+00 3.397581e+00 1.887424e+00 2.319904e+00 1.925041e+00 1.327485e+00 4.502712e-01
<GCONST> 9.836146e+01
<STATE> 4
<MEAN> 26
 -7.034021e+00 -5.187526e-01 1.543913e+01 -7.869864e+00 -1.657563e+01 -6.130030e+00 -1.506308e+01 -4.502451e+00 -1.231203e+01 -2.399225e+00 -1.901214e+00 -2.218125e+00 7.208303e+01 -8.868909e-01 2.146897e+00 3.028527e-01 3.999815e-01 1.411815e+00 7.601731e-02 8.130926e-01 -1.079241e+00 3.223774e-01 2.343146e-01 -3.742177e-01 2.865385e-01 -7.795914e-01
<VARIANCE> 26
 1.207620e+01 3.990115e+01 5.286535e+01 9.971495e+01 4.955432e+01 4.802957e+01 4.239127e+01 6.566113e+01 4.887859e+01 5.397944e+01 9.757518e+01 3.953565e+01 3.164247e+01 8.276284e-01 1.265361e+00 2.901024e+00 2.357010e+00 3.138063e+00 2.417484e+00 3.495487e+00 2.756259e+00 3.410061e+00 3.210778e+00 2.134810e+00 2.364419e+00 4.079583e-01
<GCONST> 1.072050e+02
<STATE> 5
<MEAN> 26
 -1.481276e+01 1.146171e+01 1.119338e+01 -3.562391e-01 -4.141073e+00 -6.408354e+00 -4.262009e+00 -4.720314e+00 -4.607200e+00 -2.188457e+00 -8.687381e-01 4.977737e-01 6.926504e+01 -3.946680e+00 1.616376e+00 -2.484842e+00 -1.204787e-02 2.794839e+00 6.537329e-01 2.575352e+00 3.428668e-01 1.695051e+00 7.814481e-01 -3.784591e-01 3.215765e-01 -5.110021e-01
<VARIANCE> 26
 3.639817e+01 2.073920e+01 3.247523e+01 2.512324e+01 4.111301e+01 3.927148e+01 4.218069e+01 3.910460e+01 2.942174e+01 3.223757e+01 2.696978e+01 2.391140e+01 1.911028e+01 1.029591e+00 4.399411e+00 3.318271e+00 4.472140e+00 3.765385e+00 2.899325e+00 3.642622e+00 3.222540e+00 3.295066e+00 3.387928e+00 2.950878e+00 2.109463e+00 5.152534e-01
<GCONST> 1.048240e+02
<STATE> 6
<MEAN> 26
 -2.782433e+01 8.473013e+00 7.455630e-01 -6.597916e+00 -3.748893e+00 -6.439831e+00 -2.770867e+00 -3.693619e+00 -2.601632e+00 -2.793317e-02 -8.289293e-01 3.100917e-01 6.855591e+01 -3.865918e-01 -7.660598e-01 -3.906143e-01 -6.388336e-01 -3.970926e-01 -2.132520e-02 -7.691634e-02 -1.392180e-01 -1.333204e-02 3.162642e-02 -4.475404e-02 -9.581155e-02 -2.033694e-01
<VARIANCE> 26
 1.024703e+01 2.126099e+01 3.223575e+01 3.008210e+01 2.377518e+01 4.750863e+01 3.662029e+01 2.735533e+01 2.474261e+01 2.648004e+01 2.145790e+01 1.876671e+01 1.496237e+01 2.653992e+00 1.036449e+00 2.892919e+00 1.883807e+00 1.729141e+00 1.685106e+00 1.575619e+00 1.866818e+00 1.689384e+00 1.883353e+00 1.720718e+00 1.398798e+00 2.282039e-01
<GCONST> 9.458739e+01
<STATE> 7
<MEAN> 26
 -1.495675e+01 7.108525e+00 9.611131e+00 -5.133158e+00 -8.089077e+00 -4.839036e+00 -5.577444e+00 -5.968672e+00 -6.038524e+00 -2.179379e+00 -1.160671e+00 -1.067611e+00 6.828365e+01 4.371237e+00 -2.281170e-01 2.528240e+00 -1.090312e-01 -2.248877e+00 3.533257e-01 -1.803491e+00 -5.283920e-01 -1.665180e+00 -4.099453e-01 4.261189e-01 -5.329210e-01 7.884934e-01
<VARIANCE> 26
 6.854281e+01 2.600601e+01 5.004375e+01 3.746239e+01 4.982607e+01 4.278159e+01 4.336805e+01 4.303422e+01 3.912682e+01 2.751641e+01 3.028998e+01 2.168215e+01 2.328730e+01 2.296637e+00 2.731896e+00 3.628942e+00 5.577874e+00 3.972182e+00 4.310762e+00 3.305234e+00 3.766205e+00 3.308657e+00 4.110131e+00 3.663057e+00 2.694221e+00 1.072338e+00
<GCONST> 1.097954e+02
<STATE> 8
<MEAN> 26
 -5.196247e+00 3.358238e+00 1.565877e+01 -9.779765e+00 -1.615958e+01 2.312929e-01 -9.670197e+00 -5.728054e+00 -1.062245e+01 -4.195112e-02 3.123181e+00 -5.445412e+00 7.227837e+01 6.458589e-01 -3.585626e-01 -4.781100e-01 -4.709010e-01 2.538813e-01 1.091181e+00 -1.899763e-01 -1.238109e-01 4.917471e-02 7.986845e-01 -2.577063e-01 -1.119148e+00 -1.400505e-01
<VARIANCE> 26
 1.157323e+01 1.754184e+01 2.147108e+01 4.575201e+01 3.800276e+01 5.253806e+01 3.958041e+01 4.916183e+01 3.242072e+01 4.837485e+01 3.683014e+01 3.412800e+01 1.046664e+01 3.825901e-01 7.204496e-01 1.005644e+00 2.137561e+00 2.122171e+00 2.485368e+00 1.977142e+00 1.779003e+00 1.763465e+00 1.807927e+00 2.157342e+00 1.674760e+00 3.680717e-01
<GCONST> 9.584481e+01
<STATE> 9
<MEAN> 26
 -3.213485e+00 2.895066e+00 8.013476e+00 -9.527760e+00 -1.024561e+01 -2.417705e+00 -1.357366e+01 -8.029471e+00 -8.942219e+00 -1.322746e+00 -5.306910e+00 -6.020039e+00 6.700350e+01 7.557173e-01 -1.806819e-01 -1.034816e+00 1.772975e+00 7.749596e-01 -1.229294e+00 5.880517e-01 2.334720e-01 8.270209e-02 -5.347819e-01 -3.934086e-01 2.276293e-01 -8.548287e-01
<VARIANCE> 26
 1.470090e+01 2.815007e+01 4.500044e+01 9.707528e+01 3.773942e+01 7.580107e+01 8.035783e+01 6.298149e+01 5.197685e+01 7.476177e+01 6.940088e+01 4.730074e+01 3.639946e+01 4.402071e-01 8.903044e-01 1.150764e+00 2.127304e+00 1.872280e+00 2.723690e+00 2.673415e+00 2.265136e+00 2.590054e+00 2.775473e+00 2.374962e+00 2.380291e+00 3.519313e-01
<GCONST> 1.046858e+02
<STATE> 10
<MEAN> 26
 6.465869e-01 3.943708e+00 6.093225e+00 1.818252e+00 -6.685213e+00 -4.057602e+00 -6.515288e+00 -7.404463e+00 -7.450532e+00 -1.269228e+00 -3.957238e+00 -5.184660e+00 6.477919e+01 -1.297486e-01 -1.048426e-01 -1.468751e-01 3.511304e-01 7.118316e-01 4.325189e-01 -6.158727e-02 4.488157e-02 6.547853e-01 -8.466269e-02 -4.362932e-01 1.969541e-01 -6.432517e-01
<VARIANCE> 26
 8.596501e+00 2.255272e+01 3.245610e+01 3.848042e+01 3.753769e+01 4.546040e+01 4.528529e+01 4.683306e+01 5.238205e+01 5.350671e+01 4.658781e+01 3.895211e+01 2.782505e+01 6.143653e-01 9.842879e-01 1.014284e+00 1.592246e+00 1.938779e+00 1.883376e+00 2.654248e+00 3.464581e+00 2.603745e+00 2.404635e+00 2.319474e+00 1.777995e+00 7.231874e-01
<GCONST> 1.004691e+02
<STATE> 11
<MEAN> 26
 -5.616084e+00 5.569260e-01 2.597367e+00 -1.801406e+00 -3.125255e+00 -1.180347e+00 -4.794491e+00 -3.188368e+00 -2.404197e+00 -1.628713e+00 -3.309908e+00 -3.003587e+00 5.727666e+01 -7.140284e-01 -1.023898e+00 -1.027209e+00 -9.165007e-01 -5.589441e-01 -3.988321e-01 -1.369722e-01 2.130942e-01 4.864503e-01 1.957789e-01 3.848059e-01 3.528622e-01 -4.777479e-01
<VARIANCE> 26
 1.768042e+01 2.197239e+01 3.963115e+01 3.531605e+01 3.667354e+01 3.768475e+01 4.623229e+01 3.855353e+01 3.313462e+01 2.837557e+01 2.206320e+01 2.067018e+01 3.365659e+01 6.700600e-01 1.096639e+00 1.453881e+00 2.133407e+00 2.098229e+00 2.328691e+00 2.686686e+00 2.784286e+00 2.443776e+00 2.068620e+00 2.051242e+00 1.825961e+00 6.924320e-01
<GCONST> 9.918892e+01
<TRANSP> 12
 0.000000e+00 1.000000e+00 0.000000e+00 0.000000e+00 0.000000e+00 0.000000e+00 0.000000e+00 0.000000e+00 0.000000e+00 0.000000e+00 0.000000e+00 0.000000e+00
 0.000000e+00 8.264502e-01 1.735499e-01 0.000000e+00 0.000000e+00 0.000000e+00 0.000000e+00 0.000000e+00 0.000000e+00 0.000000e+00 0.000000e+00 0.000000e+00
 0.000000e+00 0.000000e+00 7.917587e-01 2.082413e-01 0.000000e+00 0.000000e+00 0.000000e+00 0.000000e+00 0.000000e+00 0.000000e+00 0.000000e+00 0.000000e+00
 0.000000e+00 0.000000e+00 0.000000e+00 7.792663e-01 2.207337e-01 0.000000e+00 0.000000e+00 0.000000e+00 0.000000e+00 0.000000e+00 0.000000e+00 0.000000e+00
 0.000000e+00 0.000000e+00 0.000000e+00 0.000000e+00 7.168740e-01 2.831260e-01 0.000000e+00 0.000000e+00 0.000000e+00 0.000000e+00 0.000000e+00 0.000000e+00
 0.000000e+00 0.000000e+00 0.000000e+00 0.000000e+00 0.000000e+00 8.504124e-01 1.495876e-01 0.000000e+00 0.000000e+00 0.000000e+00 0.000000e+00 0.000000e+00
 0.000000e+00 0.000000e+00 0.000000e+00 0.000000e+00 0.000000e+00 0.000000e+00 7.609383e-01 2.390617e-01 0.000000e+00 0.000000e+00 0.000000e+00 0.000000e+00
 0.000000e+00 0.000000e+00 0.000000e+00 0.000000e+00 0.000000e+00 0.000000e+00 0.000000e+00 7.465166e-01 2.534834e-01 0.000000e+00 0.000000e+00 0.000000e+00
 0.000000e+00 0.000000e+00 0.000000e+00 0.000000e+00 0.000000e+00 0.000000e+00 0.000000e+00 0.000000e+00 7.889721e-01 2.110279e-01 0.000000e+00 0.000000e+00
 0.000000e+00 0.000000e+00 0.000000e+00 0.000000e+00 0.000000e+00 0.000000e+00 0.000000e+00 0.000000e+00 0.000000e+00 8.228573e-01 1.771428e-01 0.000000e+00
 0.000000e+00 0.000000e+00 0.000000e+00 0.000000e+00 0.000000e+00 0.000000e+00 0.000000e+00 0.000000e+00 0.000000e+00 0.000000e+00 7.784078e-01 2.215922e-01
 0.000000e+00 0.000000e+00 0.000000e+00 0.000000e+00 0.000000e+00 0.000000e+00 0.000000e+00 0.000000e+00 0.000000e+00 0.000000e+00 0.000000e+00 0.000000e+00
<ENDHMM>
