~o
<STREAMINFO> 1 13
<VECSIZE> 13<NULLD><MFCC_0><DIAGC>
~h "dd"
<BEGINHMM>
<NUMSTATES> 6
<STATE> 2
<MEAN> 13
 -6.343405e+00 2.576412e+00 9.028080e+00 -5.381921e+00 -1.536096e+01 -2.465650e+00 -1.054646e+01 -6.997317e+00 -9.976473e+00 -3.242316e+00 -1.467850e+00 -3.452555e+00 6.936723e+01
<VARIANCE> 13
 2.630033e+01 2.451786e+01 7.975307e+01 9.307930e+01 6.837216e+01 4.896476e+01 9.101919e+01 5.803686e+01 5.946533e+01 5.976670e+01 1.041304e+02 4.848469e+01 3.619106e+01
<GCONST> 7.625353e+01
<STATE> 3
<MEAN> 13
 1.892233e+00 5.772429e+00 6.722390e+00 4.758114e+00 -1.185454e+01 -1.899016e+00 -7.294777e+00 -1.087630e+01 -8.718251e+00 3.028828e+00 -4.684539e+00 -5.901266e+00 6.537962e+01
<VARIANCE> 13
 1.015929e+01 1.731193e+01 1.864203e+01 3.273318e+01 4.530406e+01 3.890620e+01 3.981256e+01 3.726146e+01 4.235359e+01 3.935645e+01 3.690401e+01 3.587263e+01 1.741097e+01
<GCONST> 6.771679e+01
<STATE> 4
<MEAN> 13
 3.473265e-01 -1.026960e+00 -3.744595e+00 -1.187276e+01 -7.750409e+00 -1.224836e+00 -1.345278e+01 -6.152075e+00 -7.375785e+00 -3.490980e+00 -4.402550e+00 -5.155022e+00 6.869275e+01
<VARIANCE> 13
 1.562370e+01 2.920963e+01 4.491387e+01 5.296563e+01 4.973303e+01 1.012460e+02 6.846504e+01 7.916992e+01 1.031821e+02 7.616042e+01 7.981092e+01 4.746828e+01 6.966058e+01
<GCONST> 7.636491e+01
<STATE> 5
<MEAN> 13
 -7.628055e-01 3.971008e+00 3.950338e+00 -5.348876e-01 -5.000042e+00 1.173341e+00 -4.695781e+00 -7.603203e+00 -5.297096e+00 -3.175504e-01 -4.813137e+00 -3.333264e+00 6.272599e+01
<VARIANCE> 13
 2.623763e+01 2.090401e+01 3.116249e+01 3.150233e+01 3.986763e+01 3.795844e+01 4.817942e+01 4.786832e+01 4.066029e+01 4.255708e+01 2.569108e+01 2.384084e+01 3.962869e+01
<GCONST> 6.970745e+01
<TRANSP> 6
 0.000000e+00 1.000000e+00 0.000000e+00 0.000000e+00 0.000000e+00 0.000000e+00
 0.000000e+00 8.963730e-01 1.036269e-01 0.000000e+00 0.000000e+00 0.000000e+00
 0.000000e+00 0.000000e+00 8.945148e-01 1.054852e-01 0.000000e+00 0.000000e+00
 0.000000e+00 0.000000e+00 0.000000e+00 9.330880e-01 6.691202e-02 0.000000e+00
 0.000000e+00 0.000000e+00 0.000000e+00 0.000000e+00 8.999500e-01 1.000500e-01
 0.000000e+00 0.000000e+00 0.000000e+00 0.000000e+00 0.000000e+00 0.000000e+00
<ENDHMM>
