~o
<STREAMINFO> 1 39
<VECSIZE> 39<NULLD><MFCC_D_A_0><DIAGC>
~h "world"
<BEGINHMM>
<NUMSTATES> 10
<STATE> 2
<MEAN> 39
 1.617238e+001 7.704716e+000 -1.437772e+000 -1.752944e+001 -6.964661e+000 7.708195e-001 6.639517e-001 -4.583371e+000 -6.675315e+000 -5.169529e+000 -6.834684e+000 2.613627e+000 5.513256e+001 1.086476e+000 -5.994998e-001 3.325461e-001 -4.734663e+000 -4.632714e-002 9.081951e-001 -8.140785e-001 -7.964980e-001 -1.246485e-001 1.036433e+000 -1.966260e+000 1.679361e+000 3.098725e+000 -1.048092e+000 -3.148713e-001 3.844314e-001 -2.689639e-001 6.103504e-001 -1.130944e-002 -1.622881e-001 3.123981e-001 3.166013e-001 6.015670e-001 -2.091384e-001 9.718107e-002 -1.749883e-001
<VARIANCE> 39
 3.506138e+001 1.743554e+002 3.741657e+001 1.419083e+002 5.239912e+001 7.567936e+001 2.573002e+001 2.677327e+001 2.187037e+001 3.378965e+001 6.360338e+001 4.981365e+001 7.729810e+001 1.271539e+001 9.270189e+000 8.044272e+000 8.221192e+000 6.813317e+000 6.448212e+000 3.357514e+000 2.193180e+000 4.006357e+000 5.911465e+000 7.458677e+000 3.942312e+000 5.522248e+000 2.069758e+000 1.410863e+000 1.504889e+000 1.623789e+000 1.219926e+000 1.364196e+000 6.645839e-001 4.308536e-001 8.073261e-001 7.938203e-001 1.253662e+000 9.652008e-001 8.280762e-001
<GCONST> 1.465833e+002
<STATE> 3
<MEAN> 39
 1.038141e+001 2.026730e+000 9.390867e-001 -4.570089e+001 1.519277e+000 4.134468e+000 -5.849000e+000 -2.309027e+000 -5.032182e+000 5.710038e+000 -1.959700e+001 8.268320e+000 6.999062e+001 -1.462397e+000 -1.719925e+000 -2.670043e-001 -1.320412e+000 1.619910e+000 -3.710993e-001 2.087881e-001 9.704863e-001 -1.647600e-001 3.264590e-001 1.495954e-003 -1.000667e+000 1.818152e+000 1.821319e-001 7.688172e-002 -3.244049e-001 1.234985e+000 -3.525586e-001 2.034625e-002 6.084461e-001 -3.082108e-001 -3.382502e-002 -7.139402e-001 8.080186e-001 -3.592342e-001 -4.064153e-001
<VARIANCE> 39
 7.323037e+000 1.661057e+001 8.228789e+000 2.675673e+001 3.920639e+001 2.409468e+001 1.999568e+001 2.579126e+001 7.814921e+000 1.639161e+001 3.914590e+001 2.817652e+001 1.322768e+001 5.833087e-001 8.734749e-001 8.623512e-001 9.293915e+000 4.231728e+000 1.573331e+000 3.126571e+000 2.161403e+000 1.496851e+000 3.742459e+000 4.720214e+000 1.006895e+000 9.507792e-001 8.162573e-002 1.485485e-001 1.828527e-001 6.068544e-001 5.268725e-001 2.836313e-001 3.091627e-001 6.622847e-001 4.198461e-001 4.151208e-001 6.562068e-001 4.671168e-001 9.892955e-002
<GCONST> 1.025141e+002
<STATE> 4
<MEAN> 39
 4.921506e+000 -7.004638e+000 -4.092285e+000 -3.748502e+001 3.577644e+000 3.096201e+000 4.888207e+000 -1.098047e+001 -1.336769e+000 4.510736e-001 -7.432212e+000 -3.645422e-001 7.598608e+001 -3.494287e-001 -1.158245e+000 -7.173361e-001 2.250660e+000 -4.203305e-001 -4.571441e-001 1.489646e+000 -2.063209e+000 9.627917e-001 -3.174182e-001 2.232029e+000 -1.659046e+000 3.652591e-001 1.140795e-001 5.843552e-003 4.584759e-002 2.255516e-001 -1.499282e-001 -1.838016e-001 -2.227442e-001 1.827945e-001 2.545055e-002 1.333286e-001 -2.716128e-002 -1.217516e-001 -1.108820e-001
<VARIANCE> 39
 4.094235e+000 1.439350e+001 1.307777e+001 3.983198e+001 1.800996e+001 1.317503e+001 4.632629e+001 8.506549e+001 2.142275e+001 1.104815e+001 4.544315e+001 3.162591e+001 8.920285e+000 1.402513e-001 3.012758e-001 3.814385e-001 1.888829e+000 1.361353e+000 1.853025e+000 1.405843e+000 3.052810e+000 1.175963e+000 2.063104e+000 9.760817e-001 1.565160e+000 1.338879e-001 2.998198e-002 6.452605e-002 6.992256e-002 1.789977e-001 1.971895e-001 2.355341e-001 3.116819e-001 8.309372e-001 2.824154e-001 3.741239e-001 2.127154e-001 2.482306e-001 2.671085e-002
<GCONST> 8.501196e+001
<STATE> 5
<MEAN> 39
 4.917149e+000 -1.580199e+001 -7.472416e+000 -1.424935e+001 -2.208080e+000 -6.748668e+000 5.867720e+000 -1.144888e+001 4.546171e+000 -1.782572e+000 3.589433e+000 -9.606092e+000 7.591226e+001 2.873509e-001 -3.685629e-001 -4.110419e-001 2.769423e+000 -1.142453e-001 -2.124141e+000 -1.100018e+000 1.111901e+000 1.306596e+000 -1.192680e+000 -1.678061e-001 9.961312e-001 -5.342374e-001 8.997753e-002 2.088544e-001 6.780730e-002 -1.839638e-001 3.066054e-001 -1.830584e-001 -1.385583e-001 -1.579742e-001 2.347938e-001 -1.433176e-001 -5.142366e-001 7.237352e-001 -1.604508e-001
<VARIANCE> 39
 5.522247e+000 7.789040e+000 6.317647e+000 5.207446e+001 1.010114e+001 3.272742e+001 3.620234e+001 4.719850e+001 2.217513e+001 2.711137e+001 1.409456e+001 2.543260e+001 6.772107e+000 2.243466e-001 8.018602e-001 6.061758e-001 1.025272e+000 1.374964e+000 1.175213e+000 1.004874e+000 1.856397e+000 1.250758e+000 1.175140e+000 1.824543e+000 4.134321e+000 1.913137e-001 3.265642e-002 7.884970e-002 1.528497e-001 1.264680e-001 1.607642e-001 1.970933e-001 2.144124e-001 4.547714e-001 1.163887e-001 1.503652e-001 1.186583e-001 1.392142e-001 1.682392e-002
<GCONST> 8.041553e+001
<STATE> 6
<MEAN> 39
 8.505942e+000 -1.524924e+001 -6.113180e+000 5.717807e-001 1.908116e+000 -2.222231e+001 -6.199019e-001 -1.096687e+001 1.419025e+001 -1.020295e+001 -6.463390e+000 7.350869e+000 6.863799e+001 3.719150e-001 6.028564e-002 2.568562e+000 1.245651e+000 -1.534638e-002 -3.577040e-001 -7.807159e-001 -4.625163e-001 -8.472478e-001 1.092208e-001 -2.452323e+000 1.930097e+000 -1.732066e+000 -4.504268e-001 1.940621e-001 8.303581e-001 -5.575410e-001 -3.763244e-001 1.175779e+000 -6.437134e-002 9.092343e-003 -9.555944e-001 6.326051e-001 9.554586e-002 -1.004124e+000 -1.275646e-001
<VARIANCE> 39
 9.858666e+000 7.055211e+000 2.961528e+001 2.775301e+001 2.186878e+001 2.616830e+001 2.657768e+001 2.452561e+001 3.610163e+001 2.184344e+001 3.059807e+001 3.457178e+001 1.373448e+001 6.124443e-001 6.755345e-001 3.130047e+000 1.624359e+000 3.682421e+000 1.022241e+001 2.064440e+000 1.841870e+000 6.966380e+000 2.700191e+000 1.911261e+000 5.195271e+000 3.883151e-001 2.488225e-001 2.132870e-001 2.157907e-001 3.340926e-001 6.302946e-001 7.536646e-001 4.313585e-001 3.127322e-001 7.781668e-001 2.487611e-001 5.576416e-001 5.520279e-001 4.309443e-002
<GCONST> 1.074277e+002
<STATE> 7
<MEAN> 39
 -4.258344e+000 -8.412597e+000 9.303802e+000 -7.857513e+000 4.926608e+000 -1.516955e+001 -8.785253e-001 -1.140829e+001 3.218188e+000 -2.622251e+000 -9.075840e+000 2.084960e-001 6.165260e+001 -1.463534e+000 9.243978e-001 -1.363826e-001 -2.602586e+000 1.378230e+000 -5.084382e-001 4.066468e-001 -1.347411e-001 5.069509e-001 7.514237e-001 4.658688e-001 -1.452216e+000 7.917837e-001 4.252226e-001 -1.733845e-001 -6.742205e-001 -1.838648e-001 2.189163e-001 -4.202612e-001 9.220061e-002 -3.063201e-002 7.547830e-001 -7.026953e-002 -7.358019e-002 1.373634e-001 4.473160e-001
<VARIANCE> 39
 7.499090e+001 3.655032e+001 5.541596e+001 7.314639e+001 5.710314e+001 6.888304e+001 6.015916e+001 3.458753e+001 3.277599e+001 3.809693e+001 8.792931e+001 6.210300e+001 4.469053e+001 1.118748e+001 4.449531e+000 1.240763e+001 3.333316e+000 4.682170e+000 1.123456e+001 8.754612e+000 4.470674e+000 8.964460e+000 4.293315e+000 1.085012e+001 4.495035e+000 8.154197e+000 1.813330e+000 8.794757e-001 1.651706e+000 6.749933e-001 1.018991e+000 2.220453e+000 1.909170e+000 8.925009e-001 6.956804e-001 7.823650e-001 2.336416e+000 8.297371e-001 1.191080e+000
<GCONST> 1.504025e+002
<STATE> 8
<MEAN> 39
 -2.109903e+000 -7.715677e+000 5.880356e-001 -2.270696e+001 1.398595e+001 -1.862575e+001 2.446118e+000 -1.618760e+001 1.975625e+001 -8.537741e-001 -1.304520e+001 -4.424479e+000 7.197460e+001 5.496984e-001 2.316378e-001 -6.143386e-001 4.257784e-001 9.034132e-001 2.189700e+000 5.833635e-001 -8.531868e-001 1.450737e+000 -8.270319e-001 -5.693707e-001 -1.739496e-001 -8.385902e-001 -2.232498e-001 4.720839e-002 -1.719946e-002 6.551261e-001 -3.184033e-002 6.718313e-001 -1.521403e-002 1.987497e-001 -6.705095e-001 -4.425024e-001 6.250599e-001 1.602504e-001 -7.809909e-001
<VARIANCE> 39
 3.398189e+000 6.079494e+000 4.433683e+000 7.753860e+000 1.484436e+001 2.603881e+001 1.656998e+001 1.454535e+001 1.758855e+001 1.744901e+001 2.174620e+001 9.453472e+000 1.132788e+001 6.874121e-001 1.017043e+000 6.056319e-001 3.859644e+000 1.017550e+000 2.478079e+000 1.290851e+000 1.489410e+000 3.110733e+000 2.763773e+000 3.564802e+000 8.987248e-001 3.151930e+000 2.844733e-001 2.556481e-001 2.597904e-001 3.996519e-001 2.149300e-001 3.510751e-001 6.152993e-001 3.112001e-001 2.751625e-001 3.496918e-001 4.695110e-001 1.589931e-001 9.136200e-002
<GCONST> 9.324576e+001
<STATE> 9
<MEAN> 39
 2.116005e+000 -3.634905e+000 -7.708808e+000 -1.152831e+001 1.723442e+001 1.155414e-001 -3.057806e+000 -1.261326e+001 1.542473e+001 -5.315160e+000 -4.306160e+000 -1.772527e+000 5.294925e+001 3.197950e-001 8.947397e-001 -9.593765e-001 1.311869e+000 -4.752779e-001 1.937862e+000 -1.140727e+000 1.163307e+000 -1.538805e+000 6.995792e-001 1.489116e+000 6.402482e-001 -2.795721e+000 -1.018556e-001 3.208022e-001 4.031683e-001 4.509131e-002 -2.659456e-001 -2.331110e-001 2.140253e-001 1.703214e-001 -2.165963e-001 2.721637e-001 -1.245431e-001 -9.232440e-002 9.981556e-002
<VARIANCE> 39
 1.603932e+001 3.739365e+001 4.448618e+001 8.246199e+001 3.175529e+001 4.065660e+001 3.781256e+001 5.013505e+001 6.500190e+001 3.344376e+001 4.273543e+001 1.820678e+001 5.697349e+001 1.583582e+000 3.556732e+000 4.426509e+000 3.299896e+000 3.095274e+000 3.741006e+000 4.189492e+000 2.866552e+000 2.528991e+000 3.803325e+000 2.921436e+000 1.322846e+000 8.588230e-001 1.739143e-001 6.012553e-001 7.226835e-001 7.152166e-001 4.376130e-001 5.548652e-001 8.445987e-001 5.966297e-001 3.871835e-001 7.703781e-001 3.853899e-001 2.673667e-001 6.700966e-002
<GCONST> 1.209799e+002
<TRANSP> 10
 0.000000e+000 1.000000e+000 0.000000e+000 0.000000e+000 0.000000e+000 0.000000e+000 0.000000e+000 0.000000e+000 0.000000e+000 0.000000e+000
 0.000000e+000 8.507783e-001 1.492217e-001 0.000000e+000 0.000000e+000 0.000000e+000 0.000000e+000 0.000000e+000 0.000000e+000 0.000000e+000
 0.000000e+000 0.000000e+000 8.277562e-001 1.722438e-001 0.000000e+000 0.000000e+000 0.000000e+000 0.000000e+000 0.000000e+000 0.000000e+000
 0.000000e+000 0.000000e+000 0.000000e+000 8.779916e-001 1.220084e-001 0.000000e+000 0.000000e+000 0.000000e+000 0.000000e+000 0.000000e+000
 0.000000e+000 0.000000e+000 0.000000e+000 0.000000e+000 8.705719e-001 1.294281e-001 0.000000e+000 0.000000e+000 0.000000e+000 0.000000e+000
 0.000000e+000 0.000000e+000 0.000000e+000 0.000000e+000 0.000000e+000 8.057439e-001 1.942561e-001 0.000000e+000 0.000000e+000 0.000000e+000
 0.000000e+000 0.000000e+000 0.000000e+000 0.000000e+000 0.000000e+000 0.000000e+000 8.826735e-001 1.173265e-001 0.000000e+000 0.000000e+000
 0.000000e+000 0.000000e+000 0.000000e+000 0.000000e+000 0.000000e+000 0.000000e+000 0.000000e+000 8.412414e-001 1.587586e-001 0.000000e+000
 0.000000e+000 0.000000e+000 0.000000e+000 0.000000e+000 0.000000e+000 0.000000e+000 0.000000e+000 0.000000e+000 8.718021e-001 1.281979e-001
 0.000000e+000 0.000000e+000 0.000000e+000 0.000000e+000 0.000000e+000 0.000000e+000 0.000000e+000 0.000000e+000 0.000000e+000 0.000000e+000
<ENDHMM>
