~o
<STREAMINFO> 1 39
<VECSIZE> 39<NULLD><MFCC_D_A_0><DIAGC>
~h "standby"
<BEGINHMM>
<NUMSTATES> 10
<STATE> 2
<MEAN> 39
 -1.570276e+001 5.726915e+000 3.104008e-001 -7.541824e+000 1.776480e+001 -1.658572e+001 1.148799e+001 -7.286938e+000 4.758436e+000 -6.154263e+000 2.161508e+000 -4.024487e+000 6.882578e+001 -1.701137e+000 -1.008422e+000 -4.017213e-001 7.816363e-002 -1.532148e-002 -1.447566e-001 5.714433e-001 -9.953855e-001 3.259767e-001 -2.415848e-001 6.798784e-001 -2.064288e-001 1.817518e+000 1.182783e-001 -7.942217e-002 1.201558e-001 2.173385e-001 -2.154066e-001 2.964713e-001 -1.502405e-001 6.803730e-002 -3.264779e-004 8.923361e-002 -5.048525e-002 2.366721e-002 -6.322767e-001
<VARIANCE> 39
 2.171977e+002 4.323207e+001 3.906237e+001 2.812929e+001 5.608982e+001 3.489637e+001 2.921628e+001 3.466275e+001 2.760420e+001 2.930896e+001 2.908043e+001 1.641889e+001 7.837956e+001 1.011323e+001 5.321416e+000 4.338391e+000 5.918933e+000 6.308009e+000 7.160308e+000 3.299324e+000 2.773919e+000 2.923119e+000 3.431398e+000 3.656095e+000 2.145412e+000 7.933366e+000 1.620562e+000 1.123701e+000 9.513109e-001 9.495177e-001 1.126602e+000 1.424384e+000 7.840206e-001 6.315095e-001 6.599398e-001 7.571870e-001 8.004037e-001 5.200940e-001 6.609288e-001
<GCONST> 1.375277e+002
<STATE> 3
<MEAN> 39
 -1.439822e+001 -7.556360e+000 -1.404492e+000 -1.107530e+001 8.659527e+000 -1.251022e+001 8.063815e+000 -1.224780e+001 7.217767e+000 -5.100814e+000 3.117895e+000 -5.443798e+000 6.726687e+001 1.919549e+000 -1.365832e+000 -1.029834e-001 -2.100696e+000 -4.112839e-002 3.902071e-001 -1.213198e+000 2.409451e-001 -1.195729e-001 6.305140e-001 -1.243394e+000 -3.156744e-001 1.124317e+000 -8.563346e-002 4.774597e-002 -2.850151e-002 -1.205616e-001 3.236799e-001 4.441679e-002 4.824733e-002 -8.699729e-003 -1.368902e-001 -4.594848e-004 -2.484715e-001 -2.279784e-002 2.387641e-001
<VARIANCE> 39
 6.667482e+001 3.549141e+001 2.547476e+001 9.389208e+001 2.275403e+001 3.112412e+001 4.966128e+001 2.367068e+001 2.506271e+001 3.043500e+001 4.550334e+001 1.421196e+001 1.550091e+002 4.390524e+000 1.987648e+000 2.708429e+000 6.558056e+000 4.375052e+000 4.751248e+000 5.399393e+000 3.196535e+000 3.630895e+000 3.123767e+000 4.947587e+000 1.441329e+000 2.766676e+001 1.134714e+000 3.810735e-001 5.517480e-001 1.479071e+000 6.004030e-001 1.048292e+000 1.233446e+000 7.879166e-001 7.038807e-001 7.410206e-001 6.125754e-001 3.216671e-001 5.156693e+000
<GCONST> 1.354820e+002
<STATE> 4
<MEAN> 39
 -2.998145e+000 -1.528192e+001 -3.591720e+000 -2.378214e+001 1.602727e+001 -8.333080e+000 8.951331e-001 -1.416453e+001 6.655501e+000 -4.524751e+000 -1.271619e+001 -5.691626e+000 8.231425e+001 1.135633e-001 6.119592e-001 2.307505e-001 8.343582e-001 3.295289e-001 -5.582657e-001 3.318126e-002 -2.725211e-001 2.009545e-001 -6.067809e-001 -7.893648e-001 5.080499e-001 -6.975694e-001 1.749329e-002 4.188346e-001 1.526707e-001 3.104071e-001 -2.872011e-001 -4.884473e-001 2.409454e-002 4.555591e-002 -4.588090e-002 5.664633e-002 2.544422e-001 3.474487e-002 -3.601887e-001
<VARIANCE> 39
 1.745610e+000 4.226756e+000 3.604268e+000 9.302415e+000 6.657918e+000 1.227582e+001 5.217892e+000 1.209132e+001 1.421227e+001 1.707361e+001 8.819276e+000 5.847727e+000 3.831455e+000 1.620218e-001 1.166912e+000 2.437380e-001 3.330507e-001 8.134882e-001 2.240941e+000 5.935485e-001 1.056256e+000 5.161512e-001 1.099052e+000 5.830992e-001 4.558570e-001 3.358473e-001 6.905172e-002 5.366634e-002 8.238308e-002 3.298017e-001 9.925426e-002 9.044254e-002 1.528873e-001 2.165000e-001 2.386991e-001 2.282588e-001 3.174302e-001 9.744128e-002 1.702786e-001
<GCONST> 6.400685e+001
<STATE> 5
<MEAN> 39
 6.405355e-001 -3.897983e+000 4.145448e+000 -1.630857e+001 1.297415e+001 -1.491881e+001 9.307652e-001 -1.518967e+001 4.148516e+000 -3.864895e+000 -9.714926e+000 -2.665745e+000 6.849360e+001 1.190585e-001 6.638330e-001 6.437582e-001 7.046143e-001 -3.386452e-001 8.003368e-001 8.586944e-002 1.958116e-001 -4.827734e-001 1.932635e-001 9.180057e-001 1.498947e-001 -1.803807e+000 1.239284e-002 -2.660879e-001 -1.739666e-001 -2.626628e-001 -1.983485e-003 2.286043e-001 6.316434e-002 5.564917e-002 4.275835e-002 4.191889e-002 -8.385193e-002 8.475199e-002 2.322641e-001
<VARIANCE> 39
 1.060293e+001 2.655721e+001 2.100712e+001 5.754516e+001 2.451045e+001 4.692759e+001 1.991658e+001 2.259811e+001 6.141657e+001 2.704918e+001 3.193368e+001 7.907459e+000 8.482861e+001 1.935766e+000 5.428632e+000 3.080099e+000 1.051725e+001 3.656589e+000 4.998108e+000 2.063018e+000 2.693356e+000 1.070444e+001 2.764833e+000 2.106452e+000 1.433933e+000 1.457272e+001 4.589561e-001 1.343722e+000 7.802730e-001 3.161510e+000 7.359423e-001 7.834714e-001 4.278784e-001 5.061798e-001 2.466807e+000 6.640031e-001 6.631082e-001 3.188097e-001 4.372810e+000
<GCONST> 1.313366e+002
<STATE> 6
<MEAN> 39
 2.453614e+000 -8.339554e+000 1.465860e+000 -2.479635e+001 1.303023e+001 -3.927969e+000 4.146818e+000 -1.218154e+001 2.720931e+000 1.828403e+000 -9.507639e+000 2.016723e+000 6.752459e+001 8.633222e-002 -2.586045e+000 -1.726788e+000 -4.421720e+000 1.319156e+000 -4.621263e-001 7.863989e-001 -8.624777e-001 4.349752e-001 9.563448e-001 -1.715555e+000 3.636244e-001 4.970945e+000 -4.201623e-001 4.263892e-002 1.002053e-001 4.178428e-001 3.422224e-001 -2.583606e-001 -7.103672e-002 -2.381214e-001 1.571354e-001 -3.764484e-001 2.099956e-001 -4.638440e-001 1.420572e-001
<VARIANCE> 39
 1.173506e+001 3.808155e+001 1.367980e+001 1.301368e+002 2.847172e+001 1.445311e+001 2.078705e+001 2.578509e+001 1.111089e+001 4.811076e+001 4.517204e+001 1.420445e+001 1.300747e+002 2.832774e+000 2.162380e+000 7.892899e-001 8.448848e+000 2.596956e+000 1.470517e+000 1.649899e+000 3.883139e+000 1.781603e+000 5.765535e+000 3.674650e+000 2.809196e+000 6.452074e+000 3.460886e-001 1.040608e+000 2.312411e-001 4.171772e+000 7.625509e-001 4.429295e-001 3.847854e-001 8.869185e-001 3.125003e-001 1.318196e+000 9.326716e-001 3.607178e-001 4.839907e+000
<GCONST> 1.249998e+002
<STATE> 7
<MEAN> 39
 -2.124498e+000 -1.538670e+001 -1.950027e+000 -2.517126e+001 1.699476e+001 -8.519726e+000 7.090333e+000 -1.539520e+001 8.081766e+000 -3.817427e+000 -1.319127e+001 -2.564517e+000 7.939160e+001 -2.895116e-001 -1.080076e-001 2.930716e-001 2.120350e+000 -6.614161e-001 -8.121961e-001 7.925115e-001 3.258141e-001 1.034118e+000 -1.399603e+000 -3.583350e-001 -4.188622e-001 -1.832147e-001 1.638035e-001 2.558192e-001 2.094041e-001 2.795063e-001 -3.305835e-001 -1.513049e-001 2.530255e-001 2.501153e-001 5.174322e-002 1.817777e-002 6.019460e-002 1.920050e-001 -3.276288e-001
<VARIANCE> 39
 2.552246e+000 4.176322e+000 4.568726e+000 3.503876e+001 7.938541e+000 1.232389e+001 1.206190e+001 1.003402e+001 1.607088e+001 1.991000e+001 5.903145e+000 5.855702e+000 3.010545e+000 4.458705e-001 4.238262e-001 6.611159e-001 6.550792e-001 8.659329e-001 4.495208e-001 1.073528e+000 5.637676e-001 4.151622e-001 5.773965e-001 4.740621e-001 5.490899e-001 3.483442e-001 6.660322e-002 8.688159e-002 1.144565e-001 2.833723e-001 1.125590e-001 9.623788e-002 1.304500e-001 1.002086e-001 9.760991e-002 1.570385e-001 1.640254e-001 7.765981e-002 1.280059e-001
<GCONST> 6.309429e+001
<STATE> 8
<MEAN> 39
 1.735843e+000 -9.442289e+000 4.383187e+000 -8.125610e+000 8.656176e+000 -1.365707e+001 1.525699e+001 -9.641430e+000 7.885699e+000 -8.157124e+000 -4.595151e+000 -2.000761e+000 6.992018e+001 7.327696e-001 6.320423e-001 4.259168e-001 7.381042e-001 -4.632883e-001 3.535218e-001 -2.019950e-002 2.285647e-001 -1.033407e+000 5.367523e-001 1.192333e+000 1.858598e-001 -1.152932e+000 9.223010e-002 -3.439615e-002 -9.637348e-002 -1.063774e-001 4.606702e-002 2.475193e-001 -2.807936e-001 3.741802e-002 -1.989266e-001 1.611018e-001 -2.406304e-002 -2.988567e-002 -6.467457e-002
<VARIANCE> 39
 2.056998e+001 1.280852e+001 1.581706e+001 1.510119e+001 1.451308e+001 2.248340e+001 2.627011e+001 2.093331e+001 4.449228e+001 2.500416e+001 5.696014e+001 1.270607e+001 1.756627e+001 1.854591e+000 1.553093e+000 2.531461e+000 1.894474e+000 2.097698e+000 3.321888e+000 4.081355e+000 3.048589e+000 2.498016e+000 1.867890e+000 3.629103e+000 1.647312e+000 6.679012e-001 3.139414e-001 2.581894e-001 4.472603e-001 3.563974e-001 4.049559e-001 5.131456e-001 7.681354e-001 6.529232e-001 3.745905e-001 3.487873e-001 6.856779e-001 3.174563e-001 1.452849e-001
<GCONST> 1.092031e+002
<STATE> 9
<MEAN> 39
 1.092016e+001 3.319309e+000 3.592548e+000 1.707654e+000 8.260350e-001 -6.013135e+000 6.697155e+000 3.706770e+000 -3.533563e+000 -3.041417e+000 1.953319e-001 7.757738e-001 5.098132e+001 -6.227567e-002 1.995006e+000 3.056828e-001 9.574331e-001 -6.046215e-001 2.803734e-001 -8.143097e-001 1.428677e+000 8.937424e-002 -1.570940e-001 4.534693e-002 2.837793e-001 -1.925203e+000 -1.702104e-001 9.051077e-002 1.264799e-001 -6.129260e-002 1.425885e-001 -4.710697e-002 5.712069e-002 -2.097885e-001 1.868756e-001 -6.691556e-002 -2.177731e-002 -1.493986e-002 6.558777e-002
<VARIANCE> 39
 4.330809e+001 1.254024e+002 8.666111e+001 6.545820e+001 3.395415e+001 5.057518e+001 5.766668e+001 8.279964e+001 4.027841e+001 2.874705e+001 3.151536e+001 2.760722e+001 6.051982e+001 2.816265e+000 2.596052e+000 4.147592e+000 3.964204e+000 3.435635e+000 4.430201e+000 4.177680e+000 5.871562e+000 4.733568e+000 3.431936e+000 2.905511e+000 2.056194e+000 9.834418e-001 3.401113e-001 4.145961e-001 5.625589e-001 6.260016e-001 6.001845e-001 7.425548e-001 7.469421e-001 7.224018e-001 6.676608e-001 7.178223e-001 6.090935e-001 3.748025e-001 1.510310e-001
<GCONST> 1.295056e+002
<TRANSP> 10
 0.000000e+000 1.000000e+000 0.000000e+000 0.000000e+000 0.000000e+000 0.000000e+000 0.000000e+000 0.000000e+000 0.000000e+000 0.000000e+000
 0.000000e+000 9.184299e-001 8.157011e-002 0.000000e+000 0.000000e+000 0.000000e+000 0.000000e+000 0.000000e+000 0.000000e+000 0.000000e+000
 0.000000e+000 0.000000e+000 9.094392e-001 9.056077e-002 0.000000e+000 0.000000e+000 0.000000e+000 0.000000e+000 0.000000e+000 0.000000e+000
 0.000000e+000 0.000000e+000 0.000000e+000 8.852191e-001 1.147809e-001 0.000000e+000 0.000000e+000 0.000000e+000 0.000000e+000 0.000000e+000
 0.000000e+000 0.000000e+000 0.000000e+000 0.000000e+000 9.275168e-001 7.248315e-002 0.000000e+000 0.000000e+000 0.000000e+000 0.000000e+000
 0.000000e+000 0.000000e+000 0.000000e+000 0.000000e+000 0.000000e+000 8.050776e-001 1.949224e-001 0.000000e+000 0.000000e+000 0.000000e+000
 0.000000e+000 0.000000e+000 0.000000e+000 0.000000e+000 0.000000e+000 0.000000e+000 8.818129e-001 1.181871e-001 0.000000e+000 0.000000e+000
 0.000000e+000 0.000000e+000 0.000000e+000 0.000000e+000 0.000000e+000 0.000000e+000 0.000000e+000 9.205637e-001 7.943631e-002 0.000000e+000
 0.000000e+000 0.000000e+000 0.000000e+000 0.000000e+000 0.000000e+000 0.000000e+000 0.000000e+000 0.000000e+000 9.160343e-001 8.396568e-002
 0.000000e+000 0.000000e+000 0.000000e+000 0.000000e+000 0.000000e+000 0.000000e+000 0.000000e+000 0.000000e+000 0.000000e+000 0.000000e+000
<ENDHMM>
