~o
<STREAMINFO> 1 39
<VECSIZE> 39<NULLD><MFCC_D_A_0><DIAGC>
~h "steer"
<BEGINHMM>
<NUMSTATES> 10
<STATE> 2
<MEAN> 39
 -1.734332e+001 7.355770e+000 5.344004e+000 -1.237047e+001 2.038008e+001 -1.738216e+001 9.331003e+000 -3.175209e+000 8.321814e+000 -3.036518e+000 -1.875119e+000 -7.673334e-001 5.906115e+001 -3.301908e+000 -2.512787e+000 -1.205364e+000 -1.637122e+000 7.119721e-001 -1.447179e+000 7.710021e-001 -7.960691e-001 1.649467e+000 -1.265756e+000 -1.761503e-001 -1.887809e-001 4.851794e+000 -1.617507e-002 1.251050e-001 1.100197e-001 9.944477e-001 -3.191846e-001 5.906948e-001 -1.963326e-001 2.385130e-001 -4.989559e-001 1.834286e-001 2.248155e-001 -1.130670e-001 -7.802291e-001
<VARIANCE> 39
 1.615037e+002 7.090157e+001 1.611955e+001 6.440721e+001 9.694780e+001 2.557210e+001 5.689047e+001 4.793294e+001 1.951694e+001 1.618028e+001 3.385228e+001 4.079892e+001 7.337514e+001 3.933244e+000 4.170046e+000 1.636463e+000 8.890846e+000 9.893954e+000 5.180385e+000 5.793803e+000 4.206869e+000 3.832172e+000 2.188173e+000 4.334575e+000 4.882671e+000 3.923034e+000 1.544579e+000 1.671198e+000 2.358570e-001 9.998377e-001 2.320867e+000 1.438546e+000 1.237600e+000 9.555792e-001 6.398846e-001 2.949938e-001 1.065351e+000 1.106286e+000 9.254194e-001
<GCONST> 1.394236e+002
<STATE> 3
<MEAN> 39
 -2.666928e+001 2.059400e-001 4.019280e-001 -9.148862e+000 1.743334e+001 -1.944352e+001 1.388833e+001 -9.661880e+000 6.190024e+000 -5.767069e+000 3.312166e+000 -4.268927e+000 7.154678e+001 4.655413e-001 -2.851672e-001 -4.826247e-002 2.549129e-001 -7.534555e-001 1.915393e-001 6.071419e-002 -6.832999e-001 -2.372637e-001 -8.413336e-002 2.410405e-001 -2.654729e-001 7.551140e-002 4.020945e-001 6.928932e-002 1.824517e-001 -3.335178e-002 -7.285057e-002 1.198150e-001 -2.037960e-001 -3.742607e-002 -2.594867e-002 7.014623e-002 -1.612978e-001 4.523088e-003 -4.139925e-001
<VARIANCE> 39
 2.162088e+001 1.294150e+001 1.091716e+001 1.763762e+001 1.932918e+001 1.783563e+001 2.117802e+001 2.262970e+001 2.370134e+001 1.552933e+001 1.415063e+001 1.385215e+001 7.484147e+000 3.294315e+000 1.653567e+000 1.470504e+000 2.052613e+000 1.659795e+000 1.703808e+000 3.627549e+000 2.928681e+000 3.155705e+000 2.030955e+000 2.661363e+000 1.986995e+000 2.398375e+000 3.257726e-001 2.465840e-001 2.314739e-001 4.072356e-001 3.394231e-001 3.098355e-001 6.347829e-001 7.015492e-001 6.572683e-001 4.336977e-001 4.825235e-001 4.416783e-001 2.560969e-001
<GCONST> 1.062789e+002
<STATE> 4
<MEAN> 39
 -1.561337e+001 -1.336820e+000 6.496697e+000 -1.105360e+001 7.262676e+000 -1.343106e+001 3.541147e+000 -1.262836e+001 4.373502e+000 -7.055759e+000 1.464479e+000 -6.126708e+000 5.837896e+001 8.133405e-001 -1.351214e-001 1.304091e+000 -4.912611e-001 -1.026558e+000 1.545558e-001 -1.143839e+000 9.580862e-002 -5.735942e-001 -4.720919e-001 -1.111068e-001 -1.358241e-001 4.851890e-001 -8.234120e-003 -1.470556e-001 1.924459e-001 1.356173e-001 -7.209751e-002 -8.955693e-002 -7.566318e-002 1.712968e-001 -2.412966e-001 -1.872526e-001 6.556538e-002 1.465200e-001 5.079500e-001
<VARIANCE> 39
 4.103690e+001 3.527511e+001 3.675562e+001 4.579350e+001 2.680250e+001 3.186160e+001 7.447865e+001 5.490105e+001 3.600690e+001 3.166698e+001 4.195868e+001 1.509469e+001 2.060866e+002 4.828048e+000 3.537652e+000 4.744607e+000 5.808478e+000 2.430506e+000 4.852563e+000 6.963881e+000 5.096590e+000 4.513214e+000 3.943254e+000 5.176240e+000 1.598872e+000 3.134087e+001 8.912932e-001 7.658798e-001 7.565151e-001 1.396759e+000 4.060915e-001 9.487240e-001 1.565598e+000 9.106950e-001 1.102428e+000 7.429708e-001 1.110217e+000 3.125260e-001 4.212476e+000
<GCONST> 1.401502e+002
<STATE> 5
<MEAN> 39
 -5.695644e+000 -7.707184e+000 2.281111e+001 -1.225963e+001 -3.290254e+000 -1.405958e+001 -1.012110e+001 -6.807662e+000 -7.605781e+000 -1.538760e+001 1.038803e-001 -4.299218e+000 7.603393e+001 1.680256e+000 -1.684312e+000 1.843246e+000 7.672924e-001 -1.563523e+000 9.120827e-001 -3.109270e+000 2.201344e+000 -3.100563e+000 -6.830014e-001 -2.857541e-001 4.067512e-001 5.396959e-001 -5.824504e-001 3.774836e-001 -9.180863e-001 -3.123941e-001 3.932357e-001 2.837952e-001 6.874616e-001 -8.116524e-002 5.949023e-001 7.987587e-001 -2.133432e-002 -1.677068e-001 -9.938415e-001
<VARIANCE> 39
 4.434938e+000 1.450950e+001 7.577170e+000 5.468052e+000 8.529721e+000 2.000282e+001 3.149014e+001 1.985076e+001 2.458787e+001 2.294788e+001 6.674216e+000 5.638031e+000 4.522110e+000 1.531841e+000 1.801421e+000 2.760471e+000 2.506336e+000 2.143534e+000 1.356308e+000 3.231465e+000 1.745210e+000 2.963473e+000 3.415654e+000 1.236809e+000 1.011847e+000 1.084631e+000 1.448574e-001 5.067814e-001 1.653989e-001 3.388177e-001 2.674351e-001 6.360135e-001 7.742175e-001 6.938182e-001 6.031963e-001 2.330713e-001 1.601100e-001 1.331493e-001 8.173581e-001
<GCONST> 9.708375e+001
<STATE> 6
<MEAN> 39
 -3.611648e+000 -9.255096e+000 2.096160e+001 -1.209158e+001 -7.685874e+000 -1.343347e+001 -1.085104e+001 -3.895960e+000 -9.746146e+000 -9.202621e+000 2.881806e-001 -2.120378e+000 7.582389e+001 2.056056e-001 -3.352064e-001 -1.047627e+000 1.001510e-001 -3.627032e-001 -6.824850e-001 1.026824e+000 -1.391311e-001 1.070046e+000 9.500408e-001 -2.617379e-002 5.414667e-001 1.346318e-001 3.666070e-003 -8.008995e-002 -2.905767e-001 -3.693928e-002 2.658069e-001 -1.444254e-001 3.257195e-001 -1.213312e-001 4.375716e-001 2.391576e-002 -2.221323e-001 -2.152189e-002 3.485254e-002
<VARIANCE> 39
 4.692024e+000 5.501201e+000 1.247229e+001 1.211074e+001 1.311992e+001 1.226239e+001 1.801224e+001 1.211096e+001 1.949960e+001 1.834685e+001 6.550051e+000 9.367281e+000 4.573062e+000 1.142678e-001 5.699598e-001 1.278525e+000 7.036574e-001 1.363019e+000 1.174994e+000 1.501706e+000 7.041159e-001 3.081205e+000 8.344879e-001 9.397222e-001 2.903379e-001 2.203185e-001 2.270282e-002 9.116194e-002 9.794842e-002 1.447396e-001 4.527917e-001 2.093174e-001 1.481613e-001 1.428654e-001 1.607984e-001 1.216790e-001 3.922210e-001 9.276223e-002 3.283296e-002
<GCONST> 7.043863e+001
<STATE> 7
<MEAN> 39
 7.529945e-001 -1.598215e+001 4.761514e+000 -1.119077e+001 -1.494067e+000 -1.471847e+001 4.044915e+000 -8.114465e+000 8.976428e+000 1.340773e+000 -1.180960e+001 -2.354427e+000 7.554821e+001 9.692413e-001 -3.718745e-001 -1.628544e+000 1.231895e+000 1.399352e+000 1.243102e+000 1.303834e+000 -2.328193e-001 1.465872e+000 6.421747e-001 -1.682367e+000 -5.671968e-001 -1.241856e+000 1.079216e-001 1.614082e-001 1.755224e-001 5.684991e-001 -1.411942e-001 2.294354e-001 -3.603174e-001 3.282396e-001 -4.641142e-001 -2.843328e-001 5.178518e-001 1.158502e-001 -4.456875e-001
<VARIANCE> 39
 7.644336e+000 1.090098e+001 1.194295e+001 2.300012e+001 2.039448e+001 3.892678e+001 1.412157e+001 1.199961e+001 1.691549e+001 2.900030e+001 3.960998e+001 1.910954e+001 9.743862e+000 3.242995e-001 1.224354e+000 1.035071e+000 4.235901e+000 3.332614e+000 4.924163e+000 1.433657e+000 2.243825e+000 2.129288e+000 3.411348e+000 5.936323e+000 2.895298e+000 1.293342e+000 5.721327e-002 1.833053e-001 1.943339e-001 3.626961e-001 6.631467e-001 1.303689e+000 2.544513e-001 5.115685e-001 2.604025e-001 5.735341e-001 7.619500e-001 6.794237e-001 6.133867e-002
<GCONST> 1.034860e+002
<STATE> 8
<MEAN> 39
 8.317598e+000 -1.632146e+001 -7.834868e+000 1.069407e+001 3.681042e+000 -8.781015e+000 5.095054e+000 2.056340e+000 9.191982e+000 -1.375967e+000 -6.259774e+000 -4.551804e-001 5.622653e+001 4.575799e-001 6.009281e-001 -9.603932e-001 2.418188e+000 6.867408e-001 -2.812515e-001 -1.000828e+000 1.495379e+000 -9.154424e-001 -3.240154e-001 1.333922e+000 4.582761e-001 -2.232763e+000 -1.062032e-001 3.814129e-001 3.444486e-001 -2.786664e-001 1.021831e-001 -1.397931e-001 -2.923811e-001 -2.059950e-001 -8.450643e-002 1.304858e-001 -8.569962e-002 -1.872677e-001 1.944015e-001
<VARIANCE> 39
 3.731962e+000 9.185773e+000 3.721427e+001 5.988378e+001 1.660285e+001 4.549487e+001 2.706976e+001 3.876792e+001 3.006776e+001 2.457528e+001 3.689992e+001 1.915352e+001 3.510242e+001 5.077542e-001 3.130571e+000 2.761170e+000 2.271567e+000 2.443227e+000 3.195898e+000 3.248904e+000 2.980943e+000 3.116471e+000 2.157364e+000 1.458265e+000 1.885960e+000 7.062103e-001 6.124540e-002 5.098603e-001 4.017775e-001 2.701850e-001 5.296092e-001 5.226337e-001 5.693849e-001 5.781668e-001 6.401352e-001 3.481106e-001 2.652225e-001 3.833943e-001 5.133777e-002
<GCONST> 1.075839e+002
<STATE> 9
<MEAN> 39
 1.128808e+001 8.540768e+000 -1.795450e+000 1.063019e+001 8.964292e+000 -5.060003e+000 -5.228621e+000 1.284786e+000 2.671881e+000 1.106506e-001 -1.066145e-001 -2.350917e+000 4.442430e+001 -3.614068e-001 1.901026e+000 1.122854e+000 -3.912096e-001 3.583025e-001 9.408475e-001 -4.087136e-001 -6.965169e-001 -2.501694e-001 3.997329e-001 3.527977e-001 -1.805517e-001 -7.886608e-001 -1.459350e-001 -2.747291e-001 -7.316963e-002 -1.281673e-001 -1.006095e-001 1.784745e-001 1.760525e-001 -1.054199e-001 1.074505e-001 7.343396e-002 -3.911789e-002 6.402577e-002 2.728168e-002
<VARIANCE> 39
 2.484666e+001 1.007271e+002 6.007765e+001 1.122016e+002 4.611110e+001 6.025568e+001 3.846657e+001 4.523077e+001 2.864919e+001 3.399973e+001 3.496334e+001 3.379422e+001 1.743732e+001 2.101204e+000 4.080936e+000 3.755011e+000 6.053310e+000 3.962850e+000 1.847281e+000 4.035230e+000 2.626387e+000 2.585604e+000 1.941233e+000 2.554999e+000 2.926164e+000 6.157765e-001 1.945222e-001 2.868790e-001 5.690817e-001 1.067013e+000 5.568830e-001 4.254408e-001 4.546178e-001 4.860213e-001 5.341716e-001 4.522633e-001 5.070299e-001 5.026712e-001 1.018563e-001
<GCONST> 1.218819e+002
<TRANSP> 10
 0.000000e+000 1.000000e+000 0.000000e+000 0.000000e+000 0.000000e+000 0.000000e+000 0.000000e+000 0.000000e+000 0.000000e+000 0.000000e+000
 0.000000e+000 7.574346e-001 2.425654e-001 0.000000e+000 0.000000e+000 0.000000e+000 0.000000e+000 0.000000e+000 0.000000e+000 0.000000e+000
 0.000000e+000 0.000000e+000 9.149694e-001 8.503058e-002 0.000000e+000 0.000000e+000 0.000000e+000 0.000000e+000 0.000000e+000 0.000000e+000
 0.000000e+000 0.000000e+000 0.000000e+000 9.116383e-001 8.836172e-002 0.000000e+000 0.000000e+000 0.000000e+000 0.000000e+000 0.000000e+000
 0.000000e+000 0.000000e+000 0.000000e+000 0.000000e+000 7.216011e-001 2.783989e-001 0.000000e+000 0.000000e+000 0.000000e+000 0.000000e+000
 0.000000e+000 0.000000e+000 0.000000e+000 0.000000e+000 0.000000e+000 9.074128e-001 9.258723e-002 0.000000e+000 0.000000e+000 0.000000e+000
 0.000000e+000 0.000000e+000 0.000000e+000 0.000000e+000 0.000000e+000 0.000000e+000 8.667652e-001 1.332348e-001 0.000000e+000 0.000000e+000
 0.000000e+000 0.000000e+000 0.000000e+000 0.000000e+000 0.000000e+000 0.000000e+000 0.000000e+000 8.874809e-001 1.125192e-001 0.000000e+000
 0.000000e+000 0.000000e+000 0.000000e+000 0.000000e+000 0.000000e+000 0.000000e+000 0.000000e+000 0.000000e+000 9.011300e-001 9.886999e-002
 0.000000e+000 0.000000e+000 0.000000e+000 0.000000e+000 0.000000e+000 0.000000e+000 0.000000e+000 0.000000e+000 0.000000e+000 0.000000e+000
<ENDHMM>
