~o
<STREAMINFO> 1 39
<VECSIZE> 39<NULLD><MFCC_D_A_0><DIAGC>
~h "port"
<BEGINHMM>
<NUMSTATES> 10
<STATE> 2
<MEAN> 39
 -5.304500e+000 -3.475693e+000 1.076474e+000 -1.553353e+001 6.582504e+000 -3.476227e+000 7.939942e+000 -1.574654e+001 9.358691e+000 -1.017378e+001 1.342240e+000 -5.103363e+000 7.594477e+001 -2.720283e-001 1.958539e+000 -6.665576e-001 -1.910748e+000 -5.738673e-001 1.542982e+000 7.558756e-001 -1.281905e+000 1.090832e+000 -4.128592e-001 -5.198200e-001 -7.752473e-001 4.927663e-001 -2.235966e-001 1.334133e-001 -1.650814e-001 -4.305170e-002 -2.398305e-001 3.724539e-001 -1.670590e-002 6.003869e-001 -3.069651e-001 3.491138e-001 -2.143961e-001 7.656020e-002 -1.381399e+000
<VARIANCE> 39
 1.378917e+001 4.618192e+001 1.111029e+001 3.060628e+001 1.869478e+001 3.122392e+001 2.254037e+001 2.920811e+001 2.120115e+001 1.519809e+001 2.096787e+001 1.612129e+001 1.627038e+001 1.970903e+000 2.368982e+000 1.991509e+000 3.861467e+000 2.864312e+000 1.875614e+000 3.027029e+000 3.400316e+000 2.597257e+000 2.115962e+000 1.920588e+000 1.542433e+000 8.351366e+000 9.548749e-001 1.032764e+000 6.218302e-001 9.724732e-001 7.928476e-001 6.929046e-001 4.490396e-001 5.559475e-001 4.592086e-001 3.219948e-001 4.456483e-001 3.309034e-001 3.638523e+000
<GCONST> 1.186779e+002
<STATE> 3
<MEAN> 39
 -3.105691e+000 3.291985e+000 -3.788524e+000 -2.896525e+001 1.247599e+000 3.094096e+000 1.132209e+001 -1.463840e+001 8.115596e+000 -8.617152e+000 -4.267316e+000 -7.916875e+000 7.370699e+001 2.135770e+000 -1.186805e-001 -1.353046e+000 -3.375426e+000 -2.679509e+000 -8.125086e-001 -1.125595e+000 1.353626e+000 -2.943307e+000 1.285088e+000 -1.725190e+000 -8.554152e-002 6.441072e-001 1.085425e-001 -4.382947e-001 9.861182e-002 1.864958e-001 -2.932919e-001 -5.598040e-001 -4.618349e-001 1.422841e-002 -4.652027e-001 3.559636e-001 -7.164085e-002 1.437860e-001 1.492307e-001
<VARIANCE> 39
 2.416208e+001 1.258837e+001 8.879956e+000 3.936082e+001 2.503053e+001 2.443542e+001 5.893239e+001 3.665799e+001 6.392649e+001 1.279980e+001 2.096796e+001 1.049993e+001 1.209883e+001 1.278745e+000 1.619839e+000 8.365740e-001 1.760025e+000 1.705161e+000 3.047829e+000 1.705723e+000 2.768630e+000 3.645824e+000 3.243428e+000 1.660673e+000 1.328010e+000 8.520501e-001 5.812681e-001 1.897119e-001 1.930669e-001 6.239147e-001 6.346332e-001 4.984088e-001 6.161394e-001 4.707951e-001 1.392355e+000 4.590530e-001 3.784837e-001 2.285396e-001 2.277987e-001
<GCONST> 1.082722e+002
<STATE> 4
<MEAN> 39
 3.203628e+000 -2.031697e+000 -7.368146e+000 -3.451981e+001 -8.249519e+000 -1.199586e+000 8.170442e+000 -1.160314e+001 -2.114309e+000 -1.121946e+000 -5.887613e+000 -8.385293e+000 7.513219e+001 3.101090e-001 -1.231230e+000 -5.343216e-001 1.492039e+000 -7.628487e-001 -4.416789e-002 5.751355e-001 -2.071301e-001 -2.522918e-001 1.028797e-001 1.719186e+000 -4.121921e-001 -1.514292e-001 -1.327565e-001 -1.219771e-001 -1.198871e-002 8.886845e-001 2.320781e-001 2.253423e-001 1.156200e-001 -1.423607e-001 3.757046e-001 -4.388407e-001 6.190435e-001 -9.600559e-002 -7.393477e-002
<VARIANCE> 39
 1.775434e+000 1.021647e+001 6.103044e+000 2.801136e+001 5.668857e+000 2.240070e+001 3.616052e+001 2.808097e+001 7.417482e+000 2.534301e+001 2.295618e+001 6.378348e+000 4.584337e+000 1.907726e-001 6.449381e-001 7.551570e-001 4.796295e+000 6.819804e-001 6.278707e-001 1.197384e+000 1.271068e+000 1.303185e+000 3.850399e+000 3.541565e+000 7.540056e-001 1.837037e-001 6.156305e-002 8.283694e-002 1.485279e-001 1.727097e-001 2.765080e-001 1.087072e-001 3.798424e-001 2.100329e-001 2.939001e-001 5.088904e-001 2.737887e-001 1.431913e-001 5.520781e-002
<GCONST> 7.988314e+001
<STATE> 5
<MEAN> 39
 4.723912e+000 -1.123278e+001 -1.196405e+001 -1.380306e+001 -1.073652e+001 9.177126e-001 8.503571e+000 -1.177141e+001 -3.049988e-001 -5.961168e+000 9.464719e+000 -1.055206e+001 7.386685e+001 3.178685e-001 -1.056780e+000 -3.386860e-001 3.714334e+000 1.447129e+000 -6.907520e-001 -1.375661e+000 2.352090e-001 1.259107e+000 -1.660248e-001 -2.989026e-002 1.272690e+000 -7.445205e-001 -2.166123e-001 4.456944e-001 7.766798e-001 -6.381242e-001 8.447787e-001 -6.011695e-001 -3.620492e-001 3.606919e-002 3.168652e-001 3.414181e-001 -1.335601e+000 4.813630e-001 -3.473628e-001
<VARIANCE> 39
 3.154175e+000 6.208592e+000 7.669845e+000 3.253165e+001 1.395967e+001 2.020861e+001 2.351420e+001 2.958812e+001 8.638702e+000 9.336347e+000 1.336919e+001 1.148189e+001 1.583736e+000 1.655518e-001 9.434065e-001 1.354271e+000 1.123513e+000 4.786105e+000 3.574407e+000 1.741750e+000 8.260247e-001 1.441694e+000 1.843772e+000 8.315578e+000 3.114675e+000 4.280184e-001 1.493333e-001 7.631169e-002 6.023552e-001 3.105895e-001 3.475290e-001 3.740079e-001 2.162943e-001 2.280475e-001 1.605291e-001 3.442769e-001 4.937049e-001 5.054930e-001 4.780164e-002
<GCONST> 8.886716e+001
<STATE> 6
<MEAN> 39
 -5.938446e+000 -1.014369e+001 2.464329e+000 -9.360206e+000 1.309417e+000 -7.723547e+000 2.319921e+000 -8.357359e+000 5.997781e+000 -3.245982e+000 2.100167e+000 -4.425925e+000 6.064743e+001 -2.522281e+000 4.568655e-001 1.967022e+000 -5.615252e-001 9.167843e-001 -7.290588e-001 3.497553e-001 1.342930e+000 2.006103e-001 3.966840e-001 -2.211605e-001 2.456558e-001 -2.855286e+000 1.493516e-002 -1.101478e-001 -5.987501e-001 -3.122504e-001 -2.571327e-001 7.052214e-002 5.109984e-001 2.780655e-002 -3.189994e-001 -8.923819e-002 3.104770e-001 -1.427393e-001 3.046973e-001
<VARIANCE> 39
 7.682671e+001 8.488243e+000 7.489135e+001 3.677708e+001 2.693434e+001 2.583750e+001 3.345305e+001 4.255383e+001 2.495065e+001 3.520009e+001 3.086100e+001 1.933031e+001 7.237754e+001 4.515888e+000 9.695544e-001 1.094259e+001 4.238947e+000 4.973146e+000 4.086273e+000 8.413076e+000 4.217688e+000 3.441666e+000 3.301401e+000 4.925962e+000 2.434794e+000 2.368493e+000 1.300327e+000 3.084911e-001 1.866728e+000 1.136781e+000 1.059452e+000 8.828039e-001 1.231748e+000 1.017650e+000 7.674852e-001 5.676025e-001 1.262494e+000 6.386120e-001 1.597164e+000
<GCONST> 1.344267e+002
<STATE> 7
<MEAN> 39
 -1.535640e+001 -1.213950e+001 -1.579873e+000 -1.551902e+001 7.306993e+000 -1.509066e+001 1.144622e+001 -4.429322e+000 4.319908e+000 -3.865208e+000 3.316240e+000 -3.306841e+000 5.985322e+001 4.118785e-001 -1.051460e-001 -8.187164e-001 -1.837089e-001 2.001785e+000 -1.908347e+000 9.286966e-001 -1.499232e+000 6.123501e-002 -9.510807e-001 3.536531e-001 -3.111586e-001 5.199504e+000 6.542243e-001 7.240195e-001 9.688255e-001 6.721644e-001 2.557317e-004 3.685749e-001 -4.010631e-001 -2.310212e-001 2.618961e-001 -1.688782e-001 2.279763e-002 -2.011211e-001 5.151376e-001
<VARIANCE> 39
 1.306816e+001 3.128939e+001 4.154459e+001 2.819328e+001 3.567562e+001 6.755382e+001 7.666351e+001 4.293806e+001 2.643359e+001 2.586172e+001 2.793240e+001 1.686870e+001 1.452904e+002 2.271278e+000 5.857842e+000 7.867469e+000 6.151187e+000 2.170108e+000 7.786460e+000 9.297876e+000 2.710928e+000 3.239846e+000 3.004005e+000 3.831369e+000 1.719821e+000 9.155455e+000 4.245972e-001 8.938922e-001 9.696356e-001 9.698662e-001 7.348039e-001 2.080665e+000 2.266143e+000 1.041973e+000 4.513602e-001 7.917160e-001 8.452172e-001 3.040578e-001 4.751420e+000
<GCONST> 1.366257e+002
<STATE> 8
<MEAN> 39
 -3.032354e+000 -4.525653e+000 5.228577e+000 -7.399621e+000 1.303057e+001 -1.377697e+001 1.019576e+001 -8.794878e+000 6.778773e+000 -7.921952e+000 2.188534e+000 -4.360449e+000 7.139460e+001 1.869406e+000 9.741853e-001 5.068499e-001 1.170699e+000 5.308939e-001 1.284331e+000 -8.324164e-001 1.680844e-001 4.284316e-001 3.102691e-001 -3.328343e-001 2.077267e-001 -2.019747e+000 -4.687142e-001 -3.054199e-001 -4.728881e-001 -1.985209e-001 -2.422937e-001 1.891973e-001 -2.681268e-001 2.122649e-001 -9.799075e-002 4.498188e-001 4.950397e-002 1.092857e-001 -1.215633e+000
<VARIANCE> 39
 4.166376e+001 1.396785e+001 4.637231e+000 9.410481e+000 2.120988e+001 1.848287e+001 1.787019e+001 2.101854e+001 1.538750e+001 1.562746e+001 2.095476e+001 1.131571e+001 4.087292e+001 4.086682e+000 3.420909e+000 2.941627e+000 2.306974e+000 2.469957e+000 1.524365e+000 1.481132e+000 2.867597e+000 2.296229e+000 3.270696e+000 2.012650e+000 1.281956e+000 7.214686e+000 6.593338e-001 5.469222e-001 3.937835e-001 5.192649e-001 6.154256e-001 4.919644e-001 4.282818e-001 4.311312e-001 4.133198e-001 3.930321e-001 3.743654e-001 3.131233e-001 6.983798e-001
<GCONST> 1.108344e+002
<STATE> 9
<MEAN> 39
 -5.848157e+000 -1.349095e+000 1.716133e+000 -2.208525e+000 1.106476e+001 -4.261185e+000 2.487612e+000 -4.353636e+000 6.296724e+000 -5.772457e-001 1.858064e+000 -1.492094e+000 4.512175e+001 -1.675829e+000 2.939260e-001 -6.913339e-001 7.484074e-001 -1.222829e+000 1.275954e+000 -1.044755e+000 9.262952e-001 -7.180584e-001 8.436353e-001 -2.589962e-001 5.836703e-001 -3.987678e+000 -1.909058e-001 -1.153260e-001 4.115799e-002 -3.652470e-002 -1.784603e-001 -8.580240e-002 1.477593e-001 7.685944e-002 -6.996976e-002 -2.297044e-001 -1.051678e-001 -4.170264e-002 3.198295e-001
<VARIANCE> 39
 2.844961e+001 1.062773e+001 1.581524e+001 3.268897e+001 2.661735e+001 5.129411e+001 2.703555e+001 2.555571e+001 2.750475e+001 1.875681e+001 1.508268e+001 1.758571e+001 9.403541e+001 8.821917e-001 9.412138e-001 9.940483e-001 1.629913e+000 1.265337e+000 2.055219e+000 1.872054e+000 1.052053e+000 1.010989e+000 1.548460e+000 1.521511e+000 1.514964e+000 1.505084e+000 2.063249e-001 2.004633e-001 2.054057e-001 2.488439e-001 2.635330e-001 3.813260e-001 2.947521e-001 2.812143e-001 3.598373e-001 3.039379e-001 3.014539e-001 2.707481e-001 9.695127e-002
<GCONST> 9.938711e+001
<TRANSP> 10
 0.000000e+000 1.000000e+000 0.000000e+000 0.000000e+000 0.000000e+000 0.000000e+000 0.000000e+000 0.000000e+000 0.000000e+000 0.000000e+000
 0.000000e+000 8.457271e-001 1.542729e-001 0.000000e+000 0.000000e+000 0.000000e+000 0.000000e+000 0.000000e+000 0.000000e+000 0.000000e+000
 0.000000e+000 0.000000e+000 7.582814e-001 2.417186e-001 0.000000e+000 0.000000e+000 0.000000e+000 0.000000e+000 0.000000e+000 0.000000e+000
 0.000000e+000 0.000000e+000 0.000000e+000 8.625717e-001 1.374283e-001 0.000000e+000 0.000000e+000 0.000000e+000 0.000000e+000 0.000000e+000
 0.000000e+000 0.000000e+000 0.000000e+000 0.000000e+000 7.778388e-001 2.221612e-001 0.000000e+000 0.000000e+000 0.000000e+000 0.000000e+000
 0.000000e+000 0.000000e+000 0.000000e+000 0.000000e+000 0.000000e+000 8.734409e-001 1.265591e-001 0.000000e+000 0.000000e+000 0.000000e+000
 0.000000e+000 0.000000e+000 0.000000e+000 0.000000e+000 0.000000e+000 0.000000e+000 7.828169e-001 2.171830e-001 0.000000e+000 0.000000e+000
 0.000000e+000 0.000000e+000 0.000000e+000 0.000000e+000 0.000000e+000 0.000000e+000 0.000000e+000 8.440173e-001 1.559828e-001 0.000000e+000
 0.000000e+000 0.000000e+000 0.000000e+000 0.000000e+000 0.000000e+000 0.000000e+000 0.000000e+000 0.000000e+000 8.241405e-001 1.758595e-001
 0.000000e+000 0.000000e+000 0.000000e+000 0.000000e+000 0.000000e+000 0.000000e+000 0.000000e+000 0.000000e+000 0.000000e+000 0.000000e+000
<ENDHMM>
