~o
<STREAMINFO> 1 39
<VECSIZE> 39<NULLD><MFCC_D_A_0><DIAGC>
~h "world"
<BEGINHMM>
<NUMSTATES> 10
<STATE> 2
<MEAN> 39
 1.616927e+001 7.694975e+000 -1.492174e+000 -1.715368e+001 -6.992001e+000 6.074717e-001 7.365995e-001 -4.483863e+000 -6.796863e+000 -5.324299e+000 -6.578644e+000 2.417878e+000 5.504947e+001 1.145984e+000 -5.498980e-001 3.160436e-001 -4.725420e+000 -8.195107e-002 9.070062e-001 -7.819902e-001 -7.794570e-001 -1.314072e-001 9.950375e-001 -1.949555e+000 1.684977e+000 3.088553e+000 -1.060505e+000 -3.245836e-001 3.885923e-001 -2.912498e-001 6.218864e-001 6.785036e-004 -1.711513e-001 2.960632e-001 3.348682e-001 6.206681e-001 -2.302145e-001 1.235473e-001 -1.718895e-001
<VARIANCE> 39
 3.555108e+001 1.768373e+002 3.773851e+001 1.339016e+002 5.304113e+001 7.484124e+001 2.566699e+001 2.589642e+001 2.083815e+001 3.224998e+001 5.866005e+001 4.761839e+001 7.789291e+001 1.264536e+001 9.219668e+000 8.139708e+000 8.321035e+000 6.819636e+000 6.538612e+000 3.332021e+000 2.183365e+000 4.055851e+000 5.851902e+000 7.542206e+000 3.990745e+000 5.593252e+000 2.087902e+000 1.424017e+000 1.523743e+000 1.611477e+000 1.225852e+000 1.372972e+000 6.681955e-001 4.128576e-001 7.865785e-001 7.757112e-001 1.222407e+000 9.282814e-001 8.392039e-001
<GCONST> 1.462645e+002
<STATE> 3
<MEAN> 39
 1.052486e+001 2.174796e+000 9.804906e-001 -4.567691e+001 1.430585e+000 4.283543e+000 -5.855029e+000 -2.498706e+000 -4.908871e+000 5.739234e+000 -1.973315e+001 8.462490e+000 6.977601e+001 -1.492780e+000 -1.764931e+000 -2.336994e-001 -1.405159e+000 1.640321e+000 -3.560946e-001 1.499773e-001 9.185094e-001 -1.522263e-001 4.057695e-001 -6.135212e-002 -9.676231e-001 1.860953e+000 1.751838e-001 8.180643e-002 -3.210531e-001 1.244963e+000 -3.548362e-001 4.890321e-003 6.158713e-001 -2.757599e-001 -5.040942e-002 -7.213193e-001 8.191932e-001 -3.875025e-001 -4.068541e-001
<VARIANCE> 39
 7.624189e+000 1.694269e+001 8.170082e+000 2.658579e+001 3.956675e+001 2.492581e+001 1.979542e+001 2.736825e+001 8.819242e+000 1.655615e+001 4.017493e+001 2.867364e+001 1.396637e+001 6.182873e-001 9.595280e-001 9.007671e-001 9.473266e+000 4.206559e+000 1.588613e+000 3.273236e+000 2.301070e+000 1.493982e+000 3.905150e+000 4.834161e+000 1.081184e+000 9.970070e-001 8.334953e-002 1.491707e-001 1.841419e-001 5.921679e-001 5.198346e-001 2.939531e-001 2.979976e-001 7.111169e-001 4.399816e-001 4.117970e-001 6.688169e-001 4.918336e-001 9.797805e-002
<GCONST> 1.035559e+002
<STATE> 4
<MEAN> 39
 4.927376e+000 -6.958653e+000 -4.068373e+000 -3.755875e+001 3.554131e+000 3.096510e+000 4.819960e+000 -1.087440e+001 -1.379076e+000 4.655116e-001 -7.498261e+000 -3.319368e-001 7.599172e+001 -3.551857e-001 -1.156993e+000 -7.181887e-001 2.236120e+000 -4.094856e-001 -4.488869e-001 1.486936e+000 -2.043039e+000 9.529079e-001 -3.290014e-001 2.224535e+000 -1.650273e+000 3.689257e-001 1.154041e-001 6.033726e-003 4.556226e-002 2.269226e-001 -1.484626e-001 -1.813328e-001 -2.229676e-001 1.751783e-001 2.616867e-002 1.329457e-001 -2.311378e-002 -1.204914e-001 -1.125738e-001
<VARIANCE> 39
 4.091807e+000 1.439114e+001 1.308621e+001 3.989960e+001 1.808763e+001 1.309199e+001 4.646746e+001 8.566954e+001 2.145188e+001 1.101629e+001 4.560122e+001 3.146272e+001 8.879542e+000 1.438096e-001 3.000802e-001 3.805998e-001 1.899274e+000 1.371473e+000 1.843188e+000 1.399144e+000 3.112531e+000 1.186474e+000 2.063775e+000 9.800212e-001 1.566353e+000 1.343847e-001 3.021994e-002 6.419441e-002 7.017751e-002 1.803674e-001 1.995879e-001 2.352121e-001 3.102089e-001 8.313226e-001 2.811957e-001 3.718919e-001 2.167511e-001 2.477089e-001 2.719636e-002
<GCONST> 8.511747e+001
<STATE> 5
<MEAN> 39
 4.933256e+000 -1.590248e+001 -7.279083e+000 -1.491132e+001 -2.282175e+000 -6.056784e+000 6.076637e+000 -1.158710e+001 4.022748e+000 -1.355763e+000 3.719788e+000 -1.014243e+001 7.606143e+001 2.547860e-001 -4.050374e-001 -4.450946e-001 2.831842e+000 -2.396365e-001 -2.051425e+000 -1.091702e+000 1.242123e+000 1.199099e+000 -1.164916e+000 -3.169881e-002 7.953776e-001 -4.849922e-001 8.693433e-002 2.344464e-001 2.022720e-002 -1.797206e-001 3.173874e-001 -2.017915e-001 -1.578356e-001 -1.392758e-001 2.694570e-001 -1.769364e-001 -5.034240e-001 7.497344e-001 -1.585333e-001
<VARIANCE> 39
 5.556750e+000 7.615304e+000 5.761722e+000 4.914154e+001 1.014092e+001 2.772073e+001 3.577224e+001 4.827005e+001 1.839871e+001 2.427948e+001 1.403550e+001 2.248043e+001 6.679158e+000 2.233259e-001 8.242038e-001 5.727746e-001 1.021815e+000 1.204169e+000 1.125695e+000 9.976902e-001 1.637818e+000 1.119254e+000 1.225356e+000 1.629511e+000 3.801139e+000 1.661661e-001 3.351519e-002 7.311054e-002 1.249085e-001 1.314442e-001 1.596441e-001 1.976943e-001 2.129025e-001 4.781741e-001 1.035781e-001 1.350832e-001 1.160330e-001 1.277130e-001 1.712750e-002
<GCONST> 7.841837e+001
<STATE> 6
<MEAN> 39
 7.990191e+000 -1.515349e+001 -7.300518e+000 -6.488993e-001 2.258540e+000 -2.228510e+001 2.329959e-001 -1.114200e+001 1.488848e+001 -9.873801e+000 -5.292480e+000 6.267015e+000 6.968111e+001 5.781640e-001 -4.161178e-002 2.046309e+000 1.566914e+000 3.625863e-001 -1.274534e+000 -6.494504e-001 -4.758347e-001 -2.636410e-001 -2.069233e-001 -2.482006e+000 2.505856e+000 -1.637693e+000 -3.051957e-001 7.837813e-002 8.695720e-001 -4.252569e-001 -4.815247e-001 1.178190e+000 -5.134438e-002 3.300721e-002 -1.062955e+000 5.971451e-001 6.463357e-003 -8.543507e-001 -1.601545e-001
<VARIANCE> 39
 1.089682e+001 7.244664e+000 2.395087e+001 2.621059e+001 1.793269e+001 2.570594e+001 2.771637e+001 2.529649e+001 2.806001e+001 2.529250e+001 3.418927e+001 4.003836e+001 1.218212e+001 2.732680e-001 4.762022e-001 2.861819e+000 9.212555e-001 3.392227e+000 6.720291e+000 1.575714e+000 1.921161e+000 7.491959e+000 2.560947e+000 1.426958e+000 3.720072e+000 3.590772e-001 1.889945e-001 1.518121e-001 1.693380e-001 2.395638e-001 4.179130e-001 7.283390e-001 4.209771e-001 2.847329e-001 5.036815e-001 2.569219e-001 5.785795e-001 6.993502e-001 3.362593e-002
<GCONST> 1.018157e+002
<STATE> 7
<MEAN> 39
 -3.370710e+000 -8.848874e+000 8.761037e+000 -6.964325e+000 4.372850e+000 -1.525602e+001 -1.133367e+000 -1.121105e+001 3.399030e+000 -3.150213e+000 -9.108675e+000 7.464955e-001 6.180260e+001 -1.441213e+000 9.297496e-001 1.876279e-001 -2.500253e+000 1.171530e+000 -1.436677e-001 2.352542e-001 -1.640647e-001 2.990882e-001 7.947362e-001 3.200047e-001 -1.456227e+000 6.072377e-001 3.211663e-001 -1.051840e-001 -6.053322e-001 -2.636666e-001 2.690566e-001 -3.812304e-001 8.543162e-002 -6.401789e-002 7.445449e-001 -2.274585e-002 -5.554260e-002 5.681760e-002 4.256808e-001
<VARIANCE> 39
 8.215243e+001 3.745700e+001 5.709685e+001 8.089779e+001 5.917402e+001 6.519572e+001 5.796863e+001 3.397550e+001 3.272456e+001 3.990228e+001 8.349400e+001 6.397102e+001 4.284179e+001 1.052178e+001 4.233321e+000 1.321566e+001 3.340818e+000 5.085335e+000 1.253694e+001 8.835744e+000 4.241084e+000 9.151238e+000 4.154400e+000 1.079520e+001 4.370076e+000 8.158760e+000 1.864213e+000 8.967230e-001 1.635663e+000 7.304295e-001 1.010182e+000 2.133147e+000 1.808351e+000 8.634037e-001 6.814790e-001 7.744993e-001 2.219404e+000 8.916900e-001 1.124548e+000
<GCONST> 1.505253e+002
<STATE> 8
<MEAN> 39
 -2.109988e+000 -7.715547e+000 5.883083e-001 -2.270700e+001 1.398603e+001 -1.862635e+001 2.446036e+000 -1.618786e+001 1.975587e+001 -8.534408e-001 -1.304516e+001 -4.424092e+000 7.197456e+001 5.496826e-001 2.314218e-001 -6.144462e-001 4.254774e-001 9.034243e-001 2.189471e+000 5.834688e-001 -8.531934e-001 1.450990e+000 -8.269726e-001 -5.692316e-001 -1.741120e-001 -8.382657e-001 -2.232455e-001 4.722480e-002 -1.715345e-002 6.551726e-001 -3.186227e-002 6.718335e-001 -1.524980e-002 1.987674e-001 -6.704436e-001 -4.425528e-001 6.249658e-001 1.602810e-001 -7.809933e-001
<VARIANCE> 39
 3.398088e+000 6.079379e+000 4.434550e+000 7.753361e+000 1.484352e+001 2.604274e+001 1.656900e+001 1.454543e+001 1.758979e+001 1.744958e+001 2.174484e+001 9.455223e+000 1.132719e+001 6.873703e-001 1.017705e+000 6.057684e-001 3.860822e+000 1.017483e+000 2.478745e+000 1.290912e+000 1.489319e+000 3.111547e+000 2.763648e+000 3.564868e+000 8.990846e-001 3.153383e+000 2.844559e-001 2.556352e-001 2.598069e-001 3.996602e-001 2.149238e-001 3.510537e-001 6.152804e-001 3.111850e-001 2.752121e-001 3.497060e-001 4.696210e-001 1.589981e-001 9.135611e-002
<GCONST> 9.324868e+001
<STATE> 9
<MEAN> 39
 2.116005e+000 -3.634905e+000 -7.708807e+000 -1.152831e+001 1.723442e+001 1.155397e-001 -3.057804e+000 -1.261326e+001 1.542473e+001 -5.315160e+000 -4.306162e+000 -1.772528e+000 5.294925e+001 3.197951e-001 8.947396e-001 -9.593766e-001 1.311869e+000 -4.752776e-001 1.937862e+000 -1.140727e+000 1.163307e+000 -1.538805e+000 6.995789e-001 1.489116e+000 6.402482e-001 -2.795721e+000 -1.018556e-001 3.208020e-001 4.031682e-001 4.509125e-002 -2.659455e-001 -2.331109e-001 2.140251e-001 1.703214e-001 -2.165963e-001 2.721637e-001 -1.245430e-001 -9.232429e-002 9.981551e-002
<VARIANCE> 39
 1.603932e+001 3.739365e+001 4.448619e+001 8.246200e+001 3.175530e+001 4.065661e+001 3.781257e+001 5.013505e+001 6.500190e+001 3.344376e+001 4.273542e+001 1.820678e+001 5.697350e+001 1.583582e+000 3.556731e+000 4.426509e+000 3.299895e+000 3.095274e+000 3.741008e+000 4.189491e+000 2.866552e+000 2.528991e+000 3.803325e+000 2.921436e+000 1.322846e+000 8.588230e-001 1.739143e-001 6.012555e-001 7.226837e-001 7.152166e-001 4.376131e-001 5.548651e-001 8.445989e-001 5.966297e-001 3.871835e-001 7.703781e-001 3.853899e-001 2.673668e-001 6.700967e-002
<GCONST> 1.209799e+002
<TRANSP> 10
 0.000000e+000 1.000000e+000 0.000000e+000 0.000000e+000 0.000000e+000 0.000000e+000 0.000000e+000 0.000000e+000 0.000000e+000 0.000000e+000
 0.000000e+000 8.486478e-001 1.513522e-001 0.000000e+000 0.000000e+000 0.000000e+000 0.000000e+000 0.000000e+000 0.000000e+000 0.000000e+000
 0.000000e+000 0.000000e+000 8.287554e-001 1.712446e-001 0.000000e+000 0.000000e+000 0.000000e+000 0.000000e+000 0.000000e+000 0.000000e+000
 0.000000e+000 0.000000e+000 0.000000e+000 8.786691e-001 1.213309e-001 0.000000e+000 0.000000e+000 0.000000e+000 0.000000e+000 0.000000e+000
 0.000000e+000 0.000000e+000 0.000000e+000 0.000000e+000 8.617184e-001 1.382816e-001 0.000000e+000 0.000000e+000 0.000000e+000 0.000000e+000
 0.000000e+000 0.000000e+000 0.000000e+000 0.000000e+000 0.000000e+000 8.030688e-001 1.969313e-001 0.000000e+000 0.000000e+000 0.000000e+000
 0.000000e+000 0.000000e+000 0.000000e+000 0.000000e+000 0.000000e+000 0.000000e+000 8.901355e-001 1.098645e-001 0.000000e+000 0.000000e+000
 0.000000e+000 0.000000e+000 0.000000e+000 0.000000e+000 0.000000e+000 0.000000e+000 0.000000e+000 8.412514e-001 1.587485e-001 0.000000e+000
 0.000000e+000 0.000000e+000 0.000000e+000 0.000000e+000 0.000000e+000 0.000000e+000 0.000000e+000 0.000000e+000 8.718022e-001 1.281979e-001
 0.000000e+000 0.000000e+000 0.000000e+000 0.000000e+000 0.000000e+000 0.000000e+000 0.000000e+000 0.000000e+000 0.000000e+000 0.000000e+000
<ENDHMM>
