~o
<STREAMINFO> 1 52
<VECSIZE> 52<NULLD><MFCC_D_A_T_0><DIAGC>
~h "lx"
<BEGINHMM>
<NUMSTATES> 12
<STATE> 2
<NUMMIXES> 3
<MIXTURE> 1 4.932337e-01
<MEAN> 52
 -3.500095e+00 2.510744e+00 1.472358e+01 -4.862879e-01 -1.049562e+01 -6.234325e+00 -1.055508e+01 -2.439389e+00 -9.104371e+00 -2.134159e+00 6.160640e-01 -1.087480e+00 6.913136e+01 -4.133089e-01 -7.814922e-01 1.090593e+00 -1.356586e+00 -2.673821e+00 1.383532e-01 -5.310886e-02 8.209323e-01 -7.911984e-01 1.316585e-01 1.737021e+00 3.720629e-01 2.177672e+00 -1.279065e-01 -3.182545e-02 -2.595263e-01 -2.220195e-01 -2.311770e-03 4.262877e-01 -3.899083e-03 -6.720585e-02 9.568777e-02 3.099548e-02 1.361630e-02 -1.466992e-01 -2.868835e-01 1.480413e-01 2.502166e-01 -3.450647e-02 1.990388e-01 4.000382e-01 1.992025e-03 -6.234105e-02 -1.716591e-01 6.574614e-02 1.981579e-02 -2.804708e-01 -1.063347e-01 -2.405016e-01
<VARIANCE> 52
 1.296989e+01 2.786909e+01 3.907701e+01 4.984994e+01 5.855852e+01 4.570980e+01 5.884492e+01 5.374088e+01 3.865773e+01 3.968461e+01 4.001558e+01 2.825474e+01 2.985355e+01 1.215347e+00 1.847675e+00 2.717707e+00 3.616522e+00 4.152241e+00 3.877057e+00 3.866987e+00 3.971607e+00 2.936875e+00 2.978794e+00 2.702657e+00 2.755409e+00 1.506431e+00 3.084934e-01 5.224849e-01 5.092646e-01 5.567679e-01 1.081287e+00 5.062603e-01 7.675294e-01 7.781203e-01 4.912585e-01 6.372918e-01 7.119380e-01 5.137795e-01 3.548684e-01 5.699961e-02 7.861610e-02 1.054833e-01 1.234293e-01 1.792832e-01 1.471611e-01 1.789451e-01 1.605031e-01 1.099485e-01 1.418661e-01 1.223668e-01 1.218046e-01 5.100081e-02
<GCONST> 1.202557e+02
<MIXTURE> 2 3.192672e-01
<MEAN> 52
 -4.971420e+00 2.254165e+00 4.789791e+00 3.864859e-01 -1.668128e+00 -3.071654e+00 -8.165093e+00 -4.350923e+00 -4.477006e+00 -3.461072e+00 -4.671210e+00 -2.088511e+00 5.664175e+01 1.490353e+00 1.232307e+00 3.087291e+00 1.061375e-01 -1.173415e+00 -1.331251e+00 -2.043581e+00 -8.420318e-01 -1.307298e+00 -4.841830e-01 -5.640114e-01 -6.871635e-02 2.533437e+00 -2.823537e-01 -4.535477e-01 8.055776e-02 -6.293507e-01 -7.067878e-01 -2.300020e-01 7.947486e-02 1.807085e-01 -1.807069e-01 1.640400e-01 2.326971e-01 2.362340e-01 5.540484e-01 -2.297780e-01 -1.936046e-01 -3.210825e-01 -9.353924e-02 2.428467e-02 2.077034e-01 3.033889e-01 1.496770e-01 1.354644e-01 1.339333e-01 1.118145e-01 3.910071e-02 -1.926417e-01
<VARIANCE> 52
 2.053052e+01 2.964429e+01 5.500053e+01 3.303000e+01 3.323257e+01 3.987352e+01 5.032299e+01 4.190062e+01 3.515205e+01 3.819093e+01 3.135276e+01 1.994858e+01 2.960405e+01 1.354979e+00 2.872715e+00 3.955753e+00 4.699807e+00 4.148247e+00 3.876252e+00 4.092300e+00 4.777009e+00 3.985918e+00 3.902616e+00 3.535616e+00 2.693249e+00 2.553975e+00 3.952116e-01 6.244110e-01 6.943738e-01 4.659644e-01 5.919819e-01 7.031165e-01 8.935201e-01 8.488731e-01 6.529418e-01 8.519005e-01 5.547387e-01 4.043570e-01 2.872022e-01 6.383936e-02 1.274398e-01 1.544162e-01 1.289460e-01 1.688384e-01 1.733204e-01 1.764316e-01 2.016881e-01 1.803351e-01 1.970057e-01 1.277692e-01 1.231734e-01 9.225868e-02
<GCONST> 1.248482e+02
<MIXTURE> 3 1.874991e-01
<MEAN> 52
 -6.683579e+00 -2.377811e+00 1.087266e+01 -1.771240e+01 -1.410998e+01 -1.268179e+01 -1.381837e+01 -7.897035e+00 -1.323477e+01 -1.181242e+00 -1.208999e+01 -7.033715e-01 6.788226e+01 -5.114372e-01 -4.573434e-01 1.484843e+00 -2.847471e+00 -2.361389e+00 3.856601e-01 1.828164e-01 -7.207612e-01 -3.201407e-01 2.870987e+00 -1.143346e+00 7.031425e-02 2.734789e+00 -2.206420e-01 2.183988e-01 -6.675213e-01 3.810752e-01 3.391623e-01 9.152194e-01 -5.846441e-02 -3.702716e-03 6.980026e-01 9.214458e-03 1.287570e-01 8.485084e-02 -5.813103e-01 1.389028e-01 2.224582e-01 -9.339520e-02 2.721376e-01 3.346438e-01 -1.123675e-01 -3.144973e-01 2.615359e-03 8.709640e-04 -5.282840e-01 3.480052e-02 1.619649e-02 -2.840869e-01
<VARIANCE> 52
 1.074976e+01 2.640341e+01 4.152695e+01 5.859919e+01 5.081196e+01 1.974304e+01 5.065641e+01 4.601393e+01 1.905571e+01 5.997359e+01 2.872037e+01 4.008864e+01 3.017745e+01 9.825675e-01 1.843012e+00 4.260513e+00 4.052438e+00 3.751744e+00 5.299491e+00 4.522723e+00 2.219598e+00 4.173859e+00 4.425679e+00 2.200808e+00 3.449787e+00 2.645458e+00 2.293772e-01 4.878090e-01 5.506977e-01 6.569947e-01 9.724941e-01 6.175031e-01 1.623685e+00 5.739651e-01 7.644186e-01 1.603976e+00 3.908248e-01 7.124673e-01 4.230286e-01 3.930812e-02 8.065195e-02 1.681936e-01 1.475997e-01 1.416264e-01 2.251008e-01 2.205797e-01 1.135296e-01 2.120356e-01 2.085958e-01 8.667465e-02 1.369373e-01 8.461177e-02
<GCONST> 1.235051e+02
<STATE> 3
<NUMMIXES> 3
<MIXTURE> 1 5.357018e-01
<MEAN> 52
 -3.965770e+00 2.905311e+00 1.681316e+01 -3.142151e+00 -1.835392e+01 -1.326778e+00 -1.183967e+01 -1.312494e+00 -1.007585e+01 -2.813850e+00 5.384078e+00 -1.742205e+00 7.367264e+01 9.414607e-02 9.351451e-01 -3.068562e-01 -8.727662e-01 1.066553e-01 1.289861e+00 -2.478807e-01 -8.061979e-01 1.573611e-01 2.795641e-01 -1.503857e-02 -8.058345e-01 -6.129872e-02 9.642372e-02 1.860864e-01 -4.247707e-01 2.326422e-01 8.093134e-01 -1.691007e-01 1.615696e-01 -3.075578e-01 8.960295e-02 1.549794e-01 -4.938838e-01 -1.627395e-01 -3.884291e-01 -9.869058e-03 -1.233455e-01 4.868264e-02 8.960450e-02 -1.636187e-01 -1.739375e-01 9.209371e-02 1.029545e-01 -8.681136e-02 -5.555963e-03 8.895867e-02 9.765415e-02 1.302404e-01
<VARIANCE> 52
 9.497055e+00 2.654512e+01 2.563324e+01 4.055592e+01 3.006162e+01 6.289732e+01 6.109888e+01 5.106854e+01 4.358294e+01 4.719876e+01 2.511677e+01 3.487995e+01 1.265872e+01 3.496965e-01 9.019517e-01 1.333395e+00 1.120629e+00 2.806886e+00 2.041803e+00 2.681401e+00 2.308044e+00 2.649489e+00 1.942151e+00 2.409844e+00 1.869776e+00 4.056670e-01 9.354106e-02 2.168634e-01 2.300242e-01 3.027838e-01 4.297053e-01 5.248210e-01 5.365400e-01 4.414035e-01 4.908883e-01 4.073973e-01 4.354489e-01 3.919054e-01 1.363607e-01 1.762405e-02 3.566517e-02 5.085367e-02 4.197202e-02 1.177222e-01 8.408029e-02 1.038020e-01 8.222638e-02 9.343738e-02 8.676614e-02 8.751364e-02 7.485776e-02 1.835746e-02
<GCONST> 9.403358e+01
<MIXTURE> 2 2.384979e-01
<MEAN> 52
 -9.020602e+00 4.499041e-01 1.153437e+01 -2.436672e+01 -1.649099e+01 -6.103188e+00 -1.806933e+01 -1.199506e+01 -9.205248e+00 3.558847e+00 -1.634699e+01 1.288375e+00 7.233252e+01 3.541744e-02 1.521770e+00 -3.067918e-01 -6.235875e-01 1.405907e+00 1.103934e+00 -2.364333e+00 -2.893136e-01 9.321985e-01 -9.680350e-01 -7.159491e-01 7.075413e-01 -3.014868e-01 2.537819e-01 1.417928e-02 -2.283214e-01 4.815044e-01 5.898777e-01 -4.430661e-01 -3.178415e-02 2.265453e-01 -1.715580e-01 -6.095903e-01 1.716803e-01 -1.116886e-01 -4.293577e-01 -1.221002e-03 -2.276859e-01 8.715763e-02 -4.918720e-02 -2.679879e-01 -1.677816e-01 3.041412e-01 -3.661075e-03 -1.535413e-01 2.652899e-01 1.755469e-02 -1.211970e-01 1.940556e-01
<VARIANCE> 52
 5.538487e+00 1.657067e+01 1.198828e+01 2.461853e+01 2.722803e+01 1.743429e+01 3.563316e+01 2.782212e+01 3.000609e+01 3.338707e+01 2.622357e+01 3.388547e+01 1.061023e+01 3.440381e-01 4.486048e-01 1.231888e+00 1.228209e+00 1.986785e+00 1.892547e+00 2.468517e+00 2.445581e+00 2.475972e+00 2.408469e+00 1.298615e+00 1.731075e+00 4.106572e-01 7.300495e-02 2.750921e-01 2.273410e-01 2.379623e-01 4.890552e-01 3.893467e-01 6.288617e-01 3.174058e-01 4.975293e-01 6.474258e-01 2.559089e-01 3.866037e-01 1.510460e-01 1.957134e-02 2.836629e-02 4.807148e-02 4.952078e-02 7.386956e-02 1.001207e-01 1.008484e-01 7.727880e-02 1.225507e-01 1.118374e-01 5.903109e-02 6.572279e-02 2.193891e-02
<GCONST> 8.588218e+01
<MIXTURE> 3 2.258003e-01
<MEAN> 52
 -6.353008e+00 -6.035268e-02 2.293946e+01 -1.510960e+01 -1.227381e+01 1.741188e+00 -1.246928e+01 -4.501190e+00 -1.392440e+01 4.325874e+00 2.933429e+00 -2.969935e+00 7.221419e+01 1.624015e-01 8.561706e-01 -2.133977e-01 -1.065541e-01 9.728854e-01 5.318105e-01 -3.779508e-01 -1.106610e+00 -6.245976e-01 7.161332e-01 -1.193219e-01 -7.105561e-01 -5.074071e-01 1.145278e-01 9.613092e-02 -3.495748e-01 3.632541e-01 1.086594e-01 -2.394557e-01 8.804709e-02 -4.181677e-02 1.644552e-02 -6.101294e-02 2.702549e-02 4.900007e-02 -1.417785e-01 -4.444013e-02 -8.420084e-02 3.249541e-02 -4.587087e-02 -1.303339e-01 -6.357726e-02 6.037662e-02 1.355604e-01 3.679897e-02 -1.049812e-01 3.701618e-02 1.081084e-01 1.011535e-01
<VARIANCE> 52
 9.235136e+00 2.142081e+01 1.761345e+01 6.440157e+01 2.813249e+01 2.208852e+01 2.122458e+01 2.126672e+01 2.508944e+01 3.523994e+01 1.472594e+01 2.972099e+01 9.266575e+00 2.017253e-01 2.069822e-01 7.664487e-01 7.602189e-01 4.777966e-01 9.380970e-01 7.187872e-01 7.741011e-01 9.210085e-01 5.334673e-01 6.298183e-01 6.753884e-01 1.196636e-01 2.928691e-02 1.177254e-01 8.605617e-02 1.581107e-01 1.287545e-01 1.188579e-01 1.522891e-01 1.839517e-01 1.276923e-01 1.765179e-01 9.931239e-02 1.510308e-01 4.384295e-02 8.109588e-03 2.019265e-02 1.348276e-02 3.395334e-02 2.060935e-02 2.870755e-02 2.899752e-02 3.295242e-02 3.486545e-02 2.869540e-02 2.410798e-02 3.120704e-02 8.278903e-03
<GCONST> 4.820715e+01
<STATE> 4
<NUMMIXES> 3
<MIXTURE> 1 3.056474e-01
<MEAN> 52
 -2.181129e+00 5.050809e+00 6.182047e+00 -7.615790e+00 -1.371189e+01 -5.461727e+00 -1.448808e+01 -8.658453e+00 -1.198470e+01 -1.493964e+00 -8.309165e+00 -4.991754e+00 6.897131e+01 -1.570547e-01 9.039012e-01 -6.618356e-01 6.422341e-01 1.960543e-01 -1.397612e-02 4.667752e-01 -8.411659e-01 -1.797643e-02 -5.514222e-01 -8.778336e-02 6.064212e-02 -4.077116e-01 -5.832361e-01 2.846513e-01 1.088293e-01 1.622750e-01 2.454099e-01 -6.967306e-04 2.858396e-01 2.785991e-03 2.757891e-01 -2.363872e-01 2.472924e-01 1.609073e-01 5.389584e-02 -2.171992e-01 -4.866423e-02 -2.420308e-02 8.719277e-03 1.277740e-01 1.078723e-02 9.952073e-02 1.418555e-01 8.870572e-02 7.519549e-02 3.488235e-02 -3.219951e-02 5.334954e-02
<VARIANCE> 52
 1.480139e+01 1.988960e+01 3.428831e+01 1.337945e+02 4.610483e+01 4.580203e+01 1.093973e+02 9.471273e+01 4.105370e+01 8.636656e+01 1.334371e+02 4.123655e+01 2.230794e+01 1.452825e+00 1.549141e+00 2.972366e+00 3.180192e+00 3.390089e+00 2.704553e+00 3.706308e+00 3.410492e+00 3.174673e+00 3.590504e+00 4.305151e+00 3.004910e+00 5.015711e-01 2.746102e-01 3.167368e-01 4.155864e-01 7.594423e-01 7.044038e-01 5.629313e-01 8.722321e-01 6.645389e-01 6.098168e-01 6.334665e-01 7.909373e-01 6.570254e-01 8.297170e-02 3.091879e-02 6.741758e-02 1.177420e-01 1.409900e-01 1.601053e-01 1.454383e-01 1.898007e-01 1.399520e-01 1.423387e-01 1.513675e-01 1.779007e-01 1.306593e-01 2.299967e-02
<GCONST> 1.203998e+02
<MIXTURE> 2 2.784148e-01
<MEAN> 52
 -5.487931e+00 2.608041e+00 6.999647e+00 -2.163864e+01 -9.170690e+00 -7.839201e+00 -2.468665e+01 -9.622176e+00 -9.536725e+00 -2.303374e+00 -1.869684e+01 1.273848e+00 6.811589e+01 4.547406e-01 -7.376916e-03 -5.946619e-01 7.013604e-01 2.213494e-01 -3.849434e-01 -1.113235e-01 -1.546218e-01 -1.929002e-01 -4.683541e-01 -2.376249e-01 -5.009922e-01 -4.786843e-01 -7.486936e-02 1.674199e-02 -2.812824e-02 7.256891e-02 -2.444323e-01 -7.254380e-03 2.274097e-01 -1.432249e-01 -5.519010e-02 3.107836e-02 1.013594e-01 -5.630438e-02 1.472072e-02 -6.598043e-02 9.562957e-02 -8.970830e-03 -1.635983e-03 6.718304e-03 5.408352e-02 -2.468368e-02 -3.084073e-02 3.926825e-02 -4.253215e-02 4.570727e-02 3.357197e-02 1.027135e-02
<VARIANCE> 52
 1.068326e+01 1.284829e+01 1.342071e+01 5.653021e+01 4.508863e+01 2.425539e+01 2.212761e+01 5.377197e+01 2.591391e+01 4.871330e+01 3.748434e+01 3.205180e+01 2.058464e+01 2.858654e-01 7.159022e-01 6.656477e-01 1.353419e+00 1.490879e+00 1.276052e+00 2.007294e+00 1.857182e+00 1.598617e+00 1.696730e+00 1.335902e+00 1.155922e+00 1.328443e-01 4.225364e-02 1.681215e-01 1.398503e-01 2.450592e-01 2.024693e-01 2.654755e-01 3.981395e-01 2.962390e-01 3.019396e-01 3.390780e-01 3.409164e-01 2.372573e-01 2.165971e-02 1.113990e-02 1.944680e-02 3.010321e-02 6.341451e-02 4.081337e-02 5.856599e-02 8.850332e-02 6.509692e-02 6.411453e-02 7.864954e-02 7.863192e-02 5.139132e-02 4.619382e-03
<GCONST> 7.406282e+01
<MIXTURE> 3 4.159378e-01
<MEAN> 52
 -2.567537e+00 5.902656e+00 1.212160e+01 -4.218351e+00 -1.291432e+01 -2.252515e-02 -9.813569e+00 -7.593547e+00 -9.645877e+00 1.612780e-02 3.266442e+00 -5.179009e+00 7.145036e+01 3.938701e-02 3.921286e-01 -7.030047e-01 4.345392e-01 5.338759e-01 -5.547403e-01 5.885918e-01 -2.339378e-01 -3.797718e-01 2.033141e-01 -2.208331e-01 -2.308389e-01 -1.809510e-01 -2.586754e-01 1.213725e-01 2.782005e-02 1.775719e-01 -5.544845e-02 -2.843278e-01 3.193624e-01 1.387337e-01 2.500645e-02 -1.306396e-01 2.218199e-03 2.341958e-01 4.430869e-02 -1.317999e-01 1.028562e-01 7.325312e-04 -2.524440e-02 7.518699e-02 8.793963e-02 1.760706e-02 -1.859754e-02 1.119873e-01 -2.911864e-02 -1.580293e-02 3.983312e-02 9.606499e-04
<VARIANCE> 52
 1.005932e+01 2.348065e+01 4.015612e+01 5.856530e+01 3.353391e+01 7.064195e+01 5.653588e+01 6.121722e+01 5.673961e+01 4.925289e+01 3.278062e+01 3.275608e+01 1.318797e+01 4.199929e-01 5.509292e-01 1.148033e+00 1.514767e+00 1.143828e+00 1.761240e+00 1.644689e+00 1.490046e+00 1.705182e+00 1.632492e+00 1.534628e+00 1.451346e+00 1.916343e-01 8.505498e-02 1.599024e-01 2.099443e-01 2.473557e-01 3.328665e-01 4.040512e-01 3.616320e-01 3.346751e-01 4.480208e-01 2.866576e-01 3.035024e-01 2.457011e-01 3.166204e-02 1.558766e-02 2.695580e-02 4.858016e-02 5.466164e-02 8.083342e-02 8.008870e-02 7.221217e-02 7.436303e-02 7.890482e-02 6.458185e-02 7.432614e-02 5.994098e-02 8.389082e-03
<GCONST> 8.414798e+01
<STATE> 5
<NUMMIXES> 3
<MIXTURE> 1 3.686536e-01
<MEAN> 52
 -5.717797e+00 1.029659e+01 1.118179e+01 -2.701823e+00 -1.014788e+01 -2.949569e+00 -5.254670e+00 -8.559894e+00 -1.064430e+01 -5.350414e-01 2.168686e+00 -3.362193e+00 7.089586e+01 -2.705712e+00 2.434687e+00 -1.267692e+00 1.192793e+00 2.523594e+00 -1.195095e+00 2.567828e+00 -1.197664e-01 1.555728e+00 -8.102098e-01 -7.815994e-01 1.324856e+00 -3.109798e-01 -9.844230e-01 -8.117679e-02 -3.617221e-01 6.082835e-02 5.260143e-01 2.326562e-01 4.738039e-02 3.648798e-01 4.263600e-01 -2.958541e-02 -2.131725e-01 -2.709114e-02 -8.474256e-03 1.296817e-01 -4.145436e-01 -6.611656e-03 -2.288267e-01 -3.267291e-01 1.552623e-01 -3.565794e-01 1.359017e-02 -2.017268e-01 1.440792e-01 7.801331e-02 -2.170427e-01 3.162456e-02
<VARIANCE> 52
 1.072809e+01 1.952678e+01 2.570819e+01 4.738425e+01 3.508828e+01 4.106366e+01 5.487521e+01 4.958926e+01 4.241459e+01 3.545232e+01 3.015458e+01 3.480487e+01 1.520592e+01 1.635849e+00 1.498911e+00 2.951084e+00 3.499264e+00 4.391623e+00 2.818054e+00 2.644279e+00 4.509790e+00 3.687326e+00 3.468622e+00 2.613680e+00 2.365191e+00 4.317810e-01 1.773001e-01 4.253821e-01 3.206727e-01 3.504519e-01 5.574875e-01 4.642148e-01 6.103638e-01 5.146512e-01 4.960518e-01 4.568973e-01 4.560299e-01 4.033380e-01 6.601536e-02 5.671846e-02 5.571702e-02 8.440576e-02 9.059578e-02 1.757419e-01 1.159445e-01 1.036168e-01 1.560278e-01 1.301418e-01 1.223020e-01 1.078687e-01 8.711556e-02 1.497224e-02
<GCONST> 1.071173e+02
<MIXTURE> 2 4.565304e-01
<MEAN> 52
 -1.764944e+01 1.503445e+01 5.448982e+00 5.323103e-01 -1.885150e+00 -3.861209e+00 -6.838564e-01 -7.453545e+00 -5.386624e+00 -3.603620e+00 -2.664513e+00 -1.796137e+00 6.955438e+01 -4.519792e+00 -1.680852e-01 -1.756649e+00 4.482061e-01 2.129850e+00 6.559361e-01 1.536560e+00 1.266734e+00 1.715111e+00 2.335935e-01 -1.407373e-01 4.144998e-01 5.393287e-02 2.664781e-01 -9.395016e-01 -1.748767e-01 -8.244620e-01 -8.492730e-01 2.294031e-02 -7.712029e-01 -5.889386e-02 -2.709845e-01 3.269172e-01 1.417157e-01 -1.418169e-01 2.788015e-02 5.061660e-01 8.605313e-02 1.653606e-01 -6.491299e-02 -3.013646e-01 -1.912112e-01 -1.164442e-01 -2.296607e-01 -2.169954e-01 -6.975353e-02 4.413465e-02 -1.734964e-02 -2.433276e-02
<VARIANCE> 52
 3.288115e+01 1.692192e+01 3.617356e+01 3.658727e+01 3.107722e+01 2.853572e+01 3.940697e+01 3.403063e+01 2.797271e+01 3.305366e+01 3.325286e+01 2.463575e+01 1.920237e+01 1.768292e+00 2.694599e+00 2.488705e+00 2.713243e+00 2.959783e+00 3.050130e+00 4.054406e+00 2.858568e+00 2.991716e+00 3.221391e+00 3.430619e+00 2.708816e+00 5.217542e-01 4.454316e-01 3.086139e-01 4.007036e-01 4.142989e-01 6.268311e-01 5.325387e-01 4.925886e-01 5.224437e-01 5.871754e-01 5.670640e-01 5.390138e-01 5.426366e-01 8.290478e-02 5.702818e-02 1.002294e-01 9.218694e-02 8.593891e-02 1.388524e-01 1.074932e-01 1.454299e-01 9.705511e-02 1.266184e-01 1.344075e-01 1.142586e-01 1.215045e-01 1.851491e-02
<GCONST> 1.096655e+02
<MIXTURE> 3 1.748161e-01
<MEAN> 52
 -1.070939e+01 1.143135e+01 1.647738e+00 -1.245150e+01 -1.212197e+01 -9.867673e+00 -1.984838e+01 -1.807833e+01 -1.038257e+01 -1.018009e+01 -1.250441e+01 -4.406213e+00 6.605934e+01 -4.089097e+00 1.605984e+00 -1.025886e+00 3.508142e+00 9.529225e-01 3.474641e-01 3.521784e+00 6.033626e-01 1.111319e+00 -5.450910e-01 2.287299e+00 -1.189567e+00 4.537489e-01 -7.340541e-01 -6.171791e-01 -5.885518e-02 1.332186e-01 6.783020e-01 5.510913e-01 6.900507e-01 9.024172e-01 4.928362e-01 7.751680e-01 8.061337e-02 3.184826e-01 2.413667e-01 4.084095e-01 -2.390323e-01 3.312631e-02 -5.042464e-01 -1.013582e-01 3.535470e-02 -4.307231e-01 -5.799714e-02 -8.714610e-02 1.642245e-01 -2.388454e-01 2.430537e-01 -7.289094e-02
<VARIANCE> 52
 3.000410e+01 1.975821e+01 2.475875e+01 5.736187e+01 2.170772e+01 3.422313e+01 3.599702e+01 4.022470e+01 2.093175e+01 2.859837e+01 2.786238e+01 4.070400e+01 2.326287e+01 1.785322e+00 2.140278e+00 1.676955e+00 4.207945e+00 5.121954e+00 5.295143e+00 3.159953e+00 3.307894e+00 2.194119e+00 4.389146e+00 3.670176e+00 3.467642e+00 5.160688e-01 4.349223e-01 3.246922e-01 3.389200e-01 9.516094e-01 5.443966e-01 5.602176e-01 7.568194e-01 3.374931e-01 4.025173e-01 4.946713e-01 7.168528e-01 8.787899e-01 8.885113e-02 7.248864e-02 8.328656e-02 6.280745e-02 1.317411e-01 1.960541e-01 2.003987e-01 1.563966e-01 1.433815e-01 1.010277e-01 1.735328e-01 1.828050e-01 1.398532e-01 1.827044e-02
<GCONST> 1.139757e+02
<STATE> 6
<NUMMIXES> 3
<MIXTURE> 1 2.576398e-01
<MEAN> 52
 -2.629778e+01 1.065434e+01 -6.849951e-01 -2.096531e+00 -2.280016e+00 -4.401465e+00 -5.703097e-01 -6.194741e+00 -2.752800e+00 -2.120106e+00 -1.612385e+00 -1.498032e+00 6.962659e+01 -2.349656e+00 -1.711816e+00 -1.884647e+00 -1.853269e+00 -9.399763e-01 -4.969947e-01 -3.686575e-01 -1.400288e-01 3.854329e-01 5.193306e-01 3.626897e-01 3.867687e-01 5.784765e-02 1.078582e+00 -1.820627e-02 5.251672e-01 -1.670430e-01 -4.605319e-01 -1.178795e-01 -3.275172e-01 -2.306777e-01 -4.105116e-01 -1.990150e-02 2.975074e-02 -3.780829e-02 -1.915719e-02 1.276842e-01 3.549864e-01 2.887064e-01 3.965390e-01 3.420862e-01 8.092678e-02 2.154792e-01 7.748386e-02 6.633496e-02 -1.335544e-01 -9.634177e-02 -2.685410e-02 -9.487282e-03
<VARIANCE> 52
 1.126720e+01 2.118809e+01 3.721856e+01 3.428016e+01 2.641244e+01 3.217497e+01 4.361803e+01 4.281065e+01 2.668183e+01 3.280267e+01 3.059228e+01 2.525082e+01 1.509620e+01 1.690604e+00 9.127020e-01 1.499504e+00 1.183160e+00 1.597333e+00 1.946090e+00 2.158133e+00 1.958154e+00 2.253503e+00 2.102897e+00 2.196178e+00 1.970214e+00 2.455655e-01 1.619890e-01 3.353326e-01 4.182457e-01 4.633198e-01 5.767683e-01 4.848848e-01 5.548392e-01 3.901567e-01 4.451110e-01 4.162519e-01 4.346248e-01 4.219504e-01 6.466960e-02 6.297709e-02 4.625576e-02 5.855978e-02 5.131203e-02 7.653186e-02 9.911315e-02 1.085937e-01 8.685372e-02 1.188771e-01 9.930380e-02 1.041410e-01 1.087505e-01 1.202640e-02
<GCONST> 9.580035e+01
<MIXTURE> 2 6.128670e-01
<MEAN> 52
 -2.970348e+01 8.381721e+00 -2.311118e+00 -6.554957e+00 -3.113456e+00 -4.318066e+00 -3.006525e+00 -5.440286e+00 -3.108384e+00 -7.371877e-01 -2.006068e+00 -1.061834e+00 6.915053e+01 -1.116566e-01 -5.071012e-01 2.766218e-01 -2.877810e-01 4.342885e-02 1.874672e-01 1.618109e-01 3.048613e-01 1.324684e-01 1.671734e-01 1.852568e-02 9.056427e-02 -1.661630e-01 7.044378e-01 1.953908e-01 5.641974e-01 1.543620e-01 -1.513965e-01 -1.227131e-01 -2.543159e-01 -2.224282e-01 -2.627858e-01 -2.261366e-01 -1.156078e-01 -7.608303e-02 -7.399851e-04 2.349858e-02 -8.579558e-03 2.500197e-02 -1.886724e-03 -8.748645e-02 -6.387057e-02 -1.185472e-01 -7.427371e-02 -6.387382e-02 -4.971626e-02 1.131350e-02 8.994188e-03 6.445692e-02
<VARIANCE> 52
 8.720948e+00 1.588408e+01 3.464241e+01 2.203221e+01 1.620652e+01 3.089820e+01 4.035393e+01 3.289984e+01 2.737851e+01 2.290340e+01 2.504901e+01 1.580893e+01 1.708740e+01 7.904534e-01 6.533158e-01 1.300778e+00 1.079396e+00 1.379520e+00 1.538267e+00 1.664343e+00 1.803124e+00 1.953965e+00 2.091257e+00 1.762455e+00 1.543821e+00 2.073267e-01 2.707191e-01 1.830447e-01 3.101182e-01 3.296348e-01 3.859698e-01 4.164034e-01 4.456318e-01 4.681039e-01 4.486839e-01 4.094659e-01 3.835420e-01 3.263701e-01 4.546236e-02 4.745957e-02 3.441267e-02 4.832988e-02 5.343431e-02 8.149309e-02 9.278069e-02 1.012981e-01 8.659825e-02 1.075117e-01 1.014399e-01 9.522095e-02 8.652464e-02 1.260432e-02
<GCONST> 8.693921e+01
<MIXTURE> 3 1.294933e-01
<MEAN> 52
 -2.373630e+01 8.286673e+00 -6.867741e-01 -1.029429e+01 -9.961884e+00 -6.352318e+00 -9.738406e+00 -1.291433e+01 -5.715698e+00 -3.313137e+00 -4.549436e+00 -1.663441e+00 6.681567e+01 3.490830e+00 -1.647769e-01 2.018400e+00 -2.524066e+00 -2.738972e+00 -2.251744e+00 -3.597953e+00 -3.228923e+00 -2.906821e+00 -1.620426e+00 -2.211871e+00 -5.110972e-01 6.966462e-01 5.666733e-02 -4.674897e-01 2.979550e-01 -5.014316e-01 2.581015e-01 1.605170e-01 -5.835717e-02 2.374076e-01 -1.275351e-01 -1.476228e-02 -6.134641e-01 -1.016749e-01 3.532863e-01 -4.800867e-01 -8.525914e-02 -1.589592e-01 2.146175e-01 4.540018e-01 3.474439e-01 5.060382e-01 5.162845e-01 3.961688e-01 2.693311e-01 2.517264e-01 8.878896e-02 -8.714240e-02
<VARIANCE> 52
 4.360667e+01 1.876006e+01 2.933679e+01 2.495366e+01 4.527469e+01 5.172243e+01 7.419962e+01 6.482796e+01 4.721773e+01 3.102624e+01 2.962668e+01 2.082811e+01 2.406356e+01 1.115689e+00 1.475010e+00 1.716756e+00 2.381379e+00 2.007939e+00 3.049939e+00 3.824774e+00 2.286412e+00 2.503188e+00 2.131815e+00 3.089217e+00 3.008544e+00 7.211641e-01 8.617197e-01 2.526982e-01 3.515779e-01 4.247867e-01 1.009176e+00 9.444543e-01 1.324416e+00 1.305110e+00 9.182710e-01 6.501714e-01 5.397511e-01 3.847039e-01 8.866187e-02 4.305186e-02 7.172330e-02 6.998917e-02 9.270594e-02 8.934221e-02 1.317871e-01 1.374435e-01 1.124123e-01 1.057403e-01 8.902236e-02 1.307205e-01 9.839444e-02 3.114240e-02
<GCONST> 1.121133e+02
<STATE> 7
<NUMMIXES> 3
<MIXTURE> 1 1.589499e-01
<MEAN> 52
 -1.089871e+01 2.487823e+00 1.587661e+01 -2.359653e+00 -1.299671e+01 -9.357711e+00 -1.024843e+01 -9.011182e+00 -8.789469e+00 -5.473804e+00 7.414444e-01 1.114982e+00 7.533161e+01 3.753270e+00 -2.835436e+00 3.777338e+00 2.817795e-01 -3.008470e+00 -2.953193e-01 -3.377020e+00 -6.730112e-01 -1.106210e+00 -1.733407e+00 1.489779e+00 9.679484e-01 1.776883e+00 -1.110845e+00 1.272194e-02 -8.310312e-01 -4.821101e-01 3.129016e-01 3.990099e-01 3.516674e-01 2.520766e-01 1.372142e-01 2.708154e-01 1.036481e-01 -1.306251e-01 -3.260874e-01 -3.969185e-01 3.823503e-01 -3.956556e-01 -6.299117e-02 3.768008e-01 9.944741e-02 4.863645e-01 1.236954e-01 1.160125e-01 2.543285e-01 -2.498938e-01 -2.072712e-01 -2.877153e-01
<VARIANCE> 52
 1.277867e+01 3.119547e+01 2.119022e+01 3.137315e+01 1.696245e+01 2.110564e+01 4.901518e+01 1.669633e+01 3.450800e+01 2.906344e+01 1.142783e+01 1.742941e+01 4.338706e+00 2.262221e+00 1.090872e+00 3.044288e+00 2.121732e+00 1.963484e+00 2.906962e+00 9.932661e-01 1.912160e+00 2.048039e+00 2.243908e+00 1.302152e+00 2.062748e+00 6.709436e-01 2.533202e-01 5.545444e-01 3.121468e-01 1.710443e-01 4.446313e-01 3.717419e-01 3.067357e-01 2.210687e-01 2.957450e-01 3.040544e-01 2.076694e-01 2.806880e-01 1.018293e-01 8.923373e-02 4.060660e-02 8.043566e-02 5.253758e-02 7.647759e-02 1.062190e-01 3.577444e-02 5.798063e-02 7.801978e-02 7.583892e-02 4.799012e-02 7.353379e-02 2.311772e-02
<GCONST> 8.804225e+01
<MIXTURE> 2 5.398561e-01
<MEAN> 52
 -2.501560e+01 7.101248e+00 4.072050e+00 -4.990874e+00 -2.761721e+00 -4.396819e+00 -8.162840e-01 -4.916803e+00 -4.055192e+00 -1.748570e+00 -2.215223e+00 -1.167106e+00 6.909021e+01 4.041304e+00 3.626550e-01 3.676812e+00 1.156193e+00 -1.341453e+00 -7.335488e-01 -1.984794e+00 -8.484960e-01 -1.483390e+00 -1.121123e+00 9.681669e-02 -1.318030e-01 6.052790e-01 9.852509e-01 -1.640250e-01 6.510571e-01 2.092400e-01 -7.875192e-01 -1.291863e-01 -9.223797e-01 -2.941298e-01 -4.762001e-01 -2.864768e-01 3.823511e-01 6.055970e-02 4.460322e-01 -5.552944e-01 -2.650664e-01 -4.703592e-01 -2.794971e-01 2.015320e-02 1.604580e-01 1.376680e-01 1.574695e-01 1.753161e-01 1.540039e-01 6.009552e-02 1.457604e-02 -5.131854e-02
<VARIANCE> 52
 2.087707e+01 2.149563e+01 3.733026e+01 2.101787e+01 2.036893e+01 2.719484e+01 3.269913e+01 2.864589e+01 2.644513e+01 2.325870e+01 2.026482e+01 1.815109e+01 1.127640e+01 2.264408e+00 2.723569e+00 2.544012e+00 1.890344e+00 3.027594e+00 2.308454e+00 2.248696e+00 2.039167e+00 2.173652e+00 1.820023e+00 1.951907e+00 1.448392e+00 6.608605e-01 4.074428e-01 3.668550e-01 5.006156e-01 3.254743e-01 3.638504e-01 4.891401e-01 3.745919e-01 3.046494e-01 5.252050e-01 4.374555e-01 3.991787e-01 4.092515e-01 7.434129e-02 7.202683e-02 8.353490e-02 7.110931e-02 5.426133e-02 1.438934e-01 8.833674e-02 1.052753e-01 8.217628e-02 8.618401e-02 8.148789e-02 9.259782e-02 7.353343e-02 2.637938e-02
<GCONST> 9.824750e+01
<MIXTURE> 3 3.011939e-01
<MEAN> 52
 -1.663002e+01 2.828140e+00 7.230435e+00 -2.106677e+01 -1.161359e+01 -1.009477e+01 -1.651171e+01 -1.861319e+01 -1.208979e+01 -6.888144e+00 -1.495141e+01 -2.464765e+00 7.117242e+01 2.430340e-01 -1.363971e+00 1.822134e+00 -2.135362e+00 1.107034e+00 5.513404e-02 -4.217507e-01 4.561572e-01 -5.520200e-01 2.189990e-01 -1.737162e+00 1.224017e-01 7.338342e-01 -6.241246e-01 3.042331e-01 -4.469032e-01 5.845156e-01 3.834898e-01 3.150723e-01 5.247072e-01 4.962755e-01 5.316005e-01 3.673042e-01 6.377307e-01 1.762790e-01 -2.089381e-01 2.126085e-01 1.786777e-01 -1.122311e-01 1.077435e-01 -3.248403e-01 -1.696482e-01 -1.778564e-01 -2.781254e-01 -9.059443e-02 -1.338502e-01 9.039220e-02 -3.355366e-02 -5.614157e-02
<VARIANCE> 52
 6.922406e+00 1.130288e+01 2.117814e+01 2.358494e+01 2.503540e+01 1.327008e+01 2.188143e+01 3.707218e+01 2.329362e+01 1.417514e+01 2.187973e+01 3.779467e+01 1.497107e+01 1.014841e+00 1.497898e+00 1.965326e+00 2.144132e+00 1.897050e+00 2.189682e+00 2.380301e+00 1.719234e+00 1.126891e+00 1.612088e+00 2.056367e+00 1.698781e+00 2.567852e-01 2.776191e-01 1.687384e-01 2.986377e-01 2.772537e-01 6.354893e-01 3.569460e-01 5.887421e-01 4.330937e-01 2.768457e-01 2.777347e-01 2.375467e-01 3.052782e-01 4.127720e-02 3.741840e-02 6.611891e-02 7.225713e-02 8.424246e-02 6.996007e-02 7.437058e-02 9.225416e-02 7.694320e-02 5.221864e-02 6.188947e-02 8.810690e-02 5.335671e-02 1.351559e-02
<GCONST> 8.556194e+01
<STATE> 8
<NUMMIXES> 3
<MIXTURE> 1 2.977852e-01
<MEAN> 52
 -8.602280e+00 2.322245e+00 1.813763e+01 -4.413755e+00 -1.531637e+01 -4.637675e+00 -1.583304e+01 -7.374845e+00 -1.231282e+01 -5.961696e+00 1.583026e+00 -1.576677e+00 7.407542e+01 7.340102e-01 -1.094203e+00 8.390455e-01 -4.362009e-01 -1.248293e+00 9.532955e-01 -1.433962e+00 4.781921e-01 -5.758402e-01 -1.300047e-01 8.157301e-01 -5.579625e-01 2.985776e-01 -8.095467e-01 4.434889e-01 -7.937399e-01 2.293142e-02 7.407879e-01 -3.172807e-02 9.178445e-01 1.279097e-01 4.321486e-01 2.489092e-01 -2.567565e-01 -1.227225e-01 -3.495299e-01 2.624457e-01 1.447304e-01 1.564090e-01 1.400378e-01 3.154619e-02 -1.974516e-01 1.544632e-02 -1.331932e-01 -4.150508e-02 -5.811847e-02 -1.117374e-01 6.429604e-02 -5.241647e-03
<VARIANCE> 52
 1.160570e+01 2.333345e+01 2.363475e+01 4.454102e+01 2.639890e+01 3.988793e+01 3.755441e+01 4.938993e+01 4.018759e+01 4.521748e+01 2.845974e+01 2.819840e+01 1.318062e+01 5.136933e-01 8.498309e-01 1.205930e+00 1.326589e+00 1.861750e+00 1.559009e+00 1.959893e+00 1.360404e+00 1.535464e+00 1.980199e+00 1.361828e+00 1.382205e+00 2.000982e-01 2.109360e-01 1.589718e-01 2.635773e-01 2.344970e-01 3.036293e-01 3.854791e-01 2.946830e-01 3.806300e-01 3.230014e-01 3.376571e-01 2.952684e-01 2.986696e-01 6.326627e-02 3.363036e-02 4.747298e-02 4.233463e-02 4.220178e-02 9.124190e-02 6.019059e-02 8.799466e-02 5.697971e-02 6.124093e-02 6.674787e-02 6.221476e-02 5.649795e-02 1.560273e-02
<GCONST> 8.471484e+01
<MIXTURE> 2 4.890544e-01
<MEAN> 52
 -1.745177e+01 2.132599e+00 1.058917e+01 -2.721415e+01 -7.820380e+00 -1.119013e+01 -1.624947e+01 -1.639678e+01 -1.037545e+01 -4.541618e+00 -1.823942e+01 -8.835920e-01 7.277581e+01 1.716269e-01 -6.809229e-02 6.097342e-02 -1.746163e-01 -5.243159e-02 9.423028e-02 -2.895660e-02 1.684678e-01 1.028823e-01 1.772058e-01 -1.021871e-01 -2.577266e-03 -1.223269e-01 4.201680e-02 9.705558e-03 -7.696480e-02 9.248107e-02 -9.379517e-02 2.648997e-02 6.792529e-04 -4.411064e-02 2.488430e-02 -4.744852e-02 5.304262e-02 -3.483160e-02 -7.134349e-02 1.081074e-02 -1.524667e-02 1.992494e-02 -3.338541e-02 7.963791e-03 -1.162873e-02 -4.796543e-03 -5.464784e-03 -1.487438e-02 -1.791885e-02 -2.776917e-02 2.469195e-03 1.695325e-03
<VARIANCE> 52
 1.043488e+01 8.153439e+00 1.033038e+01 1.840547e+01 8.863611e+00 1.512853e+01 2.407019e+01 1.991355e+01 1.928767e+01 1.840577e+01 1.606567e+01 8.888407e+00 5.212069e+00 1.101682e-01 1.620696e-01 2.653209e-01 4.414794e-01 3.868586e-01 4.603575e-01 6.224992e-01 6.010662e-01 4.866776e-01 4.765350e-01 5.831363e-01 3.486390e-01 1.035752e-01 2.037847e-02 3.449632e-02 5.464340e-02 8.722959e-02 8.288895e-02 8.165391e-02 1.250428e-01 1.120932e-01 9.247566e-02 9.910204e-02 1.156875e-01 6.665565e-02 6.614401e-03 4.889433e-03 1.031383e-02 1.577201e-02 2.378466e-02 1.847946e-02 2.020924e-02 2.899956e-02 2.601565e-02 2.177364e-02 2.286331e-02 3.171064e-02 1.583792e-02 2.076611e-03
<GCONST> 2.392656e+01
<MIXTURE> 3 2.131604e-01
<MEAN> 52
 -1.198037e+01 9.340874e+00 1.417789e+01 -1.773721e+00 -9.011125e+00 -6.963540e+00 -9.083025e+00 -8.933783e+00 -9.801633e+00 -5.627884e+00 -6.623821e-01 -1.275483e+00 7.189566e+01 3.911906e+00 -1.010450e+00 3.018983e+00 2.116937e-01 -3.354483e+00 -6.284419e-02 -3.582260e+00 -5.892692e-01 -2.149544e+00 -6.982715e-01 1.228144e+00 -2.492402e-01 1.141256e+00 -8.480387e-01 -5.940937e-01 -7.605066e-01 -3.968785e-01 -2.189320e-02 4.766223e-01 1.849615e-01 4.563581e-01 3.329207e-01 3.264694e-01 1.726638e-01 -1.055650e-01 -6.267320e-02 -4.750138e-01 1.366229e-01 -3.209182e-01 -9.705716e-03 4.734814e-01 1.226773e-02 4.876052e-01 1.152676e-01 2.659990e-01 8.087362e-02 -1.982032e-01 -2.465160e-03 -1.880452e-01
<VARIANCE> 52
 1.604145e+01 1.994221e+01 1.864669e+01 1.906536e+01 3.826709e+01 3.163660e+01 3.298239e+01 3.613951e+01 2.223823e+01 2.762579e+01 2.026921e+01 1.729217e+01 1.278573e+01 1.994490e+00 1.928694e+00 3.467609e+00 2.628826e+00 2.364325e+00 3.493705e+00 3.150467e+00 3.303077e+00 3.606703e+00 2.896137e+00 2.347547e+00 2.033683e+00 4.926383e-01 3.348443e-01 2.016977e-01 3.014091e-01 1.926546e-01 5.660105e-01 3.471823e-01 5.514046e-01 3.667733e-01 3.445344e-01 3.304824e-01 4.124331e-01 2.957771e-01 7.448783e-02 8.541049e-02 6.020090e-02 1.106726e-01 7.317515e-02 8.787750e-02 1.294918e-01 1.170856e-01 1.148101e-01 1.248282e-01 9.641479e-02 1.111574e-01 8.886971e-02 1.860240e-02
<GCONST> 9.990046e+01
<STATE> 9
<NUMMIXES> 3
<MIXTURE> 1 4.278855e-01
<MEAN> 52
 -7.666092e+00 3.468688e+00 1.730445e+01 -3.759716e+00 -1.534130e+01 -5.686959e+00 -1.509949e+01 -7.818609e+00 -1.155928e+01 -6.540335e+00 2.758040e+00 -2.230693e+00 7.321925e+01 3.020566e-01 -1.053917e-01 -1.062000e-01 7.902195e-02 -2.065653e-01 -5.282655e-02 9.437307e-02 2.245576e-01 7.278688e-02 1.529647e-01 -3.337810e-03 -1.963443e-01 -2.810644e-01 -2.233637e-02 1.352818e-01 -2.040340e-01 1.437220e-01 3.020704e-01 -8.745364e-02 2.890211e-01 2.548867e-02 1.109403e-01 1.293954e-01 -2.322558e-01 3.228898e-02 -2.075808e-01 9.389235e-02 -2.284581e-02 4.492918e-02 2.395004e-02 4.834142e-03 2.721680e-02 -6.681631e-02 -2.311309e-02 -2.399267e-02 -3.235586e-02 -8.373195e-03 2.059698e-02 -1.673518e-02
<VARIANCE> 52
 1.089798e+01 2.931868e+01 4.019654e+01 5.045805e+01 5.034125e+01 7.593137e+01 4.331224e+01 4.969396e+01 4.930227e+01 5.175461e+01 2.717321e+01 2.954898e+01 1.283271e+01 2.424857e-01 4.945324e-01 8.008575e-01 8.928121e-01 9.519231e-01 1.141257e+00 1.297379e+00 1.088083e+00 9.626634e-01 1.059921e+00 9.333163e-01 7.357522e-01 2.315634e-01 8.459928e-02 1.171783e-01 1.550385e-01 1.858725e-01 2.938301e-01 2.199491e-01 3.372283e-01 2.193244e-01 2.403712e-01 2.132039e-01 2.337357e-01 1.691969e-01 6.688220e-02 2.461194e-02 2.337408e-02 4.198862e-02 3.882631e-02 6.630204e-02 4.537541e-02 7.158443e-02 5.427124e-02 4.875015e-02 4.245051e-02 4.567831e-02 3.493568e-02 1.328256e-02
<GCONST> 7.352275e+01
<MIXTURE> 2 2.249314e-01
<MEAN> 52
 -1.335626e+01 1.120297e+00 8.837947e+00 -2.502536e+01 -1.273129e+01 -7.001182e+00 -1.926347e+01 -1.297361e+01 -1.127224e+01 -5.237451e+00 -1.730578e+01 -4.432200e+00 6.835383e+01 4.731306e-01 7.160661e-02 -3.673052e-01 2.407067e-01 -3.369797e-01 9.518746e-02 -2.769493e-02 -2.424189e-02 1.381973e-01 -2.202450e-01 4.742613e-02 1.431213e-01 -6.402259e-01 9.383024e-02 7.315979e-02 -9.158013e-02 2.878006e-01 -1.887474e-03 -7.093515e-02 1.187565e-02 -1.761172e-02 -3.095755e-02 -9.978538e-03 1.437966e-01 8.040072e-02 -1.617257e-01 -3.642954e-03 -1.651170e-02 1.136217e-02 6.192204e-02 5.704160e-02 6.206153e-03 1.074434e-02 4.163451e-02 -1.224451e-02 1.177681e-02 3.448318e-02 -1.479477e-02 -7.750793e-03
<VARIANCE> 52
 1.554116e+01 1.850674e+01 1.628123e+01 2.141688e+01 3.505096e+01 2.606549e+01 5.383823e+01 2.666708e+01 1.793897e+01 1.876573e+01 2.801834e+01 2.606443e+01 2.528217e+01 2.815655e-01 4.652678e-01 6.220793e-01 1.173323e+00 9.533407e-01 1.170004e+00 1.148831e+00 1.031886e+00 9.926682e-01 1.253727e+00 1.182566e+00 6.554118e-01 3.188169e-01 4.063189e-02 7.361352e-02 1.254002e-01 2.256436e-01 1.609789e-01 2.227146e-01 2.598478e-01 1.993218e-01 1.706162e-01 2.171010e-01 2.491316e-01 1.215733e-01 3.118661e-02 1.122552e-02 1.834589e-02 2.220969e-02 4.442439e-02 4.498534e-02 5.224519e-02 6.687183e-02 4.939825e-02 4.500486e-02 5.375018e-02 5.292289e-02 3.220090e-02 5.419432e-03
<GCONST> 6.284911e+01
<MIXTURE> 3 3.471830e-01
<MEAN> 52
 -7.923342e+00 4.349845e-01 2.054985e+01 -8.191517e+00 -1.661666e+01 -5.040076e+00 -1.734455e+01 -7.641225e+00 -1.443398e+01 -5.001501e+00 3.247893e+00 -2.154568e+00 7.415977e+01 1.490995e-01 4.739724e-02 9.995500e-02 -1.495957e-01 -1.751404e-01 1.848515e-01 3.142345e-03 2.240426e-02 -1.043463e-01 1.700132e-01 1.097068e-01 -1.617043e-01 -2.276604e-01 5.383800e-03 4.893766e-02 -7.769302e-02 5.689040e-02 2.718798e-02 -8.131037e-02 9.897863e-02 -2.067660e-02 2.333281e-02 2.001894e-02 -2.823294e-02 5.189327e-03 -5.235992e-02 2.364986e-02 -1.602584e-02 8.292434e-03 6.559639e-03 -1.129780e-03 -4.589017e-03 -1.103769e-02 1.244033e-02 3.346972e-05 -1.874884e-03 -7.916038e-03 -3.586610e-03 -7.552826e-03
<VARIANCE> 52
 1.184639e+01 2.503451e+01 2.183847e+01 4.877227e+01 2.159965e+01 3.793452e+01 1.839483e+01 3.882203e+01 4.005233e+01 5.030175e+01 2.944935e+01 1.747471e+01 8.863110e+00 4.361400e-02 1.275986e-01 2.194104e-01 2.465613e-01 3.359453e-01 3.685781e-01 4.796261e-01 3.572919e-01 3.388165e-01 4.520563e-01 3.772880e-01 3.500181e-01 5.969233e-02 8.531065e-03 1.865372e-02 3.305337e-02 5.219458e-02 5.595512e-02 6.117501e-02 7.828160e-02 7.332840e-02 6.753410e-02 1.015485e-01 6.663799e-02 5.845460e-02 7.430422e-03 3.131167e-03 6.578469e-03 9.468668e-03 1.113712e-02 1.388885e-02 1.476769e-02 2.359199e-02 1.611693e-02 1.747186e-02 2.202587e-02 1.681675e-02 1.447693e-02 2.657797e-03
<GCONST> 1.905957e+01
<STATE> 10
<NUMMIXES> 3
<MIXTURE> 1 4.081270e-01
<MEAN> 52
 -4.953970e+00 3.415608e+00 1.700696e+01 -4.247718e+00 -1.488382e+01 -4.657042e+00 -1.341467e+01 -5.723472e+00 -1.134970e+01 -1.492790e+00 1.298906e+00 -2.786253e+00 6.797871e+01 2.129789e-01 6.174794e-01 -1.121079e+00 8.992926e-01 1.089956e+00 1.840802e-01 9.813622e-01 -1.490986e-01 5.898090e-01 3.291513e-01 -6.608031e-01 -1.126872e-01 -1.363342e+00 -5.674100e-02 -1.048578e-01 -1.438541e-01 1.244973e-01 2.447389e-01 5.522349e-02 1.148838e-01 2.435167e-03 1.371912e-01 -1.542156e-01 -2.560308e-02 8.189738e-02 -1.604804e-01 -3.286935e-02 -1.243513e-01 3.350837e-02 -1.219027e-01 -8.012072e-02 -1.098918e-02 -8.207372e-02 3.026023e-02 -2.820206e-02 -1.456683e-02 7.167469e-02 1.326452e-02 6.763080e-02
<VARIANCE> 52
 7.012666e+00 2.544360e+01 2.137887e+01 5.604403e+01 3.192295e+01 6.814335e+01 6.179874e+01 4.289507e+01 5.700125e+01 4.175092e+01 2.030138e+01 2.525587e+01 2.080226e+01 3.304055e-01 1.001666e+00 8.626144e-01 1.703776e+00 1.146146e+00 1.538661e+00 2.604497e+00 1.577597e+00 1.710020e+00 1.955766e+00 1.424941e+00 1.331433e+00 3.529585e-01 6.485293e-02 2.038713e-01 2.063598e-01 3.311283e-01 3.171964e-01 3.170387e-01 4.816942e-01 3.202752e-01 3.182942e-01 2.636418e-01 3.261807e-01 2.751723e-01 8.071915e-02 1.455471e-02 3.640132e-02 3.629002e-02 6.676698e-02 5.276096e-02 6.307642e-02 1.095172e-01 6.711832e-02 6.870801e-02 7.513860e-02 5.953518e-02 5.609148e-02 9.969780e-03
<GCONST> 8.418430e+01
<MIXTURE> 2 3.136907e-01
<MEAN> 52
 -9.833811e+00 2.693396e+00 6.025758e+00 -1.673627e+01 -1.234491e+01 -8.343238e+00 -1.775863e+01 -1.440276e+01 -1.060829e+01 -4.984837e+00 -1.283057e+01 -1.041524e-02 6.266375e+01 4.430266e-01 -1.578413e-01 -9.372998e-01 2.260013e+00 8.779359e-01 -4.006390e-02 9.931571e-01 7.792878e-01 5.950075e-01 -3.240070e-01 1.318976e+00 3.110003e-02 -1.686779e+00 -2.226307e-01 -2.241814e-01 -4.880803e-02 -5.287368e-02 3.347505e-01 1.454913e-01 3.530751e-01 3.595100e-01 2.314507e-01 1.654497e-01 1.331213e-01 -6.043239e-02 1.346066e-02 -3.798395e-02 -2.402197e-02 6.437860e-02 -2.224728e-01 -8.419195e-02 4.227116e-02 -5.280837e-02 -3.257136e-02 -5.623676e-03 1.145056e-01 -1.031054e-01 3.526911e-02 1.247971e-01
<VARIANCE> 52
 1.260899e+01 2.715223e+01 2.653485e+01 4.584966e+01 3.999676e+01 3.651837e+01 3.790856e+01 4.651251e+01 3.140364e+01 5.741751e+01 4.192377e+01 6.267381e+01 4.191777e+01 1.201359e+00 1.839547e+00 1.776151e+00 2.248008e+00 2.486497e+00 3.598493e+00 3.991790e+00 3.162510e+00 3.195776e+00 3.330854e+00 2.876124e+00 2.872087e+00 7.177758e-01 1.543290e-01 2.771098e-01 2.812386e-01 5.231495e-01 3.299220e-01 6.168472e-01 5.287841e-01 4.913813e-01 5.234979e-01 6.442705e-01 5.117059e-01 4.648437e-01 1.348947e-01 4.573615e-02 6.872721e-02 6.700430e-02 8.846565e-02 9.198149e-02 1.427445e-01 1.475751e-01 1.372958e-01 1.389934e-01 1.517189e-01 1.212055e-01 1.058616e-01 2.325220e-02
<GCONST> 1.097938e+02
<MIXTURE> 3 2.781824e-01
<MEAN> 52
 -4.057886e+00 4.378056e+00 1.294792e+01 2.705004e+00 -1.201593e+01 -4.444735e+00 -9.081551e+00 -6.144029e+00 -9.373932e+00 -5.071536e+00 3.118728e-01 -4.293636e+00 6.730737e+01 8.189718e-01 8.122565e-02 -1.646576e+00 9.708918e-01 3.048580e+00 -2.614239e-01 1.753379e+00 7.154143e-01 9.290446e-01 4.227073e-01 -1.972524e+00 1.334308e-01 -2.250324e+00 -3.041423e-01 -1.346535e-01 -5.193305e-02 -4.665266e-01 5.548579e-02 2.348432e-01 -2.598954e-01 -7.095589e-02 9.866185e-02 -2.491960e-02 5.656018e-02 7.201007e-02 9.039488e-02 -1.401853e-01 -8.462371e-02 1.746804e-01 -1.924254e-01 -5.766249e-01 5.007835e-02 -2.490688e-01 -1.100917e-01 -1.400127e-01 -2.356664e-02 4.023609e-01 -2.359289e-02 3.497274e-01
<VARIANCE> 52
 1.406979e+01 2.639025e+01 2.483188e+01 3.258065e+01 6.165064e+01 5.194186e+01 5.212228e+01 4.446499e+01 3.589546e+01 3.772705e+01 3.491467e+01 2.049437e+01 3.826190e+01 1.241252e+00 1.385818e+00 2.435662e+00 3.022286e+00 2.951252e+00 3.227394e+00 3.888334e+00 3.196209e+00 3.209729e+00 2.211266e+00 1.857259e+00 2.266299e+00 1.147224e+00 2.474185e-01 3.015436e-01 2.813726e-01 3.650841e-01 1.115293e+00 3.817237e-01 5.594650e-01 5.219142e-01 3.890244e-01 3.002575e-01 6.339267e-01 2.859819e-01 4.238372e-01 6.321672e-02 5.269936e-02 6.346733e-02 1.156967e-01 1.272508e-01 1.312360e-01 1.547446e-01 1.402948e-01 1.238998e-01 9.436577e-02 9.029316e-02 8.770652e-02 4.799277e-02
<GCONST> 1.097435e+02
<STATE> 11
<NUMMIXES> 3
<MIXTURE> 1 2.754713e-01
<MEAN> 52
 -4.842459e+00 2.165005e+00 1.025619e+01 -1.167690e+00 -8.694307e+00 -5.633884e+00 -1.065411e+01 -6.368342e+00 -8.781588e+00 -4.040578e+00 -4.088575e+00 -3.238699e+00 6.550552e+01 -6.785247e-01 -2.550002e-01 9.863717e-03 -1.085653e+00 -4.195356e-01 3.196402e-01 2.156969e-01 2.253257e-01 -9.569970e-02 6.184599e-01 6.043786e-01 8.750045e-02 6.326088e-01 -1.769485e-01 -6.165570e-02 2.777574e-01 -3.139000e-01 -9.111395e-01 2.703137e-01 -1.320863e-01 -5.576501e-02 -1.040955e-01 1.793180e-02 5.034106e-01 3.491303e-04 5.672554e-01 1.740709e-01 6.267048e-02 -2.561521e-02 1.662990e-01 7.692494e-02 -1.331577e-02 1.933181e-02 8.336536e-03 5.957638e-02 -8.540137e-02 -1.059949e-01 -1.821688e-02 -1.507843e-01
<VARIANCE> 52
 2.308909e+01 3.660779e+01 6.779684e+01 8.196890e+01 5.141328e+01 4.277182e+01 6.254780e+01 6.548028e+01 4.704302e+01 4.552987e+01 4.502362e+01 2.620899e+01 5.333598e+01 1.927085e+00 1.179950e+00 2.490099e+00 2.656733e+00 5.218992e+00 2.334336e+00 2.994245e+00 3.578223e+00 3.565501e+00 2.667551e+00 4.301414e+00 1.789670e+00 2.112607e+00 3.815595e-01 3.645822e-01 6.291996e-01 6.347553e-01 1.022042e+00 6.320708e-01 8.239458e-01 8.224956e-01 8.797791e-01 8.013434e-01 8.776746e-01 4.631423e-01 4.876531e-01 7.950549e-02 5.900038e-02 1.118806e-01 1.170921e-01 2.483717e-01 1.057130e-01 1.404991e-01 1.644972e-01 1.754277e-01 1.463440e-01 1.989287e-01 7.926542e-02 8.277337e-02
<GCONST> 1.251962e+02
<MIXTURE> 2 3.381018e-01
<MEAN> 52
 -8.761957e+00 1.288676e+00 3.737617e+00 -3.191327e+00 -2.807126e+00 -9.497832e-01 -5.147062e+00 -4.777581e+00 -3.911495e+00 -2.451965e+00 -3.430091e+00 -2.454348e+00 5.628319e+01 -7.100113e-01 -1.591486e+00 -1.741879e+00 -4.539254e-01 2.630452e-01 2.730387e-01 7.247998e-01 7.350879e-01 9.961826e-01 6.847430e-01 7.714728e-01 5.224329e-01 -1.091865e+00 5.822141e-02 1.115048e-02 1.708729e-01 -3.963260e-01 -6.050786e-01 -3.121343e-01 -4.697594e-01 -3.184306e-01 -3.289125e-01 -6.254985e-02 4.615927e-02 1.034454e-01 3.206919e-01 1.049588e-01 2.149320e-01 1.203052e-01 1.726420e-01 8.646835e-02 -1.613938e-02 -9.285326e-03 -9.040184e-02 -9.964924e-02 -1.099062e-01 -1.395900e-01 -8.303934e-02 1.101987e-02
<VARIANCE> 52
 1.600846e+01 1.843509e+01 5.805552e+01 3.574440e+01 2.976264e+01 2.833825e+01 3.164518e+01 2.578715e+01 2.184501e+01 2.740246e+01 2.806378e+01 1.717022e+01 2.553134e+01 5.517217e-01 9.104343e-01 1.448117e+00 2.463351e+00 2.575926e+00 3.116224e+00 3.586437e+00 2.825959e+00 2.370238e+00 2.600426e+00 2.086257e+00 1.848107e+00 4.966114e-01 1.315269e-01 2.633340e-01 2.538484e-01 4.262547e-01 3.906445e-01 3.718950e-01 4.273091e-01 4.262169e-01 4.428447e-01 5.567577e-01 5.068743e-01 3.167677e-01 8.304526e-02 2.406510e-02 4.067750e-02 5.426940e-02 7.883647e-02 1.130958e-01 1.225012e-01 1.324660e-01 1.144801e-01 1.155965e-01 1.319148e-01 7.597652e-02 7.341019e-02 1.665940e-02
<GCONST> 9.634458e+01
<MIXTURE> 3 3.864268e-01
<MEAN> 52
 -9.214951e+00 -1.471812e+00 3.667343e+00 -7.711826e+00 -8.780025e+00 -5.845103e+00 -9.777987e+00 -8.611041e+00 -6.685579e+00 -2.176785e+00 -1.139769e+00 -2.838864e-01 5.544448e+01 -7.626693e-03 -4.169726e-01 -5.901229e-01 7.352991e-02 2.094460e-01 5.987487e-02 1.090633e-01 4.661466e-02 4.967233e-02 -4.914918e-02 -4.500308e-02 -8.525461e-02 -5.017912e-01 5.785112e-02 1.766093e-01 1.560231e-01 1.086826e-01 7.422987e-02 2.534314e-02 2.487881e-02 8.818453e-02 -1.630778e-02 -1.501697e-02 -8.263551e-02 -5.868491e-02 1.271365e-01 -3.161686e-02 -1.808960e-02 -3.768823e-02 -1.295273e-03 2.323922e-02 2.394891e-02 5.196238e-02 3.220384e-02 6.157046e-02 2.661809e-02 4.386581e-02 2.729539e-02 -2.453952e-02
<VARIANCE> 52
 1.118326e+01 1.647069e+01 4.023611e+01 2.404926e+01 4.031385e+01 3.483853e+01 3.709703e+01 3.148773e+01 3.784496e+01 1.912681e+01 3.811198e+01 2.052259e+01 1.181716e+01 2.166879e-01 5.603651e-01 8.857422e-01 1.345585e+00 1.166324e+00 1.586066e+00 1.818047e+00 2.008726e+00 1.665673e+00 1.608465e+00 1.449422e+00 1.373821e+00 1.015410e-01 6.301707e-02 1.250231e-01 1.931698e-01 2.347429e-01 2.377153e-01 3.218715e-01 3.810736e-01 3.810999e-01 3.988847e-01 3.330565e-01 2.746991e-01 2.753673e-01 2.433588e-02 1.046403e-02 2.512894e-02 3.672849e-02 5.789731e-02 5.404507e-02 7.053832e-02 8.365118e-02 8.654916e-02 8.065988e-02 7.829564e-02 6.488236e-02 6.184602e-02 5.723341e-03
<GCONST> 7.565804e+01
<TRANSP> 12
 0.000000e+00 1.000000e+00 0.000000e+00 0.000000e+00 0.000000e+00 0.000000e+00 0.000000e+00 0.000000e+00 0.000000e+00 0.000000e+00 0.000000e+00 0.000000e+00
 0.000000e+00 8.088626e-01 1.911374e-01 0.000000e+00 0.000000e+00 0.000000e+00 0.000000e+00 0.000000e+00 0.000000e+00 0.000000e+00 0.000000e+00 0.000000e+00
 0.000000e+00 0.000000e+00 7.707321e-01 2.292679e-01 0.000000e+00 0.000000e+00 0.000000e+00 0.000000e+00 0.000000e+00 0.000000e+00 0.000000e+00 0.000000e+00
 0.000000e+00 0.000000e+00 0.000000e+00 8.560222e-01 1.439778e-01 0.000000e+00 0.000000e+00 0.000000e+00 0.000000e+00 0.000000e+00 0.000000e+00 0.000000e+00
 0.000000e+00 0.000000e+00 0.000000e+00 0.000000e+00 7.927135e-01 2.072865e-01 0.000000e+00 0.000000e+00 0.000000e+00 0.000000e+00 0.000000e+00 0.000000e+00
 0.000000e+00 0.000000e+00 0.000000e+00 0.000000e+00 0.000000e+00 8.704063e-01 1.295938e-01 0.000000e+00 0.000000e+00 0.000000e+00 0.000000e+00 0.000000e+00
 0.000000e+00 0.000000e+00 0.000000e+00 0.000000e+00 0.000000e+00 0.000000e+00 6.646157e-01 3.353843e-01 0.000000e+00 0.000000e+00 0.000000e+00 0.000000e+00
 0.000000e+00 0.000000e+00 0.000000e+00 0.000000e+00 0.000000e+00 0.000000e+00 0.000000e+00 7.962050e-01 2.037950e-01 0.000000e+00 0.000000e+00 0.000000e+00
 0.000000e+00 0.000000e+00 0.000000e+00 0.000000e+00 0.000000e+00 0.000000e+00 0.000000e+00 0.000000e+00 8.667148e-01 1.332853e-01 0.000000e+00 0.000000e+00
 0.000000e+00 0.000000e+00 0.000000e+00 0.000000e+00 0.000000e+00 0.000000e+00 0.000000e+00 0.000000e+00 0.000000e+00 7.940589e-01 2.059411e-01 0.000000e+00
 0.000000e+00 0.000000e+00 0.000000e+00 0.000000e+00 0.000000e+00 0.000000e+00 0.000000e+00 0.000000e+00 0.000000e+00 0.000000e+00 8.070924e-01 1.929077e-01
 0.000000e+00 0.000000e+00 0.000000e+00 0.000000e+00 0.000000e+00 0.000000e+00 0.000000e+00 0.000000e+00 0.000000e+00 0.000000e+00 0.000000e+00 0.000000e+00
<ENDHMM>
