~o
<STREAMINFO> 1 13
<VECSIZE> 13<NULLD><MFCC_0><DIAGC>
~h "瑞"
<BEGINHMM>
<NUMSTATES> 6
<STATE> 2
<MEAN> 13
 -1.409922e+00 -1.970864e+00 3.803414e+00 -5.142843e+00 -5.732680e+00 -1.243704e+01 3.051153e+00 -5.334831e+00 -3.801880e+00 -3.561105e+00 -6.489846e+00 -2.015620e+00 5.864613e+01
<VARIANCE> 13
 1.231604e+01 6.891369e+00 6.670414e+00 1.155879e+01 3.293066e+01 2.323005e+01 1.936316e+01 3.271275e+01 2.207915e+01 1.996939e+01 1.586548e+01 1.245672e+01 5.502899e+00
<GCONST> 5.885021e+01
<STATE> 3
<MEAN> 13
 2.046769e+00 -5.913806e+00 3.983632e+00 -1.434456e+01 -2.033378e+01 -1.537796e+01 4.585049e+00 -6.371547e+00 -2.445470e+00 -3.919675e+00 2.277640e+00 -6.784172e+00 6.608820e+01
<VARIANCE> 13
 2.077319e+00 4.704505e+00 2.420161e+00 2.459096e+01 9.155579e+00 2.846630e+01 7.645342e+00 7.008512e+00 8.824241e+00 2.066678e+01 3.290410e+01 9.650388e+00 7.678204e+00
<GCONST> 5.280753e+01
<STATE> 4
<MEAN> 13
 -2.746617e+00 -2.470589e+00 -1.279732e+00 -2.278835e+01 -1.101680e+01 -6.023775e+00 4.659935e+00 9.391038e-01 2.331937e+00 -6.529791e+00 -1.126537e+01 -2.173430e+00 6.734760e+01
<VARIANCE> 13
 4.905125e+00 9.851887e+00 6.684345e+00 6.031080e+00 1.682642e+01 8.923712e+00 7.656700e+00 1.713805e+01 1.027816e+01 1.277853e+01 1.469581e+01 1.874524e+01 1.413811e+01
<GCONST> 5.450074e+01
<STATE> 5
<MEAN> 13
 -4.323521e+00 8.379703e-01 5.389777e-01 -1.097544e+01 -4.796234e+00 -7.407684e+00 3.139487e+00 -1.661644e+00 1.144096e+00 -6.605875e-01 -5.472290e+00 -3.108828e+00 5.870520e+01
<VARIANCE> 13
 3.128430e+00 8.454368e+00 1.292130e+01 1.828995e+01 3.246281e+01 1.938210e+01 4.344642e+01 2.671031e+01 2.123315e+01 2.973301e+01 2.791520e+01 5.457972e+01 4.568226e+00
<GCONST> 6.142965e+01
<TRANSP> 6
 0.000000e+00 1.000000e+00 0.000000e+00 0.000000e+00 0.000000e+00 0.000000e+00
 0.000000e+00 7.906722e-01 2.093279e-01 0.000000e+00 0.000000e+00 0.000000e+00
 0.000000e+00 0.000000e+00 8.323942e-01 1.676058e-01 0.000000e+00 0.000000e+00
 0.000000e+00 0.000000e+00 0.000000e+00 8.572505e-01 1.427495e-01 0.000000e+00
 0.000000e+00 0.000000e+00 0.000000e+00 0.000000e+00 8.333667e-01 1.666333e-01
 0.000000e+00 0.000000e+00 0.000000e+00 0.000000e+00 0.000000e+00 0.000000e+00
<ENDHMM>
