~o
<STREAMINFO> 1 52
<VECSIZE> 52<NULLD><MFCC_D_A_T_0><DIAGC>
~h "rx"
<BEGINHMM>
<NUMSTATES> 12
<STATE> 2
<NUMMIXES> 3
<MIXTURE> 1 2.783021e-01
<MEAN> 52
 -2.666658e+00 -1.482742e+01 6.717282e-02 -1.072146e+01 -1.354155e+01 -1.433637e+01 -1.886008e+01 -4.426979e-01 -4.784207e+00 -7.144451e+00 -1.333126e+01 2.338410e+00 7.095198e+01 -1.040328e+00 -9.610654e-01 8.668436e-01 -2.490702e+00 -5.825919e-01 6.335067e-01 1.753262e+00 2.128883e+00 -5.047759e-01 9.252686e-01 -2.396687e-02 1.077486e-01 2.010376e+00 -3.155331e-01 7.765318e-01 -2.690641e-02 5.023700e-02 1.946496e-01 1.396076e-01 7.802790e-01 -5.091693e-01 -3.945353e-01 3.496086e-01 3.238106e-01 -2.415923e-01 -4.545842e-01 1.708257e-01 7.419944e-02 3.740276e-02 2.717171e-01 -8.357169e-02 -1.999509e-01 -3.499910e-01 -4.024138e-01 -1.824597e-02 -5.728657e-02 -7.197842e-02 3.111916e-02 -5.693376e-02
<VARIANCE> 52
 1.309017e+01 2.818141e+01 3.399380e+01 7.940192e+01 4.868287e+01 3.675627e+01 8.313342e+01 6.683608e+01 5.788203e+01 3.238535e+01 4.855732e+01 2.477923e+01 2.866839e+01 6.608748e-01 2.747984e+00 2.255707e+00 3.907785e+00 3.514497e+00 3.018263e+00 3.834325e+00 4.486975e+00 6.125577e+00 2.431562e+00 4.195466e+00 2.120835e+00 8.395410e-01 1.912744e-01 3.243498e-01 4.146850e-01 9.530931e-01 6.118653e-01 7.255555e-01 9.595670e-01 1.201106e+00 8.989884e-01 4.915349e-01 6.143431e-01 3.442518e-01 1.953486e-01 3.378484e-02 1.071191e-01 1.025216e-01 1.784176e-01 1.486357e-01 1.458370e-01 1.435030e-01 1.847125e-01 2.372606e-01 1.128943e-01 1.786218e-01 8.695073e-02 3.527928e-02
<GCONST> 1.195740e+02
<MIXTURE> 2 3.687532e-01
<MEAN> 52
 1.976399e+00 1.738690e+00 1.827021e+00 1.594533e+00 -3.637146e+00 -4.962903e+00 -1.621100e+01 -1.111772e+01 -4.276585e+00 -3.712589e-01 -5.970732e+00 -4.903072e+00 6.380222e+01 4.145248e-01 -5.901065e-01 -1.138868e-01 2.894942e-01 -3.456646e-01 -7.627789e-01 -1.422872e+00 3.145708e-01 4.883979e-01 1.686649e-01 1.468025e-01 1.842021e-01 6.090468e-01 -7.364681e-02 -2.246808e-01 1.365490e-01 -1.291867e-01 -3.903729e-01 8.954942e-02 1.395658e-01 3.814664e-01 -6.180802e-02 -1.465002e-01 1.431271e-01 7.912706e-02 2.074523e-01 -6.632002e-02 4.761760e-03 5.766799e-02 -4.028425e-02 -2.693688e-02 6.017356e-02 8.114277e-02 2.885617e-02 -4.570929e-02 -6.585366e-03 1.324157e-02 -2.237246e-02 1.554052e-02
<VARIANCE> 52
 1.506122e+01 1.905031e+01 3.750257e+01 4.384208e+01 4.704106e+01 4.487354e+01 8.061642e+01 7.763455e+01 4.337515e+01 3.127803e+01 3.720384e+01 2.515083e+01 3.345850e+01 3.442984e-01 1.034814e+00 1.146605e+00 1.989586e+00 2.624067e+00 2.083462e+00 2.988618e+00 4.217929e+00 2.435803e+00 2.021604e+00 2.389062e+00 1.935569e+00 3.658565e-01 8.242148e-02 2.275086e-01 2.424693e-01 3.297627e-01 4.455100e-01 4.040920e-01 4.695973e-01 7.720199e-01 4.816012e-01 3.959172e-01 4.554700e-01 3.818368e-01 9.531835e-02 1.391531e-02 4.418939e-02 4.842219e-02 7.951528e-02 9.757496e-02 9.512755e-02 9.898108e-02 1.336834e-01 1.145023e-01 9.020958e-02 1.056120e-01 8.530661e-02 1.470592e-02
<GCONST> 9.829128e+01
<MIXTURE> 3 3.529447e-01
<MEAN> 52
 -4.660501e-02 -1.618896e+00 -5.097879e-01 9.053357e-01 -4.967505e+00 -8.375986e+00 -1.712448e+01 -8.289642e+00 -4.123276e+00 -3.870105e+00 -6.791712e+00 -1.126762e+00 6.146157e+01 1.619359e+00 -1.885680e+00 7.189808e-01 1.550602e-01 -1.878382e+00 -1.739169e+00 -3.090943e+00 2.207965e-01 3.012478e-02 -6.546347e-01 -6.475421e-01 4.407598e-01 3.318815e+00 -5.094520e-01 -6.740417e-01 5.522009e-02 -6.528734e-01 -4.492624e-01 3.696471e-01 3.606172e-01 7.144816e-01 1.729284e-01 5.079277e-02 1.549988e-01 -2.952862e-02 2.680956e-01 -2.636807e-01 2.597287e-01 1.151742e-02 -1.044487e-01 1.800907e-01 2.309778e-01 4.503883e-01 6.576543e-02 -4.872388e-02 7.122871e-02 1.113943e-01 -7.773510e-02 -3.235916e-01
<VARIANCE> 52
 2.835873e+01 4.363457e+01 3.380201e+01 3.732252e+01 3.538203e+01 7.647695e+01 7.975062e+01 4.072880e+01 4.164945e+01 4.299581e+01 4.441469e+01 2.856866e+01 4.079914e+01 2.948923e+00 5.413732e+00 3.116132e+00 4.334596e+00 4.573258e+00 6.481631e+00 7.689096e+00 6.501536e+00 4.211063e+00 3.671914e+00 4.271896e+00 2.870653e+00 1.767574e+00 5.092556e-01 6.010313e-01 5.186248e-01 6.034036e-01 7.549906e-01 1.254851e+00 1.460509e+00 8.485624e-01 7.549126e-01 6.560179e-01 8.446367e-01 5.252128e-01 4.283564e-01 1.047245e-01 2.204963e-01 1.167594e-01 1.665791e-01 1.780380e-01 2.601749e-01 2.700799e-01 2.592764e-01 1.788647e-01 1.585042e-01 1.550266e-01 1.212078e-01 6.215184e-02
<GCONST> 1.343504e+02
<STATE> 3
<NUMMIXES> 3
<MIXTURE> 1 4.565325e-01
<MEAN> 52
 -1.131878e+00 -7.071426e+00 9.350910e+00 -2.843846e+00 -1.570768e+01 -7.949241e+00 -1.816172e+01 3.632764e+00 -4.571085e+00 -4.084607e+00 9.564530e-01 -2.858322e+00 7.485090e+01 -1.070064e+00 6.807494e-01 1.815165e+00 -3.538724e-01 -1.046577e+00 -4.614455e-01 1.522716e+00 1.706546e-01 -1.698322e+00 -4.166609e-01 1.413372e+00 2.825744e-01 3.997181e-01 -2.149164e-02 4.299897e-01 1.512332e-01 1.943481e-01 2.636065e-01 3.292127e-01 1.121425e-01 -7.784945e-01 -1.703591e-01 2.189953e-01 -1.097723e-01 -1.575959e-02 -3.223552e-01 5.022849e-02 -6.974240e-02 -1.171380e-01 -2.778261e-02 1.282710e-01 6.981461e-02 -2.171591e-01 6.491728e-02 2.461275e-01 3.974793e-02 -1.866598e-01 -1.896806e-02 1.596979e-02
<VARIANCE> 52
 9.273448e+00 4.607234e+01 3.271262e+01 4.363392e+01 2.908809e+01 3.894266e+01 4.740020e+01 4.409576e+01 5.858997e+01 3.678271e+01 3.272690e+01 3.485028e+01 1.082882e+01 3.801666e-01 6.981760e-01 1.096897e+00 1.374314e+00 1.361416e+00 1.462443e+00 1.531917e+00 2.840622e+00 1.870631e+00 1.793631e+00 1.643441e+00 1.289530e+00 2.256339e-01 5.826291e-02 1.229010e-01 1.751842e-01 2.190532e-01 2.461954e-01 2.905432e-01 3.594596e-01 4.363221e-01 3.720634e-01 3.056503e-01 4.249171e-01 1.926420e-01 3.999337e-02 1.453493e-02 2.315948e-02 3.933031e-02 5.283574e-02 6.101856e-02 7.480825e-02 6.418543e-02 1.153382e-01 7.852560e-02 6.220309e-02 7.499976e-02 5.722129e-02 9.408597e-03
<GCONST> 8.188842e+01
<MIXTURE> 2 2.276155e-01
<MEAN> 52
 -9.329761e+00 -1.202565e+01 2.279304e+00 -2.066334e+01 -1.726872e+01 -1.288222e+01 -6.143128e+00 -2.076101e+00 -1.120077e+01 7.532942e-01 -1.287850e+01 9.351469e-01 7.613581e+01 -9.074180e-01 1.320385e+00 1.423861e+00 -9.052936e-01 -9.128669e-01 4.174755e-01 4.434288e-01 -2.398907e+00 -7.176362e-01 2.156292e+00 -2.620693e-02 -1.792316e-01 1.546331e-01 1.924913e-01 1.766055e-01 2.202145e-01 1.358824e-01 1.070930e-01 1.011761e-01 -8.599250e-01 -3.011978e-01 4.533588e-01 -1.650857e-01 -1.937070e-01 1.545168e-01 -3.141626e-01 3.322103e-02 -6.879970e-02 -9.695652e-02 -3.207241e-02 1.086371e-01 2.906239e-02 -7.204151e-03 3.347661e-01 3.670656e-02 -2.509712e-01 8.810193e-03 3.480148e-02 4.383954e-02
<VARIANCE> 52
 8.223675e+00 1.848437e+01 2.030054e+01 2.786479e+01 4.198986e+01 1.852282e+01 5.113498e+01 5.919401e+01 5.054714e+01 4.756876e+01 2.132426e+01 3.784291e+01 2.888372e+01 2.887147e-01 5.817034e-01 1.360389e+00 6.662885e-01 8.595913e-01 1.044248e+00 3.749125e+00 1.576821e+00 2.700713e+00 1.503732e+00 1.594874e+00 1.150469e+00 2.942588e-01 3.986221e-02 9.153847e-02 1.731549e-01 2.480789e-01 2.888697e-01 2.007497e-01 3.879344e-01 4.867661e-01 3.379605e-01 4.614521e-01 2.817152e-01 3.014960e-01 2.642085e-02 8.627209e-03 2.541322e-02 4.846250e-02 5.639255e-02 5.323873e-02 4.565460e-02 1.275349e-01 9.290052e-02 1.281534e-01 7.644074e-02 7.886165e-02 5.824750e-02 5.329469e-03
<GCONST> 7.875741e+01
<MIXTURE> 3 3.158520e-01
<MEAN> 52
 2.279609e+00 -5.449879e+00 3.054194e+00 1.216120e+00 -1.324324e+01 -2.714739e+00 -2.088480e+01 -4.421608e+00 -4.783468e-01 -2.445492e-01 -1.996084e+00 -4.924482e+00 7.258135e+01 -8.915980e-01 -1.047998e+00 1.276693e+00 -1.487668e+00 -1.948701e+00 -9.749173e-02 -6.027290e-01 2.563856e+00 3.303972e-01 -9.433801e-01 8.173260e-01 -2.506293e-01 1.656424e+00 -2.924447e-01 5.772674e-01 3.412034e-01 4.525638e-02 3.449473e-01 -2.962723e-01 6.082874e-01 -3.098617e-02 -5.489228e-01 -1.996839e-01 1.060602e-01 1.105681e-01 -2.916310e-01 9.218902e-02 1.545843e-01 -5.487252e-02 2.355921e-01 1.474743e-01 -2.848516e-02 8.301535e-02 -3.506483e-01 -1.451652e-01 1.024144e-01 -6.035815e-03 7.366014e-02 -1.392334e-01
<VARIANCE> 52
 1.009832e+01 2.044768e+01 4.138237e+01 5.665633e+01 4.169510e+01 5.125735e+01 5.151250e+01 5.711966e+01 6.544673e+01 3.859188e+01 3.580899e+01 3.990806e+01 1.091579e+01 5.434725e-01 1.819575e+00 2.208816e+00 3.706546e+00 4.586694e+00 5.301181e+00 3.835721e+00 3.562640e+00 4.452163e+00 3.542843e+00 3.933467e+00 3.269317e+00 7.107161e-01 9.680617e-02 2.469484e-01 3.187991e-01 7.747389e-01 8.072648e-01 7.829795e-01 7.013384e-01 7.226989e-01 7.086860e-01 5.388270e-01 6.367667e-01 4.672479e-01 1.322792e-01 2.053362e-02 6.998670e-02 8.456619e-02 1.417471e-01 2.098544e-01 2.129655e-01 1.587710e-01 1.403911e-01 1.528268e-01 1.467547e-01 1.857306e-01 1.076649e-01 2.388057e-02
<GCONST> 1.148784e+02
<STATE> 4
<NUMMIXES> 3
<MIXTURE> 1 4.263335e-01
<MEAN> 52
 -4.805741e+00 -1.779753e+00 1.700526e+01 -3.026131e+00 -1.715837e+01 -5.451553e+00 -1.482027e+01 -5.789075e-01 -1.026337e+01 -4.591274e+00 4.255582e+00 -3.215418e+00 7.418513e+01 -7.204910e-01 1.534112e+00 1.341797e+00 1.852713e-01 7.366775e-01 5.530218e-01 6.002146e-01 -9.485455e-01 -7.968746e-01 1.086235e-01 -1.610594e-01 1.967858e-01 -6.499775e-01 -1.119568e-01 3.361031e-01 -5.937409e-01 1.476009e-01 7.745062e-01 -1.570277e-01 1.666834e-01 -1.608679e-04 6.068948e-01 2.192406e-01 -4.494438e-01 1.851018e-01 -2.279681e-01 -1.857897e-01 1.086692e-02 -2.081838e-01 -2.650811e-02 4.810796e-02 -1.229288e-01 1.994735e-01 1.459034e-01 1.228928e-01 2.292421e-03 7.033183e-02 5.528665e-02 6.429365e-02
<VARIANCE> 52
 1.101759e+01 2.770011e+01 3.519871e+01 4.924758e+01 3.657443e+01 4.123980e+01 3.461411e+01 4.481509e+01 4.901239e+01 4.477154e+01 2.541564e+01 3.409628e+01 1.399438e+01 3.887154e-01 7.453478e-01 1.182204e+00 1.087154e+00 1.993620e+00 1.483816e+00 1.446334e+00 2.164273e+00 1.759169e+00 1.397803e+00 1.411193e+00 1.342667e+00 2.530822e-01 1.701913e-01 1.834162e-01 2.404708e-01 2.792524e-01 3.835905e-01 3.188959e-01 4.196127e-01 4.491941e-01 3.617881e-01 3.467138e-01 3.015887e-01 2.890375e-01 5.417603e-02 2.532251e-02 4.239672e-02 3.875935e-02 5.787364e-02 7.115023e-02 6.621745e-02 6.612674e-02 1.079759e-01 7.800199e-02 5.643307e-02 6.568386e-02 5.605862e-02 8.523367e-03
<GCONST> 8.551336e+01
<MIXTURE> 2 2.661665e-01
<MEAN> 52
 -1.130676e+01 -2.537252e+00 1.032704e+01 -2.282406e+01 -1.827890e+01 -9.096721e+00 -1.408410e+01 -1.285438e+01 -1.110946e+01 4.364428e+00 -1.607875e+01 1.940420e+00 7.255702e+01 4.806330e-02 1.807498e+00 5.593504e-01 4.780010e-01 4.824021e-01 5.287358e-01 -1.455836e+00 -7.338226e-01 8.270942e-02 -8.040725e-01 -2.885501e-01 -6.128453e-02 -8.630576e-01 5.731905e-02 9.464934e-02 -5.082090e-01 5.574853e-01 8.971500e-02 -7.028680e-02 2.084332e-01 2.706664e-01 -2.318062e-02 -5.846852e-01 2.166495e-01 -2.989638e-01 -1.420254e-01 -1.408347e-01 1.541414e-02 -8.666804e-02 6.083332e-02 -2.101975e-02 6.244416e-03 2.420729e-01 -2.559509e-02 3.221622e-02 8.754354e-02 1.010520e-01 -7.888282e-02 5.485741e-02
<VARIANCE> 52
 9.005704e+00 2.729823e+01 1.001668e+01 1.930234e+01 2.875022e+01 3.241389e+01 3.989064e+01 3.978645e+01 3.378672e+01 4.851557e+01 3.568748e+01 3.644821e+01 3.150806e+01 4.005630e-01 4.816280e-01 1.345311e+00 1.937177e+00 1.032697e+00 1.635697e+00 1.208964e+00 3.051367e+00 1.602811e+00 1.985007e+00 2.290175e+00 1.902853e+00 3.334970e-01 8.374254e-02 1.110261e-01 1.726019e-01 1.721371e-01 2.195735e-01 3.013800e-01 3.840503e-01 5.076384e-01 2.760929e-01 3.612263e-01 3.442463e-01 3.006262e-01 2.120610e-02 2.743757e-02 2.779744e-02 3.735225e-02 4.164785e-02 5.431287e-02 5.818709e-02 7.204697e-02 9.905741e-02 7.283569e-02 8.527140e-02 9.209111e-02 6.348215e-02 5.577248e-03
<GCONST> 8.051349e+01
<MIXTURE> 3 3.075000e-01
<MEAN> 52
 -6.858443e+00 4.005208e+00 1.753795e+01 -1.425763e+00 -1.180708e+01 -5.852205e+00 -1.132901e+01 -2.873391e+00 -9.556603e+00 -3.283949e+00 1.851880e+00 -9.199098e-01 7.134210e+01 -2.203225e+00 3.180572e+00 -1.461094e+00 7.283220e-01 3.178438e+00 -6.433659e-01 2.786495e+00 -8.652958e-01 1.629926e+00 7.984939e-01 -9.047807e-01 1.266738e+00 -1.060913e+00 -8.788812e-01 9.453321e-02 -9.086269e-01 -7.393628e-02 4.507447e-01 9.735692e-02 5.145575e-01 2.724695e-01 5.428122e-01 1.431025e-01 -4.125547e-02 -4.739044e-02 4.963662e-02 1.869964e-02 -4.209179e-01 1.375292e-01 -2.050157e-01 -4.323949e-01 1.593003e-01 -3.143265e-01 8.799175e-02 -2.839014e-01 -9.692220e-02 1.368576e-01 -2.071230e-01 1.215342e-01
<VARIANCE> 52
 1.144867e+01 2.495757e+01 2.634887e+01 4.082941e+01 3.294737e+01 3.935361e+01 4.294569e+01 3.697908e+01 4.524340e+01 4.056207e+01 2.284651e+01 2.464252e+01 1.801556e+01 1.503916e+00 1.655449e+00 3.315129e+00 3.245783e+00 3.014477e+00 2.424314e+00 2.697680e+00 2.960372e+00 3.947080e+00 3.311165e+00 2.208847e+00 1.489328e+00 4.439354e-01 1.062273e-01 3.965127e-01 3.286469e-01 4.748686e-01 5.335970e-01 3.866386e-01 4.589112e-01 4.977291e-01 6.141384e-01 4.128622e-01 3.644743e-01 3.452944e-01 7.389840e-02 5.607804e-02 5.826887e-02 8.260073e-02 1.021785e-01 1.239816e-01 8.887467e-02 1.137768e-01 1.219776e-01 1.353181e-01 1.135651e-01 8.272448e-02 6.071393e-02 1.385569e-02
<GCONST> 1.026243e+02
<STATE> 5
<NUMMIXES> 3
<MIXTURE> 1 4.217284e-01
<MEAN> 52
 -1.672522e+01 1.288624e+01 8.561638e+00 -5.407879e-01 -4.077431e+00 -6.068089e+00 -4.120356e+00 -5.932466e+00 -4.443670e+00 -3.115080e+00 -2.377891e+00 -6.228675e-01 6.860024e+01 -4.255515e+00 1.212061e+00 -2.611583e+00 3.331227e-01 2.830042e+00 1.195319e+00 2.582738e+00 9.784090e-01 1.935807e+00 1.000901e+00 4.304092e-02 1.359662e-01 -3.970812e-01 2.346670e-02 -1.109808e+00 -1.684297e-01 -7.529902e-01 -8.149442e-01 7.978240e-02 -6.369975e-01 2.037882e-01 -2.682053e-01 1.514340e-01 6.098437e-02 -6.639938e-02 2.078425e-01 5.263444e-01 -7.676034e-02 3.100210e-01 -4.875987e-02 -3.814502e-01 -2.152037e-01 -3.208145e-01 -2.378776e-01 -2.733103e-01 -1.921892e-01 -6.158614e-03 -9.421754e-03 -1.711171e-02
<VARIANCE> 52
 2.338425e+01 1.256222e+01 4.209785e+01 2.267034e+01 3.570602e+01 3.956592e+01 3.508440e+01 4.234069e+01 2.620808e+01 3.503396e+01 3.246559e+01 3.052993e+01 1.672680e+01 7.327033e-01 3.299865e+00 2.923765e+00 4.068288e+00 2.723574e+00 2.576486e+00 3.176504e+00 3.501095e+00 2.841542e+00 3.308574e+00 3.422625e+00 2.025344e+00 4.262648e-01 3.221966e-01 2.438488e-01 3.671253e-01 3.664572e-01 5.964506e-01 4.993920e-01 4.958442e-01 4.848709e-01 6.152359e-01 7.362639e-01 4.580661e-01 5.501541e-01 4.981158e-02 2.472518e-02 1.149039e-01 8.677085e-02 9.861960e-02 1.103087e-01 8.488189e-02 1.116729e-01 1.196167e-01 1.153712e-01 1.320157e-01 1.120471e-01 9.197526e-02 1.211013e-02
<GCONST> 1.051086e+02
<MIXTURE> 2 4.157590e-01
<MEAN> 52
 -2.494989e+01 1.041208e+01 3.662648e+00 -3.251775e+00 -1.236266e+00 -3.544598e+00 -9.551213e-01 -2.844107e+00 -1.530356e+00 -2.839118e-02 -1.052162e+00 4.903015e-01 6.892064e+01 -2.434233e+00 -1.215245e+00 -2.347637e+00 -1.728778e+00 -5.978917e-01 -1.368910e-01 -2.265668e-02 -4.105977e-02 3.005697e-01 2.409902e-01 5.684887e-02 -1.268764e-01 -1.104825e-01 1.055824e+00 -3.872937e-01 6.344017e-01 -1.244239e-01 -8.117470e-01 -3.577772e-01 -6.823111e-01 -3.133269e-01 -5.028132e-01 -3.019257e-01 6.792664e-03 -7.396558e-02 8.243815e-02 2.200131e-01 3.841695e-01 2.714690e-01 3.394372e-01 3.100092e-01 3.406403e-02 2.163073e-01 -1.790694e-02 6.494188e-02 -1.339755e-03 -3.737173e-02 4.806582e-02 -5.438409e-02
<VARIANCE> 52
 1.197991e+01 1.749831e+01 4.015989e+01 2.813319e+01 2.902148e+01 3.907116e+01 3.363904e+01 3.152218e+01 2.399595e+01 2.377218e+01 2.408440e+01 2.206239e+01 9.470835e+00 1.739185e+00 1.341459e+00 1.739229e+00 1.704167e+00 2.070101e+00 1.954010e+00 2.267401e+00 2.247638e+00 2.277656e+00 2.189618e+00 2.187361e+00 1.421455e+00 2.409658e-01 1.235141e-01 3.878420e-01 3.733754e-01 5.329533e-01 5.909424e-01 3.690481e-01 4.452802e-01 4.194376e-01 3.993149e-01 3.937812e-01 4.573938e-01 3.152615e-01 4.301609e-02 4.924699e-02 4.512224e-02 6.656554e-02 6.379834e-02 9.984417e-02 8.989617e-02 9.696431e-02 9.987152e-02 1.172330e-01 1.182968e-01 1.045543e-01 7.643186e-02 8.054017e-03
<GCONST> 9.345541e+01
<MIXTURE> 3 1.625126e-01
<MEAN> 52
 -1.074717e+01 6.482218e+00 6.237265e+00 -1.497040e+01 -1.662749e+01 -8.030225e+00 -1.640760e+01 -1.543981e+01 -1.075028e+01 -4.633185e+00 -1.425079e+01 -2.413146e+00 6.802657e+01 -1.663550e+00 2.712182e+00 -2.153091e+00 3.542320e+00 1.097832e+00 6.396284e-01 1.531280e+00 -9.062548e-02 7.321519e-01 -2.551766e+00 1.849391e+00 -2.055462e+00 -9.330040e-01 -1.044072e+00 -1.804522e-01 -3.509116e-01 2.433200e-01 5.679928e-01 2.930867e-01 8.288288e-01 6.491860e-01 4.721456e-01 6.024736e-01 4.855257e-01 1.419702e-01 2.511551e-01 4.169460e-02 -3.189322e-01 1.874448e-01 -3.987372e-01 -1.544871e-02 1.335301e-02 -1.993150e-01 1.143434e-01 2.769889e-02 4.352535e-01 -1.918911e-01 3.232390e-01 5.028890e-02
<VARIANCE> 52
 7.900299e+00 2.702051e+01 2.635159e+01 3.469590e+01 2.490710e+01 2.180047e+01 3.682161e+01 1.490345e+01 1.573609e+01 4.818361e+01 3.359634e+01 2.672888e+01 2.463338e+01 2.243865e+00 1.077946e+00 1.585253e+00 1.758816e+00 4.438957e+00 3.799778e+00 3.456477e+00 2.876999e+00 2.925820e+00 3.492837e+00 2.219897e+00 2.521772e+00 4.018075e-01 1.062750e-01 4.079486e-01 3.465719e-01 4.692528e-01 4.045970e-01 3.757915e-01 4.534469e-01 6.185844e-01 3.624360e-01 9.856125e-01 5.060588e-01 5.528887e-01 3.547553e-02 1.021499e-01 4.382325e-02 5.741449e-02 7.193776e-02 1.407836e-01 1.204711e-01 1.072498e-01 1.211187e-01 8.779251e-02 1.244733e-01 9.021588e-02 8.701295e-02 9.974704e-03
<GCONST> 1.001156e+02
<STATE> 6
<NUMMIXES> 3
<MIXTURE> 1 1.307750e-01
<MEAN> 52
 -2.594876e+01 8.431796e+00 -1.685963e+00 -5.494356e+00 -4.555298e+00 -2.354093e+00 -2.988470e+00 -7.584234e+00 -1.849470e+00 -5.524833e-01 -2.967065e+00 -2.168545e+00 6.574060e+01 3.300263e+00 3.568316e-01 2.328820e+00 -1.233255e+00 -2.189450e+00 -1.805743e+00 -2.787800e+00 -3.003958e+00 -2.570940e+00 -1.525121e+00 -1.132732e+00 -4.558547e-01 2.113446e-01 1.009319e+00 -7.919202e-02 4.846542e-01 -8.690507e-01 -7.398266e-01 -4.037485e-01 -8.294106e-01 -4.730984e-01 -4.365959e-01 -3.979646e-02 -5.151094e-01 -1.074448e-01 3.706131e-01 -4.229094e-01 -1.994875e-01 -2.844355e-01 -1.110619e-01 3.422434e-01 3.657969e-01 3.628659e-01 5.176461e-01 4.169326e-01 3.614131e-01 5.626106e-02 5.948250e-02 2.703090e-02
<VARIANCE> 52
 1.565986e+01 1.123940e+01 4.330231e+01 2.491553e+01 2.947962e+01 2.801177e+01 3.942929e+01 3.889526e+01 2.949047e+01 2.636139e+01 1.841369e+01 1.953186e+01 2.006343e+01 2.283712e+00 1.174998e+00 1.446168e+00 3.075325e+00 2.459845e+00 1.880265e+00 2.942625e+00 2.850367e+00 1.870818e+00 2.045309e+00 2.250061e+00 2.174203e+00 4.794222e-01 2.228984e-01 2.425255e-01 2.780144e-01 4.941967e-01 5.078349e-01 5.339925e-01 5.523874e-01 7.255166e-01 5.245126e-01 6.315143e-01 4.000910e-01 4.787027e-01 6.684123e-02 8.804938e-02 5.151307e-02 5.433354e-02 1.047818e-01 1.269872e-01 8.425248e-02 1.291394e-01 1.153061e-01 9.348601e-02 8.829226e-02 9.696484e-02 1.170326e-01 1.652738e-02
<GCONST> 1.003752e+02
<MIXTURE> 2 7.713650e-01
<MEAN> 52
 -2.859463e+01 8.642704e+00 -2.434346e+00 -6.767450e+00 -5.224807e+00 -6.052372e+00 -3.532780e+00 -4.590679e+00 -2.317732e+00 -2.173923e-01 -1.606674e+00 -7.902183e-01 6.797067e+01 -1.546186e-01 -5.157503e-01 -1.954102e-02 -3.503395e-01 -4.605992e-02 7.068996e-02 1.456878e-01 3.470580e-02 1.271364e-01 1.954487e-01 9.666146e-02 8.251697e-02 -1.795195e-01 6.528952e-01 8.916797e-02 5.815136e-01 1.827824e-01 -6.387515e-02 4.102644e-03 -1.351624e-01 -1.480187e-01 -1.694292e-01 -1.213884e-01 -1.029879e-01 -5.330190e-02 -2.821097e-02 4.591041e-02 5.037009e-02 2.756052e-03 6.696394e-03 -3.042471e-02 6.974934e-03 -5.014273e-02 -2.710421e-02 -4.349621e-02 -2.441982e-02 -4.210332e-04 -2.550152e-02 3.266364e-02
<VARIANCE> 52
 6.737175e+00 1.826535e+01 3.830912e+01 2.798860e+01 2.068853e+01 5.043058e+01 3.007459e+01 2.930170e+01 2.810337e+01 2.845285e+01 2.183652e+01 1.812366e+01 1.629759e+01 6.353458e-01 6.587885e-01 1.177007e+00 1.141425e+00 1.410873e+00 1.452828e+00 1.367513e+00 1.674223e+00 1.621239e+00 1.726896e+00 1.629507e+00 1.445430e+00 1.665505e-01 2.743212e-01 1.954185e-01 2.607557e-01 3.497064e-01 3.514108e-01 3.387887e-01 3.919852e-01 4.575384e-01 4.144242e-01 4.227848e-01 3.472995e-01 2.900776e-01 3.468707e-02 4.932794e-02 3.583404e-02 4.482670e-02 7.085088e-02 8.511368e-02 8.427305e-02 8.724846e-02 9.076282e-02 9.056318e-02 1.003145e-01 7.813076e-02 7.918116e-02 1.239861e-02
<GCONST> 8.500255e+01
<MIXTURE> 3 9.785987e-02
<MEAN> 52
 -1.406560e+01 8.899364e+00 3.559847e+00 -1.460101e+01 -1.538923e+01 -9.548574e+00 -1.584970e+01 -1.848697e+01 -9.390159e+00 -5.598168e+00 -9.603283e+00 -4.721361e+00 6.743176e+01 3.476713e+00 -1.268701e+00 2.645638e+00 -4.613894e+00 -2.030176e+00 -1.073588e+00 -3.081490e+00 -1.459456e+00 -1.462769e+00 4.386649e-01 -2.719679e+00 -3.013313e-01 1.335510e+00 -8.764031e-01 -4.584729e-01 -5.017988e-01 -3.344819e-01 9.285914e-01 8.219130e-01 7.584828e-01 1.245340e+00 8.633938e-01 8.381139e-01 3.652642e-02 3.282815e-01 7.760157e-02 -3.865653e-01 1.591500e-01 -3.678204e-01 5.813860e-01 3.430389e-01 1.794120e-01 3.426470e-01 1.672099e-01 1.502682e-01 -1.386023e-01 3.151403e-01 6.098086e-02 -2.115794e-01
<VARIANCE> 52
 1.056535e+01 1.981252e+01 2.405775e+01 3.104236e+01 2.067734e+01 1.757537e+01 2.708253e+01 2.800988e+01 1.356311e+01 2.905894e+01 1.965082e+01 2.041522e+01 2.683422e+01 1.837996e+00 1.496828e+00 2.019636e+00 3.364444e+00 3.641677e+00 3.929971e+00 4.189175e+00 5.361053e+00 2.739584e+00 3.749456e+00 1.946003e+00 3.341569e+00 4.240773e-01 2.294614e-01 2.310487e-01 3.681119e-01 5.741549e-01 3.514985e-01 3.327700e-01 5.774488e-01 3.455536e-01 3.357105e-01 4.482048e-01 5.581407e-01 4.866515e-01 8.700576e-02 8.451863e-02 6.315849e-02 7.081270e-02 8.637553e-02 1.328800e-01 1.759831e-01 1.659958e-01 1.875984e-01 1.296090e-01 1.488254e-01 9.936184e-02 1.194893e-01 1.222863e-02
<GCONST> 1.031334e+02
<STATE> 7
<NUMMIXES> 3
<MIXTURE> 1 4.430101e-01
<MEAN> 52
 -1.014422e+01 8.110287e+00 1.361830e+01 -2.888791e+00 -8.976197e+00 -4.796644e+00 -6.077022e+00 -5.519937e+00 -7.059647e+00 -2.879938e+00 6.327535e-02 -6.158878e-01 6.944150e+01 4.531063e+00 -6.172368e-01 2.534024e+00 -7.346494e-02 -2.801226e+00 5.441155e-01 -1.843554e+00 -1.553901e-01 -1.838774e+00 -3.136504e-01 1.189657e+00 -4.991504e-01 1.235848e+00 -7.653854e-01 -4.061110e-01 -7.958571e-01 -5.064639e-01 8.473311e-02 2.804835e-01 1.427099e-01 1.508776e-01 6.918436e-02 3.445739e-01 1.149476e-01 -2.486114e-01 7.833628e-02 -5.249922e-01 3.142148e-02 -3.823018e-01 4.573021e-02 4.422055e-01 -5.765162e-03 2.806197e-01 -8.847422e-03 2.673859e-01 8.306710e-02 -2.162953e-01 -3.931520e-02 -2.418890e-01
<VARIANCE> 52
 3.011157e+01 2.543415e+01 2.207878e+01 2.317772e+01 4.645433e+01 4.880986e+01 3.125909e+01 3.339208e+01 3.587161e+01 2.226132e+01 2.669826e+01 2.043523e+01 1.786570e+01 2.347195e+00 2.450810e+00 4.307016e+00 4.060001e+00 3.033604e+00 4.505697e+00 2.587135e+00 3.228614e+00 3.387515e+00 4.446881e+00 2.756365e+00 2.884568e+00 7.565050e-01 5.229825e-01 2.482283e-01 4.456467e-01 4.410342e-01 7.277468e-01 6.097794e-01 4.797470e-01 4.394139e-01 5.610180e-01 4.118799e-01 4.835176e-01 4.083894e-01 1.740049e-01 1.030398e-01 8.081888e-02 1.234387e-01 1.486188e-01 1.133264e-01 1.738237e-01 9.386246e-02 1.248976e-01 1.213521e-01 1.658247e-01 1.135400e-01 1.192769e-01 2.838853e-02
<GCONST> 1.130451e+02
<MIXTURE> 2 3.382639e-01
<MEAN> 52
 -2.523881e+01 4.348966e+00 3.514312e+00 -7.088614e+00 -4.491421e+00 -5.142149e+00 -2.082870e+00 -3.455133e+00 -2.687761e+00 -5.781941e-01 -1.444062e+00 -9.329367e-02 6.718733e+01 3.940285e+00 3.929608e-01 2.684149e+00 1.350435e+00 -5.839962e-01 4.714063e-01 -6.863084e-01 -3.747787e-01 -8.084388e-01 -5.752205e-01 -1.445103e-01 -4.484378e-01 -2.143154e-01 1.268113e+00 2.959848e-01 7.600943e-01 2.331927e-01 -5.133315e-01 1.613646e-01 -4.860624e-01 -2.272930e-02 -5.200711e-01 -1.234533e-01 3.887407e-01 -5.570382e-02 4.371040e-01 -4.567938e-01 -2.056977e-01 -3.909584e-01 -3.407620e-01 -8.903504e-02 1.819777e-02 1.302804e-02 3.980636e-02 2.990792e-02 1.187212e-01 9.662025e-02 -1.365113e-02 9.292520e-02
<VARIANCE> 52
 1.562556e+01 1.818101e+01 2.118888e+01 2.106283e+01 2.283708e+01 3.604303e+01 2.570090e+01 2.348256e+01 2.736756e+01 2.726093e+01 2.239392e+01 2.042737e+01 1.164453e+01 2.325648e+00 2.301502e+00 2.441048e+00 2.021425e+00 2.591203e+00 2.328930e+00 2.186320e+00 1.935933e+00 2.341467e+00 2.673652e+00 2.033067e+00 1.372790e+00 7.914972e-01 2.849554e-01 3.296551e-01 3.673834e-01 5.508366e-01 5.260873e-01 6.296930e-01 3.751984e-01 3.732318e-01 4.731617e-01 6.710404e-01 4.626620e-01 3.889105e-01 1.529889e-01 9.045874e-02 7.336412e-02 9.711562e-02 8.255460e-02 1.258933e-01 9.522051e-02 7.841317e-02 8.404312e-02 1.108414e-01 1.027447e-01 1.057141e-01 6.788423e-02 3.199549e-02
<GCONST> 1.008571e+02
<MIXTURE> 3 2.187260e-01
<MEAN> 52
 -1.188784e+01 3.822116e+00 6.775674e+00 -2.717976e+01 -1.201835e+01 -7.270617e+00 -1.832775e+01 -1.403029e+01 -8.422042e+00 -2.493498e-01 -1.640455e+01 -2.631743e+00 7.110703e+01 7.128984e-01 -7.955207e-01 -2.807846e-01 -2.100219e+00 1.256235e+00 8.722149e-01 -8.457670e-01 1.039982e+00 5.581293e-01 1.772048e-01 -1.274156e+00 5.202630e-01 4.047623e-01 -3.224811e-01 2.089386e-01 -6.201791e-01 1.114105e+00 3.214589e-01 1.095757e-01 2.718204e-01 1.692855e-01 1.654910e-01 -5.110819e-01 4.720960e-01 3.411141e-02 -2.965531e-01 1.969658e-01 1.634505e-02 1.880268e-01 1.100797e-01 -2.738681e-01 -2.584203e-01 -1.323544e-01 -2.370292e-01 -2.360044e-01 -1.437850e-01 1.295113e-02 -8.171026e-02 -7.420030e-03
<VARIANCE> 52
 1.034820e+01 1.128684e+01 1.421795e+01 2.609312e+01 1.493202e+01 1.967562e+01 3.351446e+01 3.333097e+01 2.249913e+01 4.057176e+01 3.372008e+01 1.843067e+01 1.145854e+01 5.085077e-01 6.876724e-01 2.001368e+00 3.603446e+00 1.093943e+00 1.420249e+00 1.802597e+00 3.129434e+00 2.465381e+00 3.567820e+00 2.788663e+00 1.976388e+00 3.265269e-01 2.702617e-01 1.523773e-01 4.593689e-01 2.791784e-01 3.277102e-01 5.668262e-01 4.456569e-01 4.024935e-01 4.578499e-01 3.783173e-01 4.257023e-01 2.975371e-01 3.062509e-02 4.797452e-02 4.379966e-02 8.528878e-02 1.213977e-01 4.008333e-02 6.993914e-02 1.005416e-01 9.826782e-02 8.805087e-02 1.472435e-01 1.117986e-01 7.603628e-02 1.011840e-02
<GCONST> 8.960568e+01
<STATE> 8
<NUMMIXES> 3
<MIXTURE> 1 4.469276e-01
<MEAN> 52
 -5.768933e+00 4.028799e+00 1.641049e+01 -7.893870e+00 -1.532215e+01 -2.436025e-01 -1.010681e+01 -5.656535e+00 -1.026785e+01 -1.375189e+00 3.864153e+00 -3.618926e+00 7.229340e+01 9.087037e-01 -6.195642e-01 -3.539596e-01 -1.163127e+00 -3.402392e-01 1.845338e+00 -3.658484e-01 -8.562740e-02 -3.096355e-01 1.016129e+00 3.477943e-01 -1.545828e+00 1.910110e-01 -6.075663e-01 2.036980e-01 -7.351505e-01 3.644420e-01 8.487598e-01 -2.442426e-01 4.793901e-01 -5.133245e-02 4.034860e-01 1.343449e-01 -4.670869e-01 -3.545504e-02 -4.108675e-01 2.456115e-01 5.625304e-02 2.103805e-01 2.939389e-01 -5.451159e-02 -2.840405e-01 -4.309873e-02 -2.182870e-02 -2.669671e-02 -1.839683e-01 -6.759493e-02 2.036679e-01 -2.023672e-02
<VARIANCE> 52
 1.237004e+01 2.109625e+01 2.562261e+01 4.875389e+01 3.036232e+01 5.693417e+01 3.517864e+01 4.492848e+01 3.917162e+01 4.745346e+01 2.648791e+01 3.153441e+01 1.279945e+01 5.950208e-01 9.346114e-01 1.563916e+00 2.049106e+00 2.688554e+00 2.219282e+00 2.510068e+00 2.196305e+00 2.091717e+00 2.373632e+00 2.343082e+00 1.740701e+00 4.527800e-01 3.062316e-01 1.755133e-01 4.000632e-01 5.664518e-01 5.304477e-01 6.265147e-01 3.837243e-01 4.150626e-01 3.609253e-01 5.159295e-01 3.266385e-01 4.028137e-01 8.468127e-02 2.779016e-02 4.482655e-02 5.926937e-02 7.408679e-02 1.044462e-01 8.496624e-02 1.031347e-01 1.001035e-01 9.837770e-02 8.667833e-02 9.017921e-02 7.264491e-02 2.139332e-02
<GCONST> 9.760063e+01
<MIXTURE> 2 3.219700e-01
<MEAN> 52
 -9.257392e+00 -1.276184e+00 4.501533e+00 -2.861370e+01 -6.660582e+00 -6.234342e+00 -2.257777e+01 -7.542092e+00 -6.992821e+00 -4.232098e+00 -1.872206e+01 -7.215933e-01 7.190849e+01 4.650672e-01 -5.210209e-01 -1.055114e-01 8.087397e-01 3.056759e-01 -1.163470e-01 -3.572979e-01 6.795040e-01 -2.692915e-01 -9.602490e-01 7.061836e-03 5.360757e-02 -3.019426e-01 2.823687e-03 4.163961e-02 2.914380e-03 2.532076e-01 -1.811049e-01 -1.514530e-01 1.487356e-01 -6.606648e-02 -4.524358e-02 4.618587e-02 9.847808e-02 -8.104556e-02 -9.793527e-02 1.402868e-02 1.136360e-02 -2.230890e-02 -8.446353e-02 -5.936874e-03 4.294346e-03 3.273751e-02 -2.898365e-02 1.072084e-02 7.193264e-02 -2.570204e-02 -4.041553e-03 6.465509e-03
<VARIANCE> 52
 6.016770e+00 9.435230e+00 1.190530e+01 2.583064e+01 1.790097e+01 4.115474e+01 2.100571e+01 7.074171e+01 1.531037e+01 4.794057e+01 3.449462e+01 2.241047e+01 4.571196e+00 9.371226e-02 1.469857e-01 4.173206e-01 7.351414e-01 8.816893e-01 9.784048e-01 1.069665e+00 9.891700e-01 5.813470e-01 1.343334e+00 7.138429e-01 4.904299e-01 9.241029e-02 1.900814e-02 2.721396e-02 8.816931e-02 1.191684e-01 9.331520e-02 1.293683e-01 1.387121e-01 2.014403e-01 1.582279e-01 1.581318e-01 1.219759e-01 1.041581e-01 6.767915e-03 4.298228e-03 6.104846e-03 1.737938e-02 3.058212e-02 1.937422e-02 2.842136e-02 2.585018e-02 2.996582e-02 2.850220e-02 3.278037e-02 2.862963e-02 2.088145e-02 1.627336e-03
<GCONST> 3.803479e+01
<MIXTURE> 3 2.311023e-01
<MEAN> 52
 -3.698383e+00 4.597430e+00 9.610137e+00 -7.582897e+00 -1.239806e+01 3.718220e-01 -1.044999e+01 -7.061371e+00 -9.407424e+00 4.000327e-01 -2.146909e+00 -5.521205e+00 7.099258e+01 1.209695e+00 -8.827707e-01 -1.784056e+00 2.339051e+00 9.397118e-01 -1.737710e+00 1.119966e+00 1.644779e-01 -3.862964e-01 -8.597782e-02 -3.562806e-01 -1.917721e-01 -5.572978e-01 -1.502526e-01 2.496682e-02 -1.589727e-01 5.928172e-01 3.298133e-01 -6.215389e-01 3.307843e-01 -3.497546e-02 2.599699e-01 -2.392782e-01 -1.910642e-01 3.451519e-01 -3.059477e-01 1.062808e-01 9.639402e-02 3.213239e-01 -3.590148e-01 -2.275346e-01 3.739669e-01 -2.952355e-01 -7.894850e-02 3.510755e-02 4.237891e-02 4.390839e-03 -2.842046e-02 7.757946e-02
<VARIANCE> 52
 1.195187e+01 2.175450e+01 3.316296e+01 8.597529e+01 3.692934e+01 5.018969e+01 9.433108e+01 8.188402e+01 6.016437e+01 7.479321e+01 9.944447e+01 3.881707e+01 9.995304e+00 7.582948e-01 6.649178e-01 1.196800e+00 1.569150e+00 3.087698e+00 2.782986e+00 2.281635e+00 2.600846e+00 2.881701e+00 2.637303e+00 2.718880e+00 3.220023e+00 5.429956e-01 2.685311e-01 1.834344e-01 2.493708e-01 4.712546e-01 5.302271e-01 6.050536e-01 7.116027e-01 8.423255e-01 8.348153e-01 5.734798e-01 6.513435e-01 6.336917e-01 5.742392e-02 6.303432e-02 3.526689e-02 5.915434e-02 7.296731e-02 1.268853e-01 1.370106e-01 1.038343e-01 1.292873e-01 1.191253e-01 1.021192e-01 1.132413e-01 1.201936e-01 1.959852e-02
<GCONST> 1.081645e+02
<STATE> 9
<NUMMIXES> 3
<MIXTURE> 1 3.224723e-01
<MEAN> 52
 -4.541083e+00 2.152234e+00 1.518413e+01 -1.138677e+01 -1.448120e+01 2.654004e+00 -1.030242e+01 -6.605240e+00 -9.340214e+00 2.186454e+00 1.091314e+00 -8.668377e+00 7.139649e+01 4.118357e-01 8.738323e-02 -5.779352e-01 5.407314e-01 9.354546e-01 -3.118654e-02 -2.277463e-01 1.894036e-01 5.489242e-01 -1.150898e-01 -9.177295e-01 -2.814603e-01 -6.354432e-01 1.470546e-02 6.791144e-02 -7.559912e-02 3.416972e-01 6.023320e-02 -4.461643e-01 1.211424e-01 1.423392e-01 -8.066983e-02 -2.297811e-01 4.913995e-02 2.571991e-01 -1.118504e-01 1.345659e-02 -1.910188e-02 2.834227e-02 -3.257787e-02 -8.248864e-02 4.550592e-02 6.350867e-02 -3.331205e-02 -4.733428e-02 4.841564e-02 7.704354e-02 -2.621204e-02 1.820249e-02
<VARIANCE> 52
 9.086463e+00 1.653178e+01 1.341278e+01 2.590395e+01 5.939946e+01 3.935516e+01 3.763723e+01 5.617735e+01 3.129803e+01 4.141160e+01 3.322464e+01 2.567329e+01 1.067162e+01 7.254945e-02 3.858430e-01 4.537629e-01 9.375119e-01 1.334694e+00 1.485464e+00 1.398282e+00 1.239712e+00 1.128380e+00 2.045381e+00 1.017197e+00 1.544348e+00 1.450226e-01 1.113531e-02 5.828571e-02 6.545164e-02 1.686627e-01 1.601391e-01 2.123211e-01 2.999463e-01 2.307941e-01 1.689227e-01 2.946713e-01 2.081616e-01 2.684532e-01 1.286687e-02 5.997127e-03 1.377016e-02 2.279129e-02 3.232387e-02 3.747190e-02 4.493954e-02 5.132572e-02 4.876259e-02 4.211387e-02 5.973307e-02 4.403039e-02 6.000338e-02 4.305205e-03
<GCONST> 5.979299e+01
<MIXTURE> 2 3.545643e-01
<MEAN> 52
 -4.650740e+00 -1.822291e-01 9.195623e-01 -1.607053e+01 -8.915721e+00 -9.684102e+00 -1.927423e+01 -7.310720e+00 -1.080333e+01 -1.127582e+01 -1.530402e+01 -4.594702e+00 6.419633e+01 2.475455e-01 1.390109e-01 -3.387820e-01 9.745470e-01 -1.231646e-01 -2.357226e-01 4.868280e-01 -2.368448e-01 -2.906737e-01 -2.763977e-01 4.043876e-01 -2.113248e-01 -7.649100e-01 -8.351059e-02 6.267398e-02 6.246373e-02 1.887862e-02 1.398075e-02 7.474976e-02 8.428176e-02 -8.511091e-02 -3.196136e-02 3.341591e-02 7.752294e-02 3.189906e-02 -3.746688e-02 -1.120223e-02 -2.669139e-02 3.990709e-03 4.854007e-03 3.342369e-02 1.174031e-02 -1.039044e-02 4.045957e-02 1.761566e-02 1.896110e-04 -6.917338e-03 1.977967e-02 1.257920e-02
<VARIANCE> 52
 9.453783e+00 1.913675e+01 1.681099e+01 5.130101e+01 4.121589e+01 4.030931e+01 3.448620e+01 3.592961e+01 2.151897e+01 7.759805e+01 4.093116e+01 2.709222e+01 3.743076e+01 2.543465e-01 4.665100e-01 8.591610e-01 1.292404e+00 1.149622e+00 1.285228e+00 1.333898e+00 1.424467e+00 1.300294e+00 1.514611e+00 1.164684e+00 8.791779e-01 1.962755e-01 2.881262e-02 8.161318e-02 1.219516e-01 2.262891e-01 1.975290e-01 2.492537e-01 2.003606e-01 2.235710e-01 2.362063e-01 2.294267e-01 2.321369e-01 1.598334e-01 2.297476e-02 6.504878e-03 1.316640e-02 3.140587e-02 4.700602e-02 4.148853e-02 4.798064e-02 4.526892e-02 5.786638e-02 6.274569e-02 4.902479e-02 5.583726e-02 3.392848e-02 4.565717e-03
<GCONST> 6.696575e+01
<MIXTURE> 3 3.229634e-01
<MEAN> 52
 -7.275160e-01 3.450253e+00 8.521045e+00 -1.192126e+00 -8.391315e+00 -3.195517e+00 -7.491196e+00 -4.776720e+00 -8.593819e+00 -2.177151e-01 -1.154537e+00 -6.875719e+00 6.757326e+01 7.692936e-01 6.793133e-02 -1.056055e+00 2.190801e+00 6.958928e-01 -1.243796e+00 1.015474e+00 -4.222066e-01 3.319420e-01 3.689473e-02 -8.661834e-01 2.878846e-01 -1.159527e+00 -2.217756e-01 1.032424e-01 2.439966e-01 -2.614377e-01 -8.749217e-02 4.425684e-01 -1.082326e-01 -2.288573e-01 2.526196e-01 7.713112e-02 -1.484179e-01 1.058838e-01 -4.693544e-02 -4.823054e-02 -4.979465e-02 7.995749e-02 -2.896377e-01 -2.345497e-02 2.022468e-01 -1.801312e-01 1.057095e-01 -1.202779e-02 -2.574631e-02 1.023179e-01 -6.264132e-02 1.002806e-01
<VARIANCE> 52
 1.082848e+01 2.022291e+01 3.107998e+01 5.270687e+01 3.459333e+01 4.300581e+01 5.046777e+01 4.077032e+01 6.035917e+01 5.258904e+01 5.053813e+01 3.476857e+01 1.498342e+01 4.272988e-01 1.074458e+00 8.797407e-01 1.482062e+00 1.564240e+00 2.300317e+00 2.338946e+00 2.801300e+00 3.064235e+00 2.642716e+00 2.737334e+00 2.667711e+00 3.897090e-01 8.501586e-02 1.324350e-01 1.809167e-01 3.528949e-01 3.140185e-01 4.061199e-01 4.621473e-01 4.181202e-01 5.367800e-01 4.762743e-01 4.730199e-01 4.130056e-01 5.965513e-02 2.621543e-02 3.947112e-02 3.725576e-02 6.038739e-02 7.470410e-02 8.888385e-02 9.365241e-02 1.105824e-01 1.194788e-01 9.906305e-02 1.119901e-01 1.014198e-01 1.000712e-02
<GCONST> 9.448858e+01
<STATE> 10
<NUMMIXES> 3
<MIXTURE> 1 5.848982e-01
<MEAN> 52
 -5.610294e-02 5.198265e+00 7.769896e+00 2.719490e+00 -4.524654e+00 -1.755823e+00 -4.406157e+00 -6.353070e+00 -6.363965e+00 -1.023218e-01 -3.945640e+00 -4.953469e+00 6.286845e+01 -3.802728e-01 -5.214104e-04 -6.539518e-02 1.796515e-01 9.715203e-01 6.221132e-01 2.269497e-01 2.759887e-01 7.795367e-01 -2.525151e-01 -4.674739e-01 2.410645e-01 -8.616429e-01 -2.082849e-01 -1.776197e-01 -5.619194e-02 -3.809961e-01 -1.140795e-01 3.739232e-02 -1.664370e-01 2.156526e-01 3.890213e-02 -9.553301e-03 2.148070e-01 2.148783e-02 7.199243e-02 4.001173e-02 -6.911160e-02 -1.049160e-01 2.264732e-02 -9.057746e-02 -1.522267e-01 -1.451838e-02 -8.499808e-03 -5.444772e-02 2.792207e-02 5.110892e-02 2.401087e-03 2.455662e-02
<VARIANCE> 52
 1.059241e+01 1.450857e+01 2.074782e+01 2.749249e+01 3.913549e+01 3.998430e+01 3.244254e+01 4.009798e+01 4.217787e+01 3.592256e+01 3.057661e+01 3.112122e+01 2.165040e+01 5.287918e-01 8.793542e-01 7.724081e-01 1.155105e+00 1.555350e+00 1.708468e+00 2.365454e+00 2.608737e+00 2.206731e+00 1.831770e+00 1.899205e+00 1.670756e+00 4.669858e-01 7.694875e-02 1.986832e-01 1.980812e-01 3.261928e-01 2.932631e-01 4.034079e-01 3.686330e-01 3.946047e-01 3.920636e-01 3.663726e-01 3.688790e-01 3.473153e-01 5.541313e-02 1.655090e-02 3.736811e-02 2.821460e-02 5.360214e-02 6.528755e-02 7.900908e-02 8.820722e-02 9.675793e-02 9.674282e-02 8.046576e-02 8.508215e-02 8.238115e-02 1.034681e-02
<GCONST> 8.627016e+01
<MIXTURE> 2 3.106094e-01
<MEAN> 52
 -3.353251e+00 -3.392273e+00 -2.846061e+00 -9.525965e+00 -6.776055e+00 -1.144116e+01 -1.205388e+01 -9.873965e+00 -1.360039e+01 -1.133238e+01 -9.132200e+00 -2.752791e+00 6.202297e+01 -1.172645e-01 -2.498012e-02 -1.869925e-01 1.089378e+00 1.443388e-01 3.158560e-02 2.344034e-01 -1.149619e-01 -1.175864e-01 -3.045383e-02 4.460309e-01 -1.360437e-01 -5.032030e-01 -1.284065e-01 -8.482935e-02 7.717106e-02 -8.276112e-02 4.609257e-02 1.622954e-01 -3.399873e-02 2.093236e-02 1.835330e-01 2.105428e-01 -7.389128e-02 2.632715e-02 6.133813e-02 1.173526e-02 -3.245619e-02 -6.379806e-03 -7.865898e-02 -4.782991e-03 8.250346e-04 3.641608e-02 6.760875e-02 5.856184e-02 2.749058e-02 -1.216021e-02 2.715542e-02 1.114521e-05
<VARIANCE> 52
 1.521829e+01 9.769480e+01 3.284926e+01 5.156150e+01 6.744304e+01 6.894241e+01 5.152805e+01 4.942605e+01 3.800611e+01 5.261343e+01 5.268858e+01 4.703430e+01 2.791665e+01 7.226387e-01 1.400114e+00 1.483174e+00 3.178593e+00 2.488856e+00 3.650371e+00 2.386611e+00 4.013505e+00 3.327380e+00 3.565707e+00 2.267191e+00 2.044646e+00 6.988789e-01 9.090272e-02 1.481437e-01 2.630812e-01 4.417000e-01 3.892603e-01 5.142066e-01 4.899176e-01 6.127561e-01 5.949384e-01 4.877421e-01 3.918809e-01 3.221382e-01 5.144264e-02 1.966609e-02 3.507071e-02 5.485414e-02 1.005599e-01 8.922254e-02 1.092980e-01 1.101393e-01 1.517010e-01 1.442612e-01 1.095794e-01 9.887282e-02 7.170907e-02 1.217578e-02
<GCONST> 1.047664e+02
<MIXTURE> 3 1.044924e-01
<MEAN> 52
 -7.487682e+00 2.257679e+00 4.324773e-01 -3.276845e+00 -5.624513e+00 -8.444591e+00 -1.263068e+01 -1.143278e+01 -1.317229e+01 -1.213328e+01 -1.000701e+01 -3.869270e+00 5.460443e+01 -1.255494e+00 -1.262528e+00 -5.848790e-01 3.397375e-01 1.049090e+00 1.702968e+00 2.137219e+00 1.600439e+00 1.968655e+00 1.694479e+00 1.261426e+00 6.323367e-01 -9.267588e-01 2.729055e-02 -2.047347e-01 -2.979629e-01 -5.193018e-01 -1.215104e-01 4.337112e-02 2.723994e-01 6.447484e-01 6.401575e-01 4.348232e-01 1.680984e-01 1.156804e-01 1.360626e-01 1.358051e-01 1.608353e-01 6.268512e-02 4.751845e-02 -8.462982e-02 -2.066324e-01 -2.320173e-01 -2.535985e-01 -2.570726e-01 -1.910136e-01 -4.598295e-02 -3.287534e-02 4.553732e-02
<VARIANCE> 52
 2.407367e+01 1.202152e+01 1.420659e+01 1.476450e+01 1.529149e+01 2.375136e+01 2.953691e+01 3.835492e+01 2.591261e+01 2.931261e+01 4.751731e+01 2.760141e+01 3.259369e+01 5.546872e-01 4.823383e-01 9.663932e-01 1.714319e+00 1.459466e+00 2.036458e+00 2.055627e+00 3.422029e+00 3.533790e+00 2.634893e+00 2.176949e+00 1.869360e+00 2.620992e-01 1.566603e-01 1.557829e-01 1.404166e-01 1.735313e-01 2.851759e-01 5.195792e-01 4.616182e-01 6.506226e-01 6.704476e-01 4.305019e-01 4.092107e-01 3.563737e-01 6.242724e-02 2.040579e-02 2.176418e-02 3.749617e-02 4.939859e-02 6.508386e-02 8.832739e-02 1.013372e-01 1.480201e-01 1.713877e-01 9.806288e-02 1.004006e-01 7.723794e-02 1.048722e-02
<GCONST> 8.797514e+01
<STATE> 11
<NUMMIXES> 3
<MIXTURE> 1 2.278567e-01
<MEAN> 52
 1.669464e+00 -2.455253e-01 5.626456e+00 2.315038e+00 -8.455815e+00 -3.660797e+00 -1.173239e+01 -7.083831e+00 -3.656034e+00 2.922089e-01 -3.892620e+00 -5.534472e+00 6.837830e+01 5.690465e-02 -8.863375e-01 -2.723313e-01 -3.695976e-01 -1.245505e-01 -1.499538e-01 -1.220059e+00 9.899518e-01 7.003001e-01 -2.763569e-01 3.832566e-01 4.268633e-01 5.316939e-01 -1.011283e-01 -1.039102e-01 1.271438e-01 -1.437582e-01 -3.150958e-01 -1.334016e-01 5.739909e-02 4.528130e-01 -9.291409e-02 -2.077867e-01 2.548225e-01 9.330489e-02 2.163167e-01 -1.662482e-02 6.850805e-02 6.314637e-02 6.044940e-02 -2.174744e-02 -1.188192e-02 1.225836e-01 -1.087582e-01 -3.249418e-02 1.862181e-02 -5.367304e-02 -2.850383e-02 -4.551239e-02
<VARIANCE> 52
 9.656144e+00 3.148881e+01 4.210969e+01 4.918156e+01 3.754826e+01 2.642767e+01 5.158667e+01 6.671291e+01 5.290645e+01 5.670865e+01 4.336885e+01 4.096169e+01 2.331702e+01 4.132544e-01 1.088542e+00 1.654442e+00 2.465279e+00 2.847919e+00 2.082083e+00 2.169994e+00 5.232860e+00 3.067475e+00 3.199754e+00 2.718437e+00 1.966537e+00 6.586480e-01 7.315838e-02 2.403757e-01 2.735359e-01 3.328305e-01 3.935547e-01 3.653146e-01 3.467436e-01 7.954981e-01 4.032770e-01 3.908277e-01 4.422084e-01 3.558802e-01 9.789939e-02 1.633292e-02 5.127356e-02 5.541295e-02 9.061925e-02 8.756824e-02 8.745117e-02 7.272359e-02 2.019965e-01 1.238823e-01 1.184510e-01 1.146880e-01 8.007713e-02 2.360599e-02
<GCONST> 1.011483e+02
<MIXTURE> 2 3.096749e-01
<MEAN> 52
 -6.208817e+00 1.760318e+00 3.596506e+00 -3.911600e-02 -6.661862e-01 9.367216e-01 -2.055196e+00 -1.340449e+00 -1.980209e+00 -1.448703e+00 -3.620222e+00 -2.823033e+00 5.633345e+01 -1.249428e+00 -1.573069e+00 -1.905271e+00 -1.753448e+00 -1.035748e+00 -8.934861e-01 -4.037853e-01 7.093699e-03 7.147936e-01 4.957107e-01 7.660646e-01 7.137883e-01 -8.586388e-01 1.151062e-01 -4.912512e-02 -5.867353e-02 -2.184921e-01 -3.083220e-01 -2.666295e-01 -3.310116e-01 -3.554005e-01 -2.703651e-01 -8.984804e-03 4.424794e-02 -1.417943e-01 1.753420e-01 1.314398e-01 2.137953e-01 2.281131e-01 3.011160e-01 2.237456e-01 1.591258e-01 1.465713e-01 4.775482e-02 -4.163724e-02 -1.181249e-01 -1.449081e-01 -9.003861e-02 1.813979e-02
<VARIANCE> 52
 1.216340e+01 1.333070e+01 2.558868e+01 2.365934e+01 2.844372e+01 3.046055e+01 3.258435e+01 3.454224e+01 2.793546e+01 2.596605e+01 2.064277e+01 1.949583e+01 1.492211e+01 4.638245e-01 8.661614e-01 8.423939e-01 1.493310e+00 1.597730e+00 2.047475e+00 2.328084e+00 2.742497e+00 2.403333e+00 1.975500e+00 1.837199e+00 1.635269e+00 3.647357e-01 1.041869e-01 2.940516e-01 2.536930e-01 4.145395e-01 4.012619e-01 4.592505e-01 4.672581e-01 4.302368e-01 4.434660e-01 3.823979e-01 3.809536e-01 3.171598e-01 6.503512e-02 1.710638e-02 3.760417e-02 2.997342e-02 6.470489e-02 6.232151e-02 9.266853e-02 1.060930e-01 1.012388e-01 9.302477e-02 7.464483e-02 7.555725e-02 7.818937e-02 1.115407e-02
<GCONST> 8.661374e+01
<MIXTURE> 3 4.624685e-01
<MEAN> 52
 -9.734496e+00 -2.110179e+00 -2.538343e+00 -4.939224e+00 -4.428457e+00 -3.080803e+00 -5.457775e+00 -4.064643e+00 -2.592475e+00 -2.298209e+00 -3.144625e+00 -2.264423e+00 5.500272e+01 -1.569021e-01 -3.129692e-01 -3.417459e-01 -1.426095e-01 -1.479298e-01 -5.772647e-02 1.703079e-01 8.601033e-02 1.701519e-01 1.392724e-01 1.753666e-01 3.837515e-02 -3.738416e-01 1.572830e-01 1.924150e-01 2.153081e-01 2.111997e-01 1.046479e-01 7.508819e-02 3.086115e-02 -1.167389e-02 -9.139405e-02 -7.249562e-02 -1.086749e-01 -7.796286e-02 8.902321e-02 -4.250710e-02 -2.663435e-02 -3.703542e-02 -1.890071e-02 1.112703e-02 1.225306e-02 1.083521e-02 2.271058e-02 3.893479e-02 2.057703e-02 2.457154e-02 3.949092e-02 -2.002863e-02
<VARIANCE> 52
 1.911603e+01 1.462945e+01 2.794775e+01 1.651452e+01 1.935828e+01 2.259656e+01 2.465132e+01 2.548358e+01 2.406594e+01 2.474627e+01 1.999002e+01 1.770281e+01 2.314058e+01 4.612942e-01 6.373866e-01 8.031088e-01 1.150667e+00 1.623504e+00 1.833540e+00 2.174779e+00 1.875202e+00 1.834545e+00 2.098996e+00 1.774842e+00 1.693199e+00 2.533383e-01 9.364405e-02 1.196629e-01 1.502139e-01 2.449690e-01 3.082356e-01 3.492379e-01 4.229347e-01 3.535029e-01 3.609726e-01 4.197155e-01 3.510161e-01 3.284182e-01 3.472190e-02 2.067122e-02 2.605960e-02 2.893144e-02 5.446103e-02 6.882761e-02 8.314734e-02 9.437054e-02 8.017558e-02 8.717901e-02 9.938022e-02 8.246613e-02 7.485351e-02 8.446359e-03
<GCONST> 7.956271e+01
<TRANSP> 12
 0.000000e+00 1.000000e+00 0.000000e+00 0.000000e+00 0.000000e+00 0.000000e+00 0.000000e+00 0.000000e+00 0.000000e+00 0.000000e+00 0.000000e+00 0.000000e+00
 0.000000e+00 8.030316e-01 1.969685e-01 0.000000e+00 0.000000e+00 0.000000e+00 0.000000e+00 0.000000e+00 0.000000e+00 0.000000e+00 0.000000e+00 0.000000e+00
 0.000000e+00 0.000000e+00 8.156203e-01 1.843797e-01 0.000000e+00 0.000000e+00 0.000000e+00 0.000000e+00 0.000000e+00 0.000000e+00 0.000000e+00 0.000000e+00
 0.000000e+00 0.000000e+00 0.000000e+00 8.267674e-01 1.732326e-01 0.000000e+00 0.000000e+00 0.000000e+00 0.000000e+00 0.000000e+00 0.000000e+00 0.000000e+00
 0.000000e+00 0.000000e+00 0.000000e+00 0.000000e+00 8.007557e-01 1.992443e-01 0.000000e+00 0.000000e+00 0.000000e+00 0.000000e+00 0.000000e+00 0.000000e+00
 0.000000e+00 0.000000e+00 0.000000e+00 0.000000e+00 0.000000e+00 8.335424e-01 1.664576e-01 0.000000e+00 0.000000e+00 0.000000e+00 0.000000e+00 0.000000e+00
 0.000000e+00 0.000000e+00 0.000000e+00 0.000000e+00 0.000000e+00 0.000000e+00 7.636771e-01 2.363229e-01 0.000000e+00 0.000000e+00 0.000000e+00 0.000000e+00
 0.000000e+00 0.000000e+00 0.000000e+00 0.000000e+00 0.000000e+00 0.000000e+00 0.000000e+00 7.638765e-01 2.361234e-01 0.000000e+00 0.000000e+00 0.000000e+00
 0.000000e+00 0.000000e+00 0.000000e+00 0.000000e+00 0.000000e+00 0.000000e+00 0.000000e+00 0.000000e+00 8.371802e-01 1.628198e-01 0.000000e+00 0.000000e+00
 0.000000e+00 0.000000e+00 0.000000e+00 0.000000e+00 0.000000e+00 0.000000e+00 0.000000e+00 0.000000e+00 0.000000e+00 8.190912e-01 1.809088e-01 0.000000e+00
 0.000000e+00 0.000000e+00 0.000000e+00 0.000000e+00 0.000000e+00 0.000000e+00 0.000000e+00 0.000000e+00 0.000000e+00 0.000000e+00 8.019786e-01 1.980214e-01
 0.000000e+00 0.000000e+00 0.000000e+00 0.000000e+00 0.000000e+00 0.000000e+00 0.000000e+00 0.000000e+00 0.000000e+00 0.000000e+00 0.000000e+00 0.000000e+00
<ENDHMM>
