~o
<STREAMINFO> 1 13
<VECSIZE> 13<NULLD><MFCC_0><DIAGC>
~h "芯"
<BEGINHMM>
<NUMSTATES> 6
<STATE> 2
<MEAN> 13
 -7.405080e+00 5.305739e+00 -1.110054e+00 -5.455617e+00 -2.333228e+00 -1.071123e+01 -5.705630e+00 -2.340091e+00 2.950560e-01 -7.119778e+00 -4.626637e+00 -8.638286e+00 6.080051e+01
<VARIANCE> 13
 1.200091e+01 4.048788e+00 1.553221e+00 9.755905e+00 7.991387e+00 4.527061e+01 4.041125e+00 2.258564e+01 8.036877e+00 1.730383e+00 3.081882e+01 2.838297e+01 1.257117e+00
<GCONST> 5.053399e+01
<STATE> 3
<MEAN> 13
 -4.367345e+00 1.097530e+01 -6.081946e+00 -1.659249e+01 -3.681956e+00 -2.228928e+01 -2.569378e+00 -1.834014e+00 -7.706441e+00 -2.436398e+00 -4.269125e+00 -6.727682e+00 6.901805e+01
<VARIANCE> 13
 1.403076e+00 4.996508e+00 9.255979e+00 8.004831e+00 1.080012e+01 1.807738e+01 6.058009e+00 1.575230e+01 6.583860e+00 1.389406e+01 1.280188e+01 4.694242e+00 2.912479e+00
<GCONST> 4.965872e+01
<STATE> 4
<MEAN> 13
 -9.534799e-01 5.240307e+00 3.184764e+00 -8.264419e+00 -6.910686e+00 -9.622093e+00 -5.180561e+00 -8.704565e+00 -2.855936e+00 -7.365951e+00 -7.797238e+00 -6.245669e+00 6.170191e+01
<VARIANCE> 13
 1.838753e+00 8.225807e+00 1.293305e+01 1.605210e+01 2.757668e+01 2.251888e+01 1.064026e+01 7.050392e+00 2.045633e+01 1.502476e+01 1.883023e+01 1.018890e+01 7.697499e+00
<GCONST> 5.571909e+01
<STATE> 5
<MEAN> 13
 -5.748016e+00 -3.505471e+00 3.136454e+00 -4.538240e+00 6.223349e-01 -7.283728e+00 1.480667e+00 -4.927498e+00 1.343612e+00 8.232622e-01 -5.664197e+00 -2.829179e+00 5.624947e+01
<VARIANCE> 13
 2.998249e+00 8.250577e+00 5.874966e+00 6.938282e+00 8.308949e+00 9.745358e+00 1.576071e+01 1.699356e+01 2.811482e+01 8.791616e+00 1.414014e+01 2.764338e+01 1.438794e+00
<GCONST> 5.263525e+01
<TRANSP> 6
 0.000000e+00 1.000000e+00 0.000000e+00 0.000000e+00 0.000000e+00 0.000000e+00
 0.000000e+00 4.999976e-01 5.000025e-01 0.000000e+00 0.000000e+00 0.000000e+00
 0.000000e+00 0.000000e+00 8.861067e-01 1.138934e-01 0.000000e+00 0.000000e+00
 0.000000e+00 0.000000e+00 0.000000e+00 8.745864e-01 1.254136e-01 0.000000e+00
 0.000000e+00 0.000000e+00 0.000000e+00 0.000000e+00 7.998501e-01 2.001499e-01
 0.000000e+00 0.000000e+00 0.000000e+00 0.000000e+00 0.000000e+00 0.000000e+00
<ENDHMM>
