~o
<STREAMINFO> 1 13
<VECSIZE> 13<NULLD><MFCC_0><DIAGC>
~h "dd"
<BEGINHMM>
<NUMSTATES> 6
<STATE> 2
<MEAN> 13
 -6.273804e+00 2.570575e+00 9.027433e+00 -5.321186e+00 -1.536777e+01 -2.406323e+00 -1.051759e+01 -7.027967e+00 -9.987957e+00 -3.250734e+00 -1.467306e+00 -3.518430e+00 6.935903e+01
<VARIANCE> 13
 2.671196e+01 2.460315e+01 7.888535e+01 9.316560e+01 6.791039e+01 4.906410e+01 9.082288e+01 5.775679e+01 5.939915e+01 5.975300e+01 1.035918e+02 4.888389e+01 3.592607e+01
<GCONST> 7.624510e+01
<STATE> 3
<MEAN> 13
 1.789807e+00 5.731391e+00 6.711623e+00 4.853195e+00 -1.176400e+01 -2.156811e+00 -7.236474e+00 -1.102477e+01 -8.707556e+00 3.066497e+00 -4.817509e+00 -5.776546e+00 6.543010e+01
<VARIANCE> 13
 1.030688e+01 1.730604e+01 1.921908e+01 3.226588e+01 4.503050e+01 3.752238e+01 3.976296e+01 3.566182e+01 4.312469e+01 3.994424e+01 3.648491e+01 3.542339e+01 1.765128e+01
<GCONST> 6.768214e+01
<STATE> 4
<MEAN> 13
 2.778405e-01 -1.030295e+00 -3.972153e+00 -1.212258e+01 -7.685323e+00 -1.574684e+00 -1.381137e+01 -6.083255e+00 -7.615475e+00 -3.653557e+00 -4.363407e+00 -5.218014e+00 6.855889e+01
<VARIANCE> 13
 1.553585e+01 3.025106e+01 4.420266e+01 5.224773e+01 5.024184e+01 1.006630e+02 6.578146e+01 8.085574e+01 1.015642e+02 7.610672e+01 8.137375e+01 4.796646e+01 7.214978e+01
<GCONST> 7.639862e+01
<STATE> 5
<MEAN> 13
 -5.050233e-01 3.765050e+00 3.834026e+00 -8.798749e-01 -5.362705e+00 1.647184e+00 -4.803038e+00 -7.509627e+00 -5.120533e+00 -2.384025e-01 -4.744881e+00 -3.442128e+00 6.321369e+01
<VARIANCE> 13
 2.628068e+01 2.134295e+01 3.137092e+01 3.324615e+01 4.213330e+01 4.016504e+01 4.906899e+01 4.800713e+01 4.455326e+01 4.292932e+01 2.717689e+01 2.509754e+01 4.136782e+01
<GCONST> 7.017407e+01
<TRANSP> 6
 0.000000e+00 1.000000e+00 0.000000e+00 0.000000e+00 0.000000e+00 0.000000e+00
 0.000000e+00 8.970610e-01 1.029390e-01 0.000000e+00 0.000000e+00 0.000000e+00
 0.000000e+00 0.000000e+00 8.926191e-01 1.073809e-01 0.000000e+00 0.000000e+00
 0.000000e+00 0.000000e+00 0.000000e+00 9.302050e-01 6.979501e-02 0.000000e+00
 0.000000e+00 0.000000e+00 0.000000e+00 0.000000e+00 9.066743e-01 9.332570e-02
 0.000000e+00 0.000000e+00 0.000000e+00 0.000000e+00 0.000000e+00 0.000000e+00
<ENDHMM>
