~o
<STREAMINFO> 1 13
<VECSIZE> 13<NULLD><MFCC_0><DIAGC>
~h "rx"
<BEGINHMM>
<NUMSTATES> 6
<STATE> 2
<MEAN> 13
 -2.636513e+00 -1.561071e+00 8.597486e+00 -2.348203e+00 -1.288583e+01 -6.183088e+00 -1.562094e+01 -3.725188e+00 -6.440663e+00 -2.667448e+00 -2.815921e+00 -2.353896e+00 7.074207e+01
<VARIANCE> 13
 2.613075e+01 4.393661e+01 6.344483e+01 8.563823e+01 6.095747e+01 5.291568e+01 5.177560e+01 7.472590e+01 7.560251e+01 4.860918e+01 6.882742e+01 3.868626e+01 3.943864e+01
<GCONST> 7.564932e+01
<STATE> 3
<MEAN> 13
 -2.302945e+01 8.952122e+00 4.529227e+00 -4.009652e+00 -2.866734e+00 -4.097967e+00 -1.736115e+00 -4.272397e+00 -2.450063e+00 -1.114824e+00 -1.215981e+00 2.840692e-01 6.783438e+01
<VARIANCE> 13
 4.773181e+01 2.660104e+01 5.393422e+01 3.043761e+01 2.668611e+01 2.903336e+01 3.105406e+01 3.177487e+01 2.419738e+01 2.601429e+01 2.290988e+01 2.127018e+01 1.730018e+01
<GCONST> 6.747387e+01
<STATE> 4
<MEAN> 13
 -3.939489e+00 4.656169e+00 1.136240e+01 -7.871435e+00 -1.310876e+01 -1.061445e+00 -1.081093e+01 -7.416609e+00 -1.051304e+01 -8.097931e-01 -1.579577e+00 -4.927647e+00 7.008802e+01
<VARIANCE> 13
 1.735834e+01 2.239117e+01 4.989331e+01 8.449964e+01 3.325681e+01 6.316692e+01 6.490846e+01 7.450822e+01 4.554657e+01 7.495483e+01 7.704411e+01 4.426629e+01 1.204622e+01
<GCONST> 7.309468e+01
<STATE> 5
<MEAN> 13
 -1.844868e+00 2.351728e+00 3.891610e+00 -5.547637e-01 -4.811272e+00 -2.638706e+00 -7.031090e+00 -5.308203e+00 -5.290869e+00 -1.700977e+00 -4.585541e+00 -3.803181e+00 6.127604e+01
<VARIANCE> 13
 1.994091e+01 2.945314e+01 4.004310e+01 6.482255e+01 4.340168e+01 5.252961e+01 6.779404e+01 4.958184e+01 4.960307e+01 4.521550e+01 3.614311e+01 3.366956e+01 4.947953e+01
<GCONST> 7.270268e+01
<TRANSP> 6
 0.000000e+00 1.000000e+00 0.000000e+00 0.000000e+00 0.000000e+00 0.000000e+00
 0.000000e+00 9.321390e-01 6.786101e-02 0.000000e+00 0.000000e+00 0.000000e+00
 0.000000e+00 0.000000e+00 9.129096e-01 8.709045e-02 0.000000e+00 0.000000e+00
 0.000000e+00 0.000000e+00 0.000000e+00 8.758330e-01 1.241670e-01 0.000000e+00
 0.000000e+00 0.000000e+00 0.000000e+00 0.000000e+00 9.095128e-01 9.048720e-02
 0.000000e+00 0.000000e+00 0.000000e+00 0.000000e+00 0.000000e+00 0.000000e+00
<ENDHMM>
